1	2	0	0.9999994239372958	2.0229599120401665e-06	
1	1	0	0.9999994239373056	2.02295987909054e-06	
1	1	0.2	0.9999992966014597	2.8322949557508223e-06	
1	1	0.4	0.9999993209122044	3.2703436759884883e-06	
1	1	0.6	0.9999996513715319	2.334553141631558e-06	
1	1	0.8	1.0			0.0	
1	1	1	1.0			0.0	
1	1.25	0	0.9999994239372938	2.0229599187293704e-06	
1	1.25	0.2	0.9988977321415037	0.0004344108559838999	
1	1.25	0.4	0.995544290053793	0.0015386004321610667	
1	1.25	0.6	0.9904683653396186	0.003121168093887676	
1	1.25	0.8	0.9844071186878383	0.004874377129232825	
1	1.25	1	0.9782546702639101	0.006450371685499548	
1	1.5	0	0.9999994239372964	2.022959910000764e-06	
1	1.5	0.2	0.9941749685667816	0.0018866649993352204	
1	1.5	0.4	0.9778162020573146	0.006680515412048816	
1	1.5	0.6	0.9545208697780048	0.012620594834180533	
1	1.5	0.8	0.9288514584641437	0.0176965070759657	
1	1.5	1	0.9015774888626092	0.019379245043643165	
1	1.75	0	0.9999994239372977	2.022959908035881e-06	
1	1.75	0.2	0.9841807796901046	0.004882593781255376	
1	1.75	0.4	0.9425633801894304	0.016087041709457486	
1	1.75	0.6	0.8890787520320785	0.02703206509681597	
1	1.75	0.8	0.8348914921191977	0.03196710595293786	
1	1.75	1	0.7921078037086374	0.03034199282535326	
1	2	0.2	0.9671823414311655	0.009794763612358724	
1	2	0.4	0.8880970745413361	0.02879374205248068	
1	2	0.6	0.7996105909888058	0.0416013297000834	
1	2	0.8	0.7238391692582643	0.041520468548603674	
1	2	1	0.6750660117440591	0.03133473349675505	
1	2.25	0	0.9999994239373077	2.0229598721601e-06	
1	2.25	0.2	0.9417634689682634	0.016755608537279854	
1	2.25	0.4	0.8165967315794946	0.04237907313517863	
1	2.25	0.6	0.6960244347866331	0.05078625682447303	
1	2.25	0.8	0.6130647395686931	0.042462748337675764	
1	2.25	1	0.5715560990806619	0.023229648417393133	
1	2.5	0	0.9999994239372936	2.0229599194789848e-06	
1	2.5	0.2	0.9071257563553939	0.02554059540718447	
1	2.5	0.4	0.7336013954945325	0.05396208738270702	
1	2.5	0.6	0.5942306123331879	0.053885803445057806	
1	2.5	0.8	0.5153892191055659	0.03623750758644972	
1	2.5	1	0.4911287063478116	0.014171732177610199	
1	2.75	0	0.9999994239373082	2.0229598683935464e-06	
1	2.75	0.2	0.8633447449783872	0.035528221990090335	
1	2.75	0.4	0.6461065107465812	0.0614568976825115	
1	2.75	0.6	0.5015540686287085	0.05108108506115946	
1	2.75	0.8	0.43601166678419817	0.026124803004547264	
1	2.75	1	0.4347823871309476	0.023927877812796292	
1	3	0	0.9999994239372928	2.022959920631709e-06	
1	3	0.2	0.811446989605006	0.04578988494337581	
1	3	0.4	0.5605603609758923	0.06421055913114726	
1	3	0.6	0.42227461870137467	0.044452337829859544	
1	3	0.8	0.37523858400671783	0.015970115057714146	
1	3	1	0.4018055314227628	0.047993633987096954	
1.25	1	0	0.9877704661291251	6.725197155308635e-05	
1.25	1	0.2	0.9878826501569403	0.00012482479885565138	
1.25	1	0.4	0.9880906750996112	0.00022037237754710101	
1.25	1	0.6	0.9884365862605952	0.0003668864373371924	
1.25	1	0.8	0.9890116801235553	0.0005868603556548517	
1.25	1	1	0.9899355098549012	0.000900143978807689	
1.25	1.25	0	0.9877704661254424	6.725197196428215e-05	
1.25	1.25	0.2	0.987921845781627	0.0001430526994550669	
1.25	1.25	0.4	0.9882425779026417	0.00028738984566830414	
1.25	1.25	0.6	0.9888327441860166	0.0005204064227375809	
1.25	1.25	0.8	0.9899355504900011	0.0009003818979648596	
1.25	1.25	1	0.9876546284186184	1.130766319935193e-06	
1.25	1.5	0	0.9877704661281499	6.725197165218098e-05	
1.25	1.5	0.2	0.9854087778494091	0.0009331468566069106	
1.25	1.5	0.4	0.9786281984944524	0.003180335929450326	
1.25	1.5	0.6	0.9689082534906576	0.006137845671264126	
1.25	1.5	0.8	0.9548934033632946	0.007975972726639607	
1.25	1.5	1	0.9428127567826342	0.009316098157540767	
1.25	1.75	0	0.987770466121451	6.725197161632866e-05	
1.25	1.75	0.2	0.9788968105122738	0.002932399765479701	
1.25	1.75	0.4	0.9549044325745384	0.009861025067420098	
1.25	1.75	0.6	0.9230353888064984	0.017386398621804775	
1.25	1.75	0.8	0.8865638304417821	0.020955276431678885	
1.25	1.75	1	0.8579253063190398	0.02065495493972018	
1.25	2	0	0.9877704661280827	6.725197166389452e-05	
1.25	2	0.2	0.9669062365953986	0.006496885817680174	
1.25	2	0.4	0.9143949939039443	0.020127342635628317	
1.25	2	0.6	0.8491663281030264	0.030171976704212247	
1.25	2	0.8	0.7928087810678891	0.032289751099129946	
1.25	2	1	0.7541905027082962	0.025240798927128237	
1.25	2.25	0	0.9877704661288241	6.725197160319339e-05	
1.25	2.25	0.2	0.9480721643054391	0.011855471098664876	
1.25	2.25	0.4	0.8572073274625441	0.03249535799781209	
1.25	2.25	0.6	0.7605691366158429	0.04176254245968141	
1.25	2.25	0.8	0.6902647407390455	0.036938365105831004	
1.25	2.25	1	0.6538131981486576	0.02083226191242159	
1.25	2.5	0	0.9877704661291785	6.725197166148432e-05	
1.25	2.5	0.2	0.9214005585108356	0.01899580025531908	
1.25	2.5	0.4	0.7865729600148093	0.044623059936465495	
1.25	2.5	0.6	0.6656880269680219	0.04820075728189612	
1.25	2.5	0.8	0.593358171688385	0.03407225653804621	
1.25	2.5	1	0.5705122228952845	0.013628807622932846	
1.25	2.75	0	0.9877704661281858	6.725197171474834e-05	
1.25	2.75	0.2	0.8864970932538493	0.027597887011136104	
1.25	2.75	0.4	0.7078061170519222	0.054222933685557445	
1.25	2.75	0.6	0.5741112586516305	0.048778647989036424	
1.25	2.75	0.8	0.5103395488922994	0.026054529957657134	
1.25	2.75	1	0.5090717972398329	0.023918750647305684	
1.25	3	0	0.9877704661205233	6.725197176078741e-05	
1.25	3	0.2	0.8436755043697534	0.03704043369099781	
1.25	3	0.4	0.6268305593403933	0.05993080433884742	
1.25	3	0.6	0.49197223893037695	0.04466711511977248	
1.25	3	0.8	0.4440981971443531	0.01655779166707175	
1.25	3	1	0.4710152087157642	0.048435654281267546	
1.5	1	0	0.9602621926738021	0.00014000263904998943	
1.5	1	0.2	0.960495797805436	0.0002452245731441572	
1.5	1	0.4	0.9608756148814245	0.0004021872440953281	
1.5	1	0.6	0.9614983685759443	0.0006308039888128218	
1.5	1	0.8	0.9600003919153723	7.264178619454566e-07	
1.5	1	1	0.9599998742954352	2.3444910702277108e-07	
1.5	1.25	0	0.960262192645675	0.00014000263546141506	
1.5	1.25	0.2	0.9614845047632734	0.0001629804607287668	
1.5	1.25	0.4	0.964728370779936	0.0007441716654623278	
1.5	1.25	0.6	0.9699629804405464	0.0017008736981055043	
1.5	1.25	0.8	0.9730156826830396	0.0035549958035386996	
1.5	1.25	1	0.9788474695201157	0.004726022206567252	
1.5	1.5	0	0.9602621926403896	0.00014000263601877394	
1.5	1.5	0.2	0.9606568072340873	0.00031441812163108396	
1.5	1.5	0.4	0.9615103687474061	0.0006354212235003343	
1.5	1.5	0.6	0.959999917106198	1.4471825107563369e-07	
1.5	1.5	0.8	0.9600003910793167	1.0734215409649818e-06	
1.5	1.5	1	0.9600022698653493	2.8185244286929696e-05	
1.5	1.75	0	0.9602621926455616	0.00014000263540959955	
1.5	1.75	0.2	0.9568536648424646	0.0015027645020498812	
1.5	1.75	0.4	0.9472382882626359	0.004834869837907235	
1.5	1.75	0.6	0.9302166898732833	0.0076675982144833255	
1.5	1.75	0.8	0.9141335529058143	0.010051913464678399	
1.5	1.75	1	0.9001485515386165	0.010321295642074336	
1.5	2	0	0.9602621926404202	0.00014000263601386624	
1.5	2	0.2	0.9488146156250755	0.003975588987749946	
1.5	2	0.4	0.9188340918084189	0.012603873560630856	
1.5	2	0.6	0.876576671722942	0.019244769062977823	
1.5	2	0.8	0.8396342321939773	0.02163121910998704	
1.5	2	1	0.813372294928412	0.017601754229066086	
1.5	2.25	0	0.9602621926736874	0.0001400026390184516	
1.5	2.25	0.2	0.9352874063890729	0.007970210325326726	
1.5	2.25	0.4	0.8750763630651779	0.02312559916210991	
1.5	2.25	0.6	0.8032910906584401	0.031179811563286745	
1.5	2.25	0.8	0.7493359155255248	0.029072694703927527	
1.5	2.25	1	0.7205372867667176	0.017024037005015306	
1.5	2.5	0	0.960262192680621	0.00014000263837704528	
1.5	2.5	0.2	0.915266434947424	0.013586980983906089	
1.5	2.5	0.4	0.8139874611654256	0.03362998713149418	
1.5	2.5	0.6	0.7188059632107605	0.03989378953725645	
1.5	2.5	0.8	0.6575076219048913	0.02963096597445672	
1.5	2.5	1	0.637712534047195	0.01211229744142713	
1.5	2.75	0	0.9602621926345785	0.0001400026322874799	
1.5	2.75	0.2	0.8880846276685638	0.020715469170157725	
1.5	2.75	0.4	0.7455733930423193	0.044000332666211346	
1.5	2.75	0.6	0.6323007493061383	0.04354496420489646	
1.5	2.75	0.8	0.574433092367619	0.024265569830065916	
1.5	2.75	1	0.5732391207136701	0.022163237869980392	
1.5	3	0	0.9602621926474235	0.00014000263484367602	
1.5	3	0.2	0.853636136963374	0.028975879986098362	
1.5	3	0.4	0.6717799177587525	0.051638193264529855	
1.5	3	0.6	0.5509327777310314	0.04220836817382098	
1.5	3	0.8	0.5054066446141073	0.016264973264672265	
1.5	3	1	0.5307797440789179	0.04595153741196636	
1.75	1	0	0.9261682537231121	0.0002680681345443411	
1.75	1	0.2	0.9265913165211576	0.0004374674652899241	
1.75	1	0.4	0.9272698648699982	0.0006818429645588041	
1.75	1	0.6	0.9256194098168038	9.805989133957528e-07	
1.75	1	0.8	0.9256204205877316	1.428766222202313e-06	
1.75	1	1	0.9256194452924992	8.427773115715256e-07	
1.75	1.25	0	0.926168253716152	0.0002680681352450031	
1.75	1.25	0.2	0.9283107068237973	0.0003093749690414259	
1.75	1.25	0.4	0.9339755034264168	0.0013798628370499065	
1.75	1.25	0.6	0.9391961761150869	0.003953504775346926	
1.75	1.25	0.8	0.948513390922149	0.006312527987751625	
1.75	1.25	1	0.9589498037508642	0.008453039971168592	
1.75	1.5	0	0.9261682537200834	0.00026806813458941735	
1.75	1.5	0.2	0.9287860930828228	0.00036765839181534534	
1.75	1.5	0.4	0.9330436928289957	0.0022072530688379216	
1.75	1.5	0.6	0.9414274535734346	0.004453735629374662	
1.75	1.5	0.8	0.9515505080566639	0.006673115915001602	
1.75	1.5	1	0.9619671072378021	0.00806976561819543	
1.75	1.75	0	0.9261682536443724	0.0002680681197064056	
1.75	1.75	0.2	0.9270762577992714	0.0006131491793769094	
1.75	1.75	0.4	0.9256191444961923	4.644349042834932e-07	
1.75	1.75	0.6	0.9256204125310129	1.7113625104703997e-06	
1.75	1.75	0.8	0.9256220594191785	7.732796216485866e-05	
1.75	1.75	1	0.9256574136725986	0.00012605544459759406	
1.75	2	0	0.926168253714034	0.00026806813198087815	
1.75	2	0.2	0.922092363499339	0.002154729295028704	
1.75	2	0.4	0.9064785694923818	0.0053292631273063355	
1.75	2	0.6	0.8880892581516712	0.009073496580210299	
1.75	2	0.8	0.8702467739948034	0.010750868039927211	
1.75	2	1	0.8572364168435179	0.009223779933889847	
1.75	2.25	0	0.9261682536205879	0.0002680681184608795	
1.75	2.25	0.2	0.9127910872175006	0.005022381845886235	
1.75	2.25	0.4	0.873749632167948	0.013609019142055754	
1.75	2.25	0.6	0.8301268657902021	0.020307072348590405	
1.75	2.25	0.8	0.794139619211958	0.019972654066944075	
1.75	2.25	1	0.774310694375307	0.011988214081782139	
1.75	2.5	0	0.9261682537229418	0.00026806813447544727	
1.75	2.5	0.2	0.8981468011619058	0.00932826533646646	
1.75	2.5	0.4	0.8275243527597547	0.023765524983876407	
1.75	2.5	0.6	0.7576310909809402	0.03027050613965234	
1.75	2.5	0.8	0.7101895773102043	0.023656246339341675	
1.75	2.5	1	0.6944746292755531	0.009880198499551903	
1.75	2.75	0	0.9261682536442075	0.00026806811962054854	
1.75	2.75	0.2	0.8774299829384368	0.015076212025930952	
1.75	2.75	0.4	0.7699900564592751	0.03409910660793933	
1.75	2.75	0.6	0.6786583382445777	0.0363951569382552	
1.75	2.75	0.8	0.6296301549655734	0.021167257283155196	
1.75	2.75	1	0.6288494473179723	0.018691982799107634	
1.75	3	0	0.9261682537191029	0.0002680681357413831	
1.75	3	0.2	0.8502246299962697	0.02207137352544286	
1.75	3	0.4	0.7048710997596377	0.04287516858859584	
1.75	3	0.6	0.6006498343585085	0.03775355254042989	
1.75	3	0.8	0.5595463758817909	0.014984053953372385	
1.75	3	1	0.5823310971612163	0.041105953444196194	
2	1	0	0.8899555995239038	0.0004707662547005113	
2	1	0.2	0.890697790279166	0.0007279501140152088	
2	1	0.4	0.8888885075972408	6.210694386441254e-07	
2	1	0.6	0.8888881115659525	1.7931449526744458e-06	
2	1	0.8	0.8888904570152665	3.478941390705325e-06	
2	1	1	0.8888915859856744	2.8011085092362637e-05	
2	1.25	0	0.8899555994665591	0.0004707662302622455	
2	1.25	0.2	0.8929694533705397	0.0005174534179712003	
2	1.25	0.4	0.8971162712403443	0.002486006566975483	
2	1.25	0.6	0.9067948796670785	0.005240934552168815	
2	1.25	0.8	0.9192051382297888	0.008404966957880946	
2	1.25	1	0.9332206569320033	0.011345345761560318	
2	1.5	0	0.8899555994665295	0.0004707662302769965	
2	1.5	0.2	0.8944722872203934	0.0006912955626776868	
2	1.5	0.4	0.9018849338858045	0.003890607957942407	
2	1.5	0.6	0.9167791747029074	0.007965022847117142	
2	1.5	0.8	0.9350738810482521	0.012078101616503394	
2	1.5	1	0.9542796337333735	0.01496990515246257	
2	1.75	0	0.889955599473034	0.00047076622973057827	
2	1.75	0.2	0.8918239112408388	0.0008964062481364522	
2	1.75	0.4	0.9001405925179169	0.0033052746802344044	
2	1.75	0.6	0.912393482538572	0.006355071993143777	
2	1.75	0.8	0.9263294148358558	0.008739192648623759	
2	1.75	1	0.9393931515177443	0.009051717735761572	
2	2	0	0.889955599529903	0.00047076625408759397	
2	2	0.2	0.8888898863715164	1.961834290537368e-06	
2	2	0.4	0.8888894012362147	5.171321522357093e-07	
2	2	0.6	0.8888958778644691	7.027058828126274e-05	
2	2	0.8	0.8889555685654142	0.00025188528706817775	
2	2	1	0.889053079894204	0.00046599493548225265	
2	2.25	0	0.8899555995298378	0.00047076625404886746	
2	2.25	0.2	0.8824838637525128	0.0019194769257330033	
2	2.25	0.4	0.865889370523395	0.006218139256141849	
2	2.25	0.6	0.845358169871444	0.009889436207419921	
2	2.25	0.8	0.8277110436732896	0.010267474459987219	
2	2.25	1	0.8176219310858363	0.006492395265567482	
2	2.5	0	0.8899555994668155	0.0004707662304153669	
2	2.5	0.2	0.8717141006982552	0.005048593986226181	
2	2.5	0.4	0.8303383692211316	0.014804870259415686	
2	2.5	0.6	0.7853114696254806	0.02024351698995527	
2	2.5	0.8	0.753251703725422	0.01661040169179299	
2	2.5	1	0.7423711367144261	0.007103782144057493	
2	2.75	0	0.8899555995296787	0.0004707662539751265	
2	2.75	0.2	0.8558189348904482	0.009484766339718228	
2	2.75	0.4	0.7832260274324898	0.024465328024769868	
2	2.75	0.6	0.7152899362530395	0.028005359705614134	
2	2.75	0.8	0.6770289126306782	0.01699668001091999	
2	2.75	1	0.6764668872959155	0.014666379633453288	
2	3	0	0.8899555995239234	0.0004707662547265895	
2	3	0.2	0.8342956800201278	0.015167002407034247	
2	3	0.4	0.7271594713478287	0.03364065573498455	
2	3	0.6	0.6424646172300919	0.03188690870860745	
2	3	0.8	0.6075872703858047	0.013083932135864203	
2	3	1	0.62673038779602		0.034701311044002967	
2.25	1	0	0.8540267720220001	0.0007727494875468999	
2.25	1	0.2	0.8520708041482857	4.818261337513457e-07	
2.25	1	0.4	0.8520705666854693	8.633599126175204e-07	
2.25	1	0.6	0.8520719759974273	2.7388564443191367e-06	
2.25	1	0.8	0.852075089527872	2.922739478680409e-05	
2.25	1	1	0.8520796989825331	8.396363210653806e-05	
2.25	1.25	0	0.8540267720219955	0.0007727494876215125	
2.25	1.25	0.2	0.8545317111189739	0.0007570513622618344	
2.25	1.25	0.4	0.8617425868315387	0.002930175463282472	
2.25	1.25	0.6	0.8731744475493906	0.006170311187489735	
2.25	1.25	0.8	0.8879246011307166	0.00995007880793768	
2.25	1.25	1	0.904717492176092	0.01353002022533455	
2.25	1.5	0	0.8540267720170179	0.0007727494882985036	
2.25	1.5	0.2	0.8564587915891473	0.0013483054104591029	
2.25	1.5	0.4	0.8692319544207017	0.005167432947651051	
2.25	1.5	0.6	0.8891492605904192	0.010648868266706007	
2.25	1.5	0.8	0.9140209086982447	0.016422600934686598	
2.25	1.5	1	0.9405422745907596	0.020736604809879194	
2.25	1.75	0	0.8540267719019455	0.0007727493907671143	
2.25	1.75	0.2	0.8572005428403062	0.0015716170637980094	
2.25	1.75	0.4	0.871898581334156	0.0058826401132452315	
2.25	1.75	0.6	0.894009628495889	0.011540782838261784	
2.25	1.75	0.8	0.919853439391652	0.016355344552141497	
2.25	1.75	1	0.9441984346698975	0.017798897339284376	
2.25	2	0	0.854026771909461	0.0007727493900858497	
2.25	2	0.2	0.8560085177651745	0.0012008399787213073	
2.25	2	0.4	0.8669750482451943	0.004281013206630834	
2.25	2	0.6	0.8825093789365024	0.007743889355953182	
2.25	2	0.8	0.898904552366717	0.009503577720977919	
2.25	2	1	0.9115405414153938	0.008147983801596502	
2.25	2.25	0	0.8540267718993225	0.0007727493910097765	
2.25	2.25	0.2	0.852071073519954	1.9043684874394608e-07	
2.25	2.25	0.4	0.8520724225349791	6.953423729324334e-05	
2.25	2.25	0.6	0.8521422155927076	0.000272552446222158	
2.25	2.25	0.8	0.8522222204472758	0.00042874178997680246	
2.25	2.25	1	0.8522708412981694	0.0007166387047728032	
2.25	2.5	0	0.8540267719091484	0.0007727493900010876	
2.25	2.5	0.2	0.8445803017667688	0.0022263523742734634	
2.25	2.5	0.4	0.8258223358496808	0.006946387281730591	
2.25	2.5	0.6	0.8043465153771381	0.01017205000258287	
2.25	2.5	0.8	0.7882308968906935	0.008765003398494564	
2.25	2.5	1	0.7824783521631157	0.003543665686151275	
2.25	2.75	0	0.8540267719509091	0.0007727494516357169	
2.25	2.75	0.2	0.8328029044083617	0.00561061742312073	
2.25	2.75	0.4	0.7882949184947365	0.01555600894545404	
2.25	2.75	0.6	0.7439378619420984	0.019090534647848743	
2.25	2.75	0.8	0.7177227238654611	0.011993668373386496	
2.25	2.75	1	0.7170561910670213	0.01061401163654026	
2.25	3	0	0.8540267719087237	0.0007727493898960797	
2.25	3	0.2	0.8161725420825764	0.010176193556346452	
2.25	3	0.4	0.7411125694511119	0.02456348263243398	
2.25	3	0.6	0.6773945433042312	0.024866702205437675	
2.25	3	0.8	0.6501164952651739	0.010646812592707814	
2.25	3	1	0.6649407215642352	0.027028391332251964	
2.5	1	0	0.8163268349979547	7.774129943759456e-07	
2.5	1	0.2	0.8163262626444948	9.77206874734051e-07	
2.5	1	0.4	0.8163266883290274	6.709350349700527e-07	
2.5	1	0.6	0.8163268641966018	6.470957703099171e-05	
2.5	1	0.8	0.8163297722285793	0.0001424208536491079	
2.5	1	1	0.816355645575848	0.00015503436127749	
2.5	1.25	0	0.8163268350043684	7.77413839442721e-07	
2.5	1.25	0.2	0.8190505493746671	0.0008395520756112712	
2.5	1.25	0.4	0.8270489016793813	0.00323263183667703	
2.5	1.25	0.6	0.8397787557129656	0.006842572269669736	
2.5	1.25	0.8	0.8563014560127581	0.011140696066322144	
2.5	1.25	1	0.8752769737392865	0.015127075887278836	
2.5	1.5	0	0.8163268349698481	7.776481644456952e-07	
2.5	1.5	0.2	0.8214888969607207	0.0015901265347481389	
2.5	1.5	0.4	0.8365889306746195	0.006080505470880567	
2.5	1.5	0.6	0.860373375631546	0.012712635639140313	
2.5	1.5	0.8	0.8904962881422616	0.019802570912245927	
2.5	1.5	1	0.9228731688258026	0.025419544382594344	
2.5	1.75	0	0.8163268349789338	7.776492602318689e-07	
2.5	1.75	0.2	0.8230971260260028	0.002081030569092517	
2.5	1.75	0.4	0.8426831921439701	0.007815447434226823	
2.5	1.75	0.6	0.8726184407477665	0.01586379964298928	
2.5	1.75	0.8	0.9084853513611756	0.022873913197341233	
2.5	1.75	1	0.9428743168065258	0.025491549996592554	
2.5	2	0	0.8163268350042002	7.774138265481554e-07	
2.5	2	0.2	0.8232432124107647	0.0021182919365460356	
2.5	2	0.4	0.8428178965110342	0.007681942868702509	
2.5	2	0.6	0.8713692322760795	0.014372643651689963	
2.5	2	0.8	0.9021160552086159	0.018631401904448085	
2.5	2	1	0.9267379004039701	0.016350034831085207	
2.5	2.25	0	0.8163268349978269	7.774129273451809e-07	
2.5	2.25	0.2	0.8212271492617644	0.001490620175464598	
2.5	2.25	0.4	0.8346158002936066	0.005056148575132132	
2.5	2.25	0.6	0.8527491492961548	0.008470361084083644	
2.5	2.25	0.8	0.8696202679630821	0.00915404124861102	
2.5	2.25	1	0.8795225714737698	0.00612562505109223	
2.5	2.5	0	0.8163268349983838	7.774131636639094e-07	
2.5	2.5	0.2	0.8163297690989358	1.618514198191876e-05	
2.5	2.5	0.4	0.8163580746431105	0.00014667275142455193	
2.5	2.5	0.6	0.8164860131248174	0.0004399612442508995	
2.5	2.5	0.8	0.8165172693478271	0.0007030951750370242	
2.5	2.5	1	0.8163252879513088	2.136652877750603e-06	
2.5	2.75	0	0.8163268349698376	7.776481840774615e-07	
2.5	2.75	0.2	0.8078612884754036	0.002515767745460321	
2.5	2.75	0.4	0.7874649356048493	0.007490860610519566	
2.5	2.75	0.6	0.765891818739717	0.009814228966447156	
2.5	2.75	0.8	0.7526573522586556	0.0067374465061116415	
2.5	2.75	1	0.7521690143512937	0.005459659469029653	
2.5	3	0	0.8163268349699572	7.776481945461772e-07	
2.5	3	0.2	0.7952375816218485	0.00612199330956558	
2.5	3	0.4	0.7487023117905527	0.015936976745017418	
2.5	3	0.6	0.7064555920879778	0.017169707846767274	
2.5	3	0.8	0.6874959581831632	0.007088196845045719	
2.5	3	1	0.6977725863470488	0.018479671112532414	
2.75	1	0	0.7822210322779193	1.967326645661224e-07	
2.75	1	0.2	0.7822206930055937	4.442753906644506e-06	
2.75	1	0.4	0.7822267535126717	4.7610306739696583e-05	
2.75	1	0.6	0.7822357051428929	0.00015019081113768325	
2.75	1	0.8	0.7822632398708756	0.00019072746834265298	
2.75	1	1	0.7823350239324527	0.0002401281749889498	
2.75	1.25	0	0.7822210322779951	1.9673264551194558e-07	
2.75	1.25	0.2	0.7851373060211777	0.0008885396604020089	
2.75	1.25	0.4	0.7937006245027792	0.0034148687335215787	
2.75	1.25	0.6	0.8073920798118993	0.007262649284225125	
2.75	1.25	0.8	0.8252743565691685	0.011811598625677608	
2.75	1.25	1	0.8457540002631926	0.016358857884795724	
2.75	1.5	0	0.7822210322779173	1.967326471282087e-07	
2.75	1.5	0.2	0.7879523156872829	0.0017388397721838408	
2.75	1.5	0.4	0.8047906031973231	0.006759705101141946	
2.75	1.5	0.6	0.8315522746962047	0.014190542843719064	
2.75	1.5	0.8	0.8657011243948185	0.02260106104696941	
2.75	1.5	1	0.9029484727478795	0.02931757016990102	
2.75	1.75	0	0.7822210321815837	1.9667782930255927e-07	
2.75	1.75	0.2	0.7902193047822498	0.0024331625030574685	
2.75	1.75	0.4	0.8135492735778541	0.009323665642250588	
2.75	1.75	0.6	0.8498554400041188	0.019072181532174878	
2.75	1.75	0.8	0.8938547361466103	0.02846581688177368	
2.75	1.75	1	0.9370728859845728	0.032285171487080905	
2.75	2	0	0.7822210322835417	1.9673281060677265e-07	
2.75	2	0.2	0.7913980740489746	0.0027746419100001503	
2.75	2	0.4	0.8177307991006906	0.010359412468535346	
2.75	2	0.6	0.8569946429791953	0.020030960697083815	
2.75	2	0.8	0.9005153251782958	0.026753350295287845	
2.75	2	1	0.9362072246670368	0.02403475082303946	
2.75	2.25	0	0.7822210322748044	1.967324978064499e-07	
2.75	2.25	0.2	0.7908824569483806	0.002579403848678781	
2.75	2.25	0.4	0.8150568718301745	0.009241575705271007	
2.75	2.25	0.6	0.8486836379949461	0.016358848775893418	
2.75	2.25	0.8	0.8813237846872317	0.018345274816176132	
2.75	2.25	1	0.9010196737313404	0.01222181850249598	
2.75	2.5	0	0.7822210321123125	1.9669256416798448e-07	
2.75	2.5	0.2	0.7880404194556918	0.0017019456723325911	
2.75	2.5	0.4	0.8036387724027031	0.0056035762906088025	
2.75	2.5	0.6	0.8232589165291885	0.008768313161187749	
2.75	2.5	0.8	0.8389460770807741	0.008363915238479867	
2.75	2.5	1	0.8446113701871283	0.0037109519254435713	
2.75	2.75	0	0.782221032283621	1.9673289940519202e-07	
2.75	2.75	0.2	0.7822324962976357	8.995698431904678e-05	
2.75	2.75	0.4	0.782394855048408	0.000418639540947157	
2.75	2.75	0.6	0.7824017814430918	0.0006120966604260896	
2.75	2.75	0.8	0.782218936415994	4.524485761956215e-06	
2.75	2.75	1	0.7822192840880927	2.9996963096035752e-06	
2.75	3	0	0.7822210321891327	1.9672965480943316e-07	
2.75	3	0.2	0.772891542058369	0.002826105787484668	
2.75	3	0.4	0.7513641961256751	0.007909391304756859	
2.75	3	0.6	0.7305029717870861	0.009086377131674884	
2.75	3	0.8	0.7207095619833196	0.003679426604372196	
2.75	3	1	0.7259244409040906	0.009393913090227217	
3	1	0	0.7500021157050657	2.4540279691442335e-05	
3	1	0.2	0.7500019536784919	7.669187475272517e-05	
3	1	0.4	0.7500194927937358	0.00010264491640348082	
3	1	0.6	0.750039936269568	7.502373621606723e-05	
3	1	0.8	0.7501596341891895	0.0003483091072969545	
3	1	1	0.7501290856439948	0.0003450999584283225	
3	1.25	0	0.750002115716482	2.454027837785481e-05	
3	1.25	0.2	0.7530481858637764	0.0008687420436302877	
3	1.25	0.4	0.7620260989410752	0.0035289060636424893	
3	1.25	0.6	0.776441546067208	0.00750347243723086	
3	1.25	0.8	0.7952116195206889	0.012472253376152313	
3	1.25	1	0.816862830287523	0.0173727242157293	
3	1.5	0	0.7500021159317081	2.4540063824795447e-05	
3	1.5	0.2	0.7561463726579127	0.0018234945728211477	
3	1.5	0.4	0.7742823551287514	0.007177819456930236	
3	1.5	0.6	0.8032725516484616	0.015412084145305729	
3	1.5	0.8	0.8405819322381136	0.024812930289839535	
3	1.5	1	0.8817861849207752	0.03249547387399884	
3	1.75	0	0.7500021159227414	2.454006521891183e-05	
3	1.75	0.2	0.758913466854415	0.0026526891229521976	
3	1.75	0.4	0.7851128774202075	0.010420482309933136	
3	1.75	0.6	0.8263327940667412	0.021772224393195844	
3	1.75	0.8	0.8772063409379375	0.03311566265592864	
3	1.75	1	0.9280832256333779	0.038182875321179685	
3	2	0	0.7500021159227223	2.4540065123357027e-05	
3	2	0.2	0.7608915203215456	0.003239402161654879	
3	2	0.4	0.7925232271010899	0.012481531204227733	
3	2	0.6	0.8405744816834207	0.024850525884976982	
3	2	0.8	0.8953196407233075	0.03395270319506412	
3	2	1	0.9408011392559023	0.0323621302492729	
3	2.25	0	0.7500021155810503	2.4540249697314006e-05	
3	2.25	0.2	0.761561162007908	0.003433487391677324	
3	2.25	0.4	0.7943691628353236	0.012662498428147994	
3	2.25	0.6	0.8413313479360617	0.0233188641960668	
3	2.25	0.8	0.888501782476322	0.02696106531498776	
3	2.25	1	0.9175712881586473	0.018191081905484786	
3	2.5	0	0.7500021159225728	2.4540065260325056e-05	
3	2.5	0.2	0.7603562902008539	0.0030180138640457407	
3	2.5	0.4	0.7886804629582508	0.010533126482417662	
3	2.5	0.6	0.8258591714691035	0.017294362224631845	
3	2.5	0.8	0.8568207646690745	0.016668935395541047	
3	2.5	1	0.8681315311725282	0.007513914851477259	
3	2.75	0	0.750002115845032	2.4540225423768335e-05	
3	2.75	0.2	0.7567005590252255	0.0018477135599325029	
3	2.75	0.4	0.7740876542051348	0.0060112848347132096	
3	2.75	0.6	0.7944267151827443	0.008370349682023149	
3	2.75	0.8	0.8076049912280026	0.006181169709434142	
3	2.75	1	0.8078544035119307	0.005667606268795847	
3	3	0	0.7500021158533279	2.4540198030108044e-05	
3	3	0.2	0.750058206088629	0.00020610720183657138	
3	3	0.4	0.7501487000437944	0.00047132485321188267	
3	3	0.6	0.7499985351760378	2.1793849875984657e-06	
3	3	0.8	0.7499983944517868	9.55106596289238e-07	
3	3	1	0.7499991463751633	1.3835111294656263e-06	
3.25	1	0	0.7197287518483363	7.082419405524748e-05	
3.25	1	0.2	0.7197459915818641	0.00013651090325359877	
3.25	1	0.4	0.7197948820203364	0.00021417173720918926	
3.25	1	0.6	0.7198442866037204	0.00028923323430998327	
3.25	1	0.8	0.71985969984235		0.00039216224152957156	
3.25	1	1	0.7198575629516579	0.00044375971649328425	
3.25	1.25	0	0.7197287518452942	7.082419333491807e-05	
3.25	1.25	0.2	0.7228808431218723	0.0008413170447702263	
3.25	1.25	0.4	0.7321633590691555	0.003558285351846239	
3.25	1.25	0.6	0.747001974893577	0.007750603317793018	
3.25	1.25	0.8	0.766447255510554	0.01288690674300442	
3.25	1.25	1	0.7890096786853257	0.017985501112156403	
3.25	1.5	0	0.7197287517483507	7.082417041357687e-05	
3.25	1.5	0.2	0.7261837544696484	0.001855233348752626	
3.25	1.5	0.4	0.7452765980160261	0.007457730014803486	
3.25	1.5	0.6	0.775886778957904	0.016300083865425714	
3.25	1.5	0.8	0.8156804982183374	0.026537624076932186	
3.25	1.5	1	0.8600806598691089	0.03505582345834564	
3.25	1.75	0	0.7197287518384082	7.082419477690127e-05	
3.25	1.75	0.2	0.7293310955535767	0.002834768649211433	
3.25	1.75	0.4	0.7576849250217478	0.01123369164902059	
3.25	1.75	0.6	0.8027736952007554	0.02390846951524924	
3.25	1.75	0.8	0.8593456649566557	0.03698250661360067	
3.25	1.75	1	0.9164900301993683	0.0444031170695594	
3.25	2	0	0.7197287518383411	7.082419406567617e-05	
3.25	2	0.2	0.7319415893888402	0.0035584409325530647	
3.25	2	0.4	0.7676648786119608	0.014086186934188673	
3.25	2	0.6	0.8229595496338593	0.028838503341796426	
3.25	2	0.8	0.887194832273649	0.04129637174534189	
3.25	2	1	0.9420735649261973	0.039162703778109244	
3.25	2.25	0	0.7197287518384019	7.082419441064614e-05	
3.25	2.25	0.2	0.7335481999747493	0.00400566264312699	
3.25	2.25	0.4	0.773212417866918	0.015439623687136828	
3.25	2.25	0.6	0.8316055729813083	0.029392888668468294	
3.25	2.25	0.8	0.8916970145627651	0.03616279453993763	
3.25	2.25	1	0.9299792844421958	0.023951354225065558	
3.25	2.5	0	0.7197287518383955	7.082419456912361e-05	
3.25	2.5	0.2	0.7336538911692996	0.003985724814780968	
3.25	2.5	0.4	0.7723837609256543	0.014695559984807439	
3.25	2.5	0.6	0.8251808458277502	0.02511141961030387	
3.25	2.5	0.8	0.8706972737509237	0.024791120034397797	
3.25	2.5	1	0.8875099303127387	0.0113317100209226	
3.25	2.75	0	0.7197287518400197	7.082419476108456e-05	
3.25	2.75	0.2	0.7317506529719419	0.0033222488755225406	
3.25	2.75	0.4	0.7636226089388805	0.011557501936198485	
3.25	2.75	0.6	0.8024534987749027	0.017937889578090605	
3.25	2.75	0.8	0.8291031240809587	0.012443251876518803	
3.25	2.75	1	0.8296218482165114	0.011440151999235388	
3.25	3	0	0.7197287519180828	7.082406215959325e-05	
3.25	3	0.2	0.7273047092077186	0.0019114654697121379	
3.25	3	0.4	0.746086055328567	0.00623458075576715	
3.25	3	0.6	0.7659762525950703	0.00847078065553973	
3.25	3	0.8	0.7757929028758668	0.0038811587681380666	
3.25	3	1	0.7705182463348798	0.009533725558012084	
3.5	1	0	0.691387361276573	0.00013325713961539568	
3.5	1	0.2	0.6914539190720943	0.00023639396143595125	
3.5	1	0.4	0.6914994908122196	0.0003521152400733899	
3.5	1	0.6	0.6914889086276285	0.0003954968173956733	
3.5	1	0.8	0.6914951222994232	0.000502415634216308	
3.5	1	1	0.6915289446386217	0.0006024206373421826	
3.5	1.25	0	0.6913873612781386	0.00013325713914248086	
3.5	1.25	0.2	0.694640795791974	0.0007605396121964319	
3.5	1.25	0.4	0.7040570022110164	0.0035273871101762604	
3.5	1.25	0.6	0.7191928930437061	0.007860144486131714	
3.5	1.25	0.8	0.7391218564006863	0.013118769773346311	
3.5	1.25	1	0.7621202146881967	0.01909665154622074	
3.5	1.5	0	0.6913873612865371	0.00013325713870703405	
3.5	1.5	0.2	0.6980896046491842	0.0017819237021100324	
3.5	1.5	0.4	0.7177810429000376	0.007689028728009592	
3.5	1.5	0.6	0.7496218518681119	0.016905738058023544	
3.5	1.5	0.8	0.7911613581148443	0.02847723004755215	
3.5	1.5	1	0.83803238600779		0.038025654915441964	
3.5	1.75	0	0.6913873612905209	0.00013325713815838985	
3.5	1.75	0.2	0.7015279578923149	0.0028092094163955548	
3.5	1.75	0.4	0.7314276030932038	0.011849397097318188	
3.5	1.75	0.6	0.7795572238060101	0.025608085400355154	
3.5	1.75	0.8	0.8405714141926736	0.04106232737021515	
3.5	1.75	1	0.9035350437971987	0.04901353362224502	
3.5	2	0	0.6913873612767247	0.00013325714010177956	
3.5	2	0.2	0.7045949799768545	0.003790110751028996	
3.5	2	0.4	0.7434508463568136	0.015401314764276038	
3.5	2	0.6	0.8045245233590003	0.032800587308082906	
3.5	2	0.8	0.8773309928801519	0.04709605071377644	
3.5	2	1	0.9405008936004177	0.0453977766361172	
3.5	2.25	0	0.6913873612767192	0.00013325714007165812	
3.5	2.25	0.2	0.7069233446624849	0.004467655792467959	
3.5	2.25	0.4	0.7520551542462338	0.01769004864535581	
3.5	2.25	0.6	0.819984110743352	0.03548643461356955	
3.5	2.25	0.8	0.8922408817237372	0.043829780125764856	
3.5	2.25	1	0.9389201189437538	0.029454887366180883	
3.5	2.5	0	0.6913873614398374	0.00013325704734174008	
3.5	2.5	0.2	0.7080630440619137	0.0047635703797624055	
3.5	2.5	0.4	0.7553411324390252	0.01816469456700951	
3.5	2.5	0.6	0.821683440119933	0.03317499715133715	
3.5	2.5	0.8	0.8812024509937606	0.03265268939451696	
3.5	2.5	1	0.9033488251853197	0.015124494561290431	
3.5	2.75	0	0.6913873611703074	0.00013325695390359232	
3.5	2.75	0.2	0.7075426161783734	0.004542483183239564	
3.5	2.75	0.4	0.751652427177118	0.016362387415071317	
3.5	2.75	0.6	0.8076398452112719	0.026318206616505607	
3.5	2.75	0.8	0.8472701179013233	0.018747969701087875	
3.5	2.75	1	0.8480242766220497	0.01719557660588462	
3.5	3	0	0.6913873612766623	0.0001332571400402652	
3.5	3	0.2	0.7048937443353527	0.003662953769169031	
3.5	3	0.4	0.7396525999505995	0.012932009897109123	
3.5	3	0.6	0.7787647420964173	0.016863902993729304	
3.5	3	0.8	0.7984706953042403	0.007899959177739085	
3.5	3	1	0.7879336615360589	0.019044447441327616	
3.75	1	0	0.6649491537476487	0.00029144778200414044	
3.75	1	0.2	0.6649531766103609	0.00033368180694691733	
3.75	1	0.4	0.6649544815175449	0.00039151952919071176	
3.75	1	0.6	0.6649668715157788	0.000483470661807493	
3.75	1	0.8	0.6649929871189595	0.0005981900495831046	
3.75	1	1	0.6650335622851647	0.0007197174261092921	
3.75	1.25	0	0.664949153866328	0.00029144791896037884	
3.75	1.25	0.2	0.6681607102971486	0.0006652769078252771	
3.75	1.25	0.4	0.677663236228684	0.0034989961055879987	
3.75	1.25	0.6	0.6929990980134773	0.007851785568658294	
3.75	1.25	0.8	0.7130584457320068	0.013890773250170331	
3.75	1.25	1	0.736642866997095	0.01948072534870885	
3.75	1.5	0	0.6649491538936448	0.0002914480567345391	
3.75	1.5	0.2	0.6717027183265432	0.001755063274747376	
3.75	1.5	0.4	0.6918361863035385	0.007786823566212319	
3.75	1.5	0.6	0.7244145791018993	0.017918436945727836	
3.75	1.5	0.8	0.7675323569409872	0.029550568711192125	
3.75	1.5	1	0.8164150821772173	0.039774668925722276	
3.75	1.75	0	0.6649491537474151	0.0002914477814665678	
3.75	1.75	0.2	0.6753482454412122	0.002877031080220698	
3.75	1.75	0.4	0.706425826428698	0.012283031634959663	
3.75	1.75	0.6	0.7567695932679614	0.027596305127348782	
3.75	1.75	0.8	0.8217228413816715	0.04384040420942218	
3.75	1.75	1	0.8894934601775226	0.05301296579976328	
3.75	2	0	0.6649491537481207	0.00029144778299906746	
3.75	2	0.2	0.6787871552529952	0.00391947162178312	
3.75	2	0.4	0.7200981125330173	0.01638503193463151	
3.75	2	0.6	0.7859828589074449	0.035643256314262683	
3.75	2	0.8	0.8660451424919025	0.05218729989874353	
3.75	2	1	0.9366794304662244	0.05108763300804969	
3.75	2.25	0	0.6649491538932485	0.0002914480569509037	
3.75	2.25	0.2	0.6816918616428438	0.004794208144334329	
3.75	2.25	0.4	0.7310618996608859	0.020092801060998464	
3.75	2.25	0.6	0.8073636716229283	0.040200022308202236	
3.75	2.25	0.8	0.8904319917105545	0.05088771078961789	
3.75	2.25	1	0.9449625143810982	0.034678468865009894	
3.75	2.5	0	0.6649491538663348	0.0002914479197957849	
3.75	2.5	0.2	0.6836669975238563	0.005362153496393657	
3.75	2.5	0.4	0.7377972752049803	0.021702685699186677	
3.75	2.5	0.6	0.8164186183014769	0.03977497501525184	
3.75	2.5	0.8	0.8888686000326342	0.04020994365969463	
3.75	2.5	1	0.9160952604842267	0.01876822587943292	
3.75	2.75	0	0.6649491539019036	0.0002914480535595924	
3.75	2.75	0.2	0.6842985744213651	0.005501862651512965	
3.75	2.75	0.4	0.7384732752957012	0.021217094380001692	
3.75	2.75	0.6	0.8102847136111551	0.03422745997313999	
3.75	2.75	0.8	0.8624696274419161	0.02498396615656011	
3.75	2.75	1	0.8634513438254171	0.02290518500176794	
3.75	3	0	0.6649491538932708	0.00029144805652241243	
3.75	3	0.2	0.683139478269705	0.005069569561028701	
3.75	3	0.4	0.7317433968168815	0.018405946158441013	
3.75	3	0.6	0.7888081535783198	0.025073071924570495	
3.75	3	0.8	0.8183378409748944	0.011997071119868188	
3.75	3	1	0.8026224311628211	0.02846837453049385	
4	1	0	0.6401252093445057	0.0003509359531363493	
4	1	0.2	0.6401268195128677	0.00041175330541104856	
4	1	0.4	0.6401439080401825	0.0005092774144723215	
4	1	0.6	0.640173307997099	0.0006064749844460662	
4	1	0.8	0.6399992685170993	1.9161178975021874e-06	
4	1	1	0.640000831003098	1.781221950026196e-06	
4	1.25	0	0.6401252092954575	0.00035093596527886755	
4	1.25	0.2	0.6433599857810376	0.0005997526576655472	
4	1.25	0.4	0.652914342377339	0.00339528196740278	
4	1.25	0.6	0.6681825365852248	0.008423195800151533	
4	1.25	0.8	0.6885626648137214	0.014021123575481078	
4	1.25	1	0.7124162898880376	0.019715985983527185	
4	1.5	0	0.6401252093787921	0.0003509360852076224	
4	1.5	0.2	0.6469781736306761	0.0017063114856626285	
4	1.5	0.4	0.6674004689683121	0.007842140206063278	
4	1.5	0.6	0.7005710573202049	0.018301674781605257	
4	1.5	0.8	0.744756594439038	0.030355959492276173	
4	1.5	1	0.7952260481125328	0.041167306728743774	
4	1.75	0	0.6401252093417399	0.00035093595328016984	
4	1.75	0.2	0.6507796546809586	0.0028757272656903705	
4	1.75	0.4	0.6825726648512587	0.013126173960957749	
4	1.75	0.6	0.7348248000800078	0.02866195433150076	
4	1.75	0.8	0.802880068375328	0.046144728262268876	
4	1.75	1	0.8747312177768909	0.05645508512790972	
4	2	0	0.6401252091224184	0.00035093605094052403	
4	2	0.2	0.6545099574113159	0.004021163128202455	
4	2	0.4	0.6975390379391616	0.01775299496163121	
4	2	0.6	0.7674652522661498	0.03799817371320803	
4	2	0.8	0.8537620053386056	0.05665677849614678	
4	2	1	0.9310782661755682	0.056254546508116246	
4	2.25	0	0.6401252091245448	0.000350936051525558	
4	2.25	0.2	0.6578722209735981	0.005031152667840022	
4	2.25	0.4	0.7106929189735854	0.021666446301845346	
4	2.25	0.6	0.7939582146938163	0.04428892454808002	
4	2.25	0.8	0.8867389525305237	0.057369038509591706	
4	2.25	1	0.9485729083669105	0.03958418223556339	
4	2.5	0	0.6401252092630765	0.00035093609037428676	
4	2.5	0.2	0.6605214166443248	0.005818559003096515	
4	2.5	0.4	0.7203454915716271	0.024215810495088395	
4	2.5	0.6	0.809600827883784	0.045727224805875946	
4	2.5	0.8	0.8941037294302197	0.04739630208063809	
4	2.5	1	0.926212548065014	0.022431857126532184	
4	2.75	0	0.6401252091220615	0.0003509360506397481	
4	2.75	0.2	0.6620825073158012	0.006231468743339271	
4	2.75	0.4	0.7248102119535463	0.0248801864857069	
4	2.75	0.6	0.8108332845083255	0.04164560512353304	
4	2.75	0.8	0.875104315013261	0.031127012720806188	
4	2.75	1	0.8762827010356554	0.02849967421670113	
4	3	0	0.640125209262982	0.0003509360905366684	
4	3	0.2	0.6621653447778483	0.0061750560164182886	
4	3	0.4	0.7226177659642153	0.02327380133510205	
4	3	0.6	0.7964897493389297	0.033035660954576565	
4	3	0.8	0.8356944318063819	0.016101983160718633	
4	3	1	0.8148921623759963	0.03764983272666977	
4.25	1	0	0.6169139357286891	0.0004250728714379126	
4.25	1	0.2	0.6169304242579766	0.0005145784323655612	
4.25	1	0.4	0.6169631973839592	0.0006358099296648541	
4.25	1	0.6	0.6167788011168811	1.508666397732051e-06	
4.25	1	0.8	0.6167807802592634	6.475650120527379e-06	
4.25	1	1	0.6167833425118836	8.683213500459075e-06	
4.25	1.25	0	0.6169139359810493	0.0004250724091557679	
4.25	1.25	0.2	0.6201537198278597	0.000524004816771079	
4.25	1.25	0.4	0.6297284542251238	0.003314755051212079	
4.25	1.25	0.6	0.6449881300587045	0.0084488820770427	
4.25	1.25	0.8	0.6654385689811122	0.01408618955152553	
4.25	1.25	1	0.6894524496889125	0.01987028520881388	
4.25	1.5	0	0.6169139360172582	0.00042507241616582015	
4.25	1.5	0.2	0.6238201896967559	0.0016294123432994332	
4.25	1.5	0.4	0.6442389051834657	0.008447375692057292	
4.25	1.5	0.6	0.6779422919977803	0.01854598047100675	
4.25	1.5	0.8	0.722895911548007	0.030957791971720397	
4.25	1.5	1	0.774587523485597	0.04226997925192745	
4.25	1.75	0	0.6169139359251232	0.0004250725857916824	
4.25	1.75	0.2	0.6277348065618822	0.0028254064485238968	
4.25	1.75	0.4	0.6600893888752961	0.013407690996483819	
4.25	1.75	0.6	0.713696032625817	0.029511166479426587	
4.25	1.75	0.8	0.784235779525979	0.048037780430969484	
4.25	1.75	1	0.8595470850439908	0.05942730817062413	
4.25	2	0	0.616913935933164	0.0004250725845009135	
4.25	2	0.2	0.6316858513371422	0.004052029648264299	
4.25	2	0.4	0.6760901286960479	0.01840971653729294	
4.25	2	0.6	0.74915752798253		0.03994416497242102	
4.25	2	0.8	0.8407938255000257	0.0605524587992284	
4.25	2	1	0.9240731637750335	0.060902740079351377	
4.25	2.25	0	0.6169139359333		0.0004250725846382132	
4.25	2.25	0.2	0.6354084318984224	0.005186929414883007	
4.25	2.25	0.4	0.6909182191058778	0.022899702309427967	
4.25	2.25	0.6	0.7800625126955202	0.04782437981050206	
4.25	2.25	0.8	0.8815269494043941	0.06328122874763892	
4.25	2.25	1	0.9501300158756155	0.0441966200185099	
4.25	2.5	0	0.6169139357204494	0.0004250728718781727	
4.25	2.5	0.2	0.6386020882249996	0.0061487110161850015	
4.25	2.5	0.4	0.7030332321113304	0.026305217470097397	
4.25	2.5	0.6	0.8016015794092959	0.051087484400517906	
4.25	2.5	0.8	0.8972986182395349	0.05421737985745596	
4.25	2.5	1	0.9339762715691633	0.02592410367203159	
4.25	2.75	0	0.6169139357295822	0.000425072871334017	
4.25	2.75	0.2	0.6407671216768877	0.007395586013231089	
4.25	2.75	0.4	0.7107795683332654	0.028031022745663953	
4.25	2.75	0.6	0.8096459078506002	0.04855610848444463	
4.25	2.75	0.8	0.8854613872889069	0.03707928199350713	
4.25	2.75	1	0.8868503240712016	0.0340050946448147	
4.25	3	0	0.6169139357292421	0.00042507287135495875	
4.25	3	0.2	0.6418578533707111	0.007687235719047083	
4.25	3	0.4	0.712607728645535	0.02758539762117076	
4.25	3	0.6	0.8021412080379818	0.04071475595602736	
4.25	3	0.8	0.8507856974288381	0.02024394519731822	
4.25	3	1	0.8251667036994965	0.04664133329250736	
4.5	1	0	0.5951995309716406	0.0005262238624705026	
4.5	1	0.2	0.5952173430367828	0.0006256709164382257	
4.5	1	0.4	0.5950415090008638	2.236910376164938e-06	
4.5	1	0.6	0.5950400192368084	3.3502268700060842e-06	
4.5	1	0.8	0.5950379375835206	3.1082948288037053e-06	
4.5	1	1	0.5950354083932218	1.0383964949048663e-05	
4.5	1.25	0	0.5951995309663604	0.0005262238553915464	
4.5	1.25	0.2	0.5984364019091033	0.0004482854683305715	
4.5	1.25	0.4	0.6077659909000293	0.0038856538612078353	
4.5	1.25	0.6	0.6231687682603866	0.008438004493156862	
4.5	1.25	0.8	0.6436242402925341	0.014102035437259125	
4.5	1.25	1	0.6676876470775472	0.019929282444702243	
4.5	1.5	0	0.5951995310941703	0.0005262237449626485	
4.5	1.5	0.2	0.6021152921492378	0.0015423505195980938	
4.5	1.5	0.4	0.6225659096857543	0.008479187702231553	
4.5	1.5	0.6	0.6564874989673287	0.018693411574176023	
4.5	1.5	0.8	0.7019671472120498	0.03138257984459302	
4.5	1.5	1	0.7545841188320258	0.04311370115865606	
4.5	1.75	0	0.5951995309585906	0.000526223854507169	
4.5	1.75	0.2	0.6059321415487301	0.003372473643198692	
4.5	1.75	0.4	0.6388097382264954	0.013577189102215802	
4.5	1.75	0.6	0.6933958080517142	0.030143904335404793	
4.5	1.75	0.8	0.7659160262378867	0.04956692391485269	
4.5	1.75	1	0.8441424810352497	0.061945186879329775	
4.5	2	0	0.5951995309586763	0.0005262238549902494	
4.5	2	0.2	0.6100483850282253	0.00465411526784415	
4.5	2	0.4	0.6556167417310332	0.01886153346444774	
4.5	2	0.6	0.73120319308959		0.04154159901142288	
4.5	2	0.8	0.8273884156323245	0.06394402696098085	
4.5	2	1	0.9159892071389213	0.06512791585311825	
4.5	2.25	0	0.5951995310821799	0.0005262237463492786	
4.5	2.25	0.2	0.6140553770749191	0.005902204573154356	
4.5	2.25	0.4	0.6718247715048167	0.02391109087132797	
4.5	2.25	0.6	0.7658932607728717	0.050859077700330324	
4.5	2.25	0.8	0.8751423245856101	0.06868740615285251	
4.5	2.25	1	0.9499644572949708	0.04841991512030566	
4.5	2.5	0	0.5951995309586638	0.0005262238545917007	
4.5	2.5	0.2	0.6176853661681442	0.007026546924383261	
4.5	2.5	0.4	0.6860130694689144	0.02806318745583567	
4.5	2.5	0.6	0.7926935767403818	0.05588932385204323	
4.5	2.5	0.8	0.8987587637409868	0.060638343625400506	
4.5	2.5	1	0.9397782920351461	0.02911736829686763	
4.5	2.75	0	0.5951995309660224	0.0005262238534960928	
4.5	2.75	0.2	0.6206338173998414	0.007924041755826698	
4.5	2.75	0.4	0.6965893737478983	0.030733244479425558	
4.5	2.75	0.6	0.8070308469846912	0.054977514144793516	
4.5	2.75	0.8	0.8938148028138617	0.04288139006843897	
4.5	2.75	1	0.8952896831954705	0.039529568786524784	
4.5	3	0	0.5951995309687196	0.0005262238669175723	
4.5	3	0.2	0.622570249447562	0.008485302592303694	
4.5	3	0.4	0.7019732578852034	0.03139175296316738	
4.5	3	0.6	0.8060478178527479	0.04808135003470408	
4.5	3	0.8	0.8638890991189245	0.024372231479288495	
4.5	3	1	0.8335255472998192	0.055349178641262056	
4.75	1	0	0.5748535115925912	0.0006452938548868664	
4.75	1	0.2	0.574668360595794	6.210715752741984e-07	
4.75	1	0.4	0.5746664243711583	2.0824717543970664e-06	
4.75	1	0.6	0.5746671951947161	7.066986516845232e-06	
4.75	1	0.8	0.5746657973731935	5.444342356069738e-06	
4.75	1	1	0.574666717119129	3.024974165591677e-06	
4.75	1.25	0	0.5748535115995166	0.0006452938528963905	
4.75	1.25	0.2	0.5778577924873629	0.0009823126620592515	
4.75	1.25	0.4	0.5873123899835901	0.0038628501364480644	
4.75	1.25	0.6	0.6026339317252853	0.00839697782060131	
4.75	1.25	0.8	0.6230248460108017	0.014060379213874137	
4.75	1.25	1	0.6470715338718386	0.019923942302668234	
4.75	1.5	0	0.5748535115091857	0.0006452939847100437	
4.75	1.5	0.2	0.5815454493462306	0.0021243470816522396	
4.75	1.5	0.4	0.6021590431193078	0.008478426487249252	
4.75	1.5	0.6	0.6361613681932272	0.018765236816929515	
4.75	1.5	0.8	0.6819763306854141	0.031680291963362216	
4.75	1.5	1	0.7352447443902527	0.043722827464439694	
4.75	1.75	0	0.5748535115996115	0.00064529385335687	
4.75	1.75	0.2	0.5855943427367537	0.0033840054042417714	
4.75	1.75	0.4	0.6186800080894952	0.013686515473644223	
4.75	1.75	0.6	0.6739548600600473	0.030612494251908845	
4.75	1.75	0.8	0.7480089739034315	0.05077604214407194	
4.75	1.75	1	0.8286882071179204	0.06408362075186372	
4.75	2	0	0.5748535115995124	0.0006452938535419242	
4.75	2	0.2	0.5898341629250416	0.004706720387770695	
4.75	2	0.4	0.636119561846495	0.019293251492302387	
4.75	2	0.6	0.7136681663353571	0.042808435696317766	
4.75	2	0.8	0.8137129941508829	0.06685875078625772	
4.75	2	1	0.9070443971799435	0.06889101716164638	
4.75	2.25	0	0.5748535115094326	0.0006452939849766655	
4.75	2.25	0.2	0.5940643354156601	0.006029079692262948	
4.75	2.25	0.4	0.6534461234715598	0.024702687251753088	
4.75	2.25	0.6	0.7516264369685486	0.05346476792717623	
4.75	2.25	0.8	0.8677900044820707	0.07355382812020266	
4.75	2.25	1	0.9483724489169326	0.05238573598641162	
4.75	2.5	0	0.5748535115093137	0.0006452939848856144	
4.75	2.5	0.2	0.5980439325172242	0.00726731129509373	
4.75	2.5	0.4	0.6693791208884591	0.029552668253016414	
4.75	2.5	0.6	0.7831119289846825	0.06018055523193597	
4.75	2.5	0.8	0.8987347520799764	0.06662489987827233	
4.75	2.5	1	0.9436994936222987	0.031669460847079126	
4.75	2.75	0	0.5748535115928185	0.0006452938551413925	
4.75	2.75	0.2	0.6015054192558765	0.008334529053607995	
4.75	2.75	0.4	0.6824020996341315	0.033028570163123196	
4.75	2.75	0.6	0.8032392089619468	0.06093091380675059	
4.75	2.75	0.8	0.9005203747670395	0.04860515311712063	
4.75	2.75	1	0.9023666461876825	0.04502355607753817	
4.75	3	0	0.5748535115982192	0.0006452938539266696	
4.75	3	0.2	0.6041394732686886	0.009114044293813975	
4.75	3	0.4	0.690916438580425	0.0347357620802214	
4.75	3	0.6	0.808416901968804	0.05509769261030923	
4.75	3	0.8	0.8751614965636731	0.028518982530929476	
4.75	3	1	0.8402894212141453	0.0636473373993656	
5	1	0	0.5555555603507112	6.993961055008379e-07	
5	1	0.2	0.5555526216116609	2.236093500099073e-06	
5	1	0.4	0.5555475734431534	5.806636371065649e-06	
5	1	0.6	0.5554769602741431	0.00021649937921415925	
5	1	0.8	0.5555458913580595	1.406730085513434e-05	
5	1	1	0.5555483430816184	5.231126331512433e-06	
5	1.25	0	0.5555555603442959	6.993960534913638e-07	
5	1.25	0.2	0.5587129335168995	0.0009717151451869044	
5	1.25	0.4	0.5680968779207094	0.0038336818417037204	
5	1.25	0.6	0.5833011447480195	0.00833813023969286	
5	1.25	0.8	0.6035720877379681	0.013985359593925552	
5	1.25	1	0.6275348171495458	0.019855873698577758	
5	1.5	0	0.5555555603566633	6.994007283919133e-07	
5	1.5	0.2	0.5623939713268943	0.0021123342593275087	
5	1.5	0.4	0.5829320955765478	0.008452949747905138	
5	1.5	0.6	0.6169026280140122	0.01877037048662347	
5	1.5	0.8	0.6628727870722453	0.03182136239512771	
5	1.5	1	0.7166198076942437	0.04418479233571073	
5	1.75	0	0.5555555603584027	6.994014223299206e-07	
5	1.75	0.2	0.5664752689023329	0.003383554267210054	
5	1.75	0.4	0.5996354614658759	0.013737815971503167	
5	1.75	0.6	0.655359874453318	0.030944282834344954	
5	1.75	0.8	0.7306112026001965	0.051758644289130365	
5	1.75	1	0.8133027136799017	0.06589666101647798	
5	2	0	0.5555555603624616	6.993973951234382e-07	
5	2	0.2	0.5708052718455584	0.004736952389330183	
5	2	0.4	0.617546834633982	0.019581384847331143	
5	2	0.6	0.6966357361593342	0.043832537359735524	
5	2	0.8	0.7999532420765733	0.06939523338030895	
5	2	1	0.8974412863909597	0.07223153620836333	
5	2.25	0	0.5555555603578823	6.993962311997776e-07	
5	2.25	0.2	0.5752077647604954	0.00611692574652586	
5	2.25	0.4	0.6357847813685494	0.025370783477374537	
5	2.25	0.6	0.7373852917673549	0.05568263465765472	
5	2.25	0.8	0.8596396865978239	0.0778311135291537	
5	2.25	1	0.945584411422495	0.0560057474368015	
5	2.5	0	0.5555555603613745	6.993999626034368e-07	
5	2.5	0.2	0.5794679189589367	0.007448114305252264	
5	2.5	0.4	0.6531737432602498	0.030749299490068483	
5	2.5	0.6	0.773041979401415	0.06399470202150172	
5	2.5	0.8	0.897478323093678	0.07225975085593156	
5	2.5	1	0.9463758602497077	0.0342659310602231	
5	2.75	0	0.555555560358571	6.994015290941013e-07	
5	2.75	0.2	0.5833477725067964	0.008652860680273999	
5	2.75	0.4	0.6683462497181264	0.034941959659035626	
5	2.75	0.6	0.79847901201004		0.06640907512590329	
5	2.75	0.8	0.9055538517789864	0.053666146040252	
5	2.75	1	0.9086356432732259	0.05136837697273607	
5	3	0	0.5555555603558954	6.994007122382915e-07	
5	3	0.2	0.5865674958436651	0.009628977075925778	
5	3	0.4	0.6795989085407638	0.037670347692712464	
5	3	0.6	0.8095021534490837	0.06176091459970585	
5	3	0.8	0.8847715510549672	0.03262654149092848	
5	3	1	0.8456900907950511	0.07164273012425305	
