#Parameters = {thARC=0.4; nARC=3; thsub=1; p=1; nSub=1.25}
#"Wavelength / um"	"T (105) [Real Part]"
#---------------------------------------
14.989622900000	0.75771490540303
14.937342202292	0.75669435099995
14.885424925521	0.75567245386875
14.833867293419	0.75464925919140
14.782665581854	0.75362481186343
14.731816117936	0.75259915649233
14.681315279138	0.75157233739591
14.631159492435	0.75054439860090
14.581345233463	0.74951538384144
14.531869025691	0.74848533655776
14.482727439614	0.74745429989485
14.433917091960	0.74642231670121
14.385434644914	0.74538942952769
14.337276805356	0.74435568062633
14.289440324118	0.74332111194932
14.241921995249	0.74228576514800
14.194718655303	0.74124968157187
14.147827182633	0.74021290226777
14.101244496707	0.73917546797897
14.054967557431	0.73813741914446
14.008993364486	0.73709879589818
13.963318956684	0.73605963806839
13.917941411328	0.73501998517702
13.872857843591	0.73397987643916
13.828065405904	0.73293935076252
13.783561287356	0.73189844674698
13.739342713107	0.73085720268420
13.695406943810	0.72981565655727
13.651751275046	0.72877384604040
13.608373036768	0.72773180849868
13.565269592760	0.72668958098785
13.522438340099	0.72564720025419
13.479876708633	0.72460470273438
13.437582160466	0.72356212455544
13.395552189455	0.72251950153475
13.353784320713	0.72147686918001
13.312276110124	0.72043426268940
13.271025143869	0.71939171695164
13.230029037952	0.71834926654616
13.189285437747	0.71730694574332
13.148792017544	0.71626478850466
13.108546480105	0.71522282848316
13.068546556234	0.71418109902357
13.028790004346	0.71313963316281
12.989274610052	0.71209846363033
12.949998185745	0.71105762284857
12.910958570198	0.71001714293348
12.872153628167	0.70897705569495
12.833581250000	0.70793739263746
12.795239351259	0.70689818496058
12.757125872340	0.70585946355966
12.719238778108	0.70482125902646
12.681576057530	0.70378360164983
12.644135723323	0.70274652141647
12.606915811606	0.70171004801162
12.569914381551	0.70067421081992
12.533129515050	0.69963903892619
12.496559316382	0.69860456111626
12.460201911887	0.69757080587789
12.424055449648	0.69653780140164
12.388118099174	0.69550557558181
12.352388051092	0.69447415601742
12.316863516845	0.69344357001317
12.281542728390	0.69241384458048
12.246423937908	0.69138500643850
12.211505417515	0.69035708201522
12.176785458976	0.68933009744850
12.142262373431	0.68830407858723
12.107934491115	0.68727905099243
12.073800161095	0.68625503993844
12.039857751004	0.68523207041409
12.006105646776	0.68421016712390
11.972542252396	0.68318935448927
11.939165989646	0.68216965664979
11.905975297855	0.68115109746444
11.872968633663	0.68013370051293
11.840144470774	0.67911748909692
11.807501299724	0.67810248624143
11.775037627651	0.67708871469610
11.742751978065	0.67607619693659
11.710642890625	0.67506495516593
11.678708920919	0.67405501131591
11.646948640249	0.67304638704848
11.615360635413	0.67203910375714
11.583943508501	0.67103318256844
11.552695876686	0.67002864434334
11.521616372022	0.66902550967871
11.490703641242	0.66802379890881
11.459956345566	0.66702353210674
11.429373160503	0.66602472908597
11.398952775665	0.66502740940180
11.368693894577	0.66403159235294
11.338595234493	0.66303729698296
11.308655526217	0.66204454208191
11.278873513920	0.66105334618780
11.249247954972	0.66006372758819
11.219777619760	0.65907570432176
11.190461291527	0.65808929417985
11.161297766195	0.65710451470809
11.132285852209	0.65612138320796
11.103424370370	0.65513991673837
11.074712153676	0.65416013211731
11.046148047163	0.65318204592342
11.017730907755	0.65220567449762
10.989459604106	0.65123103394475
10.961333016453	0.65025814013517
10.933350036470	0.64928700870639
10.905509567115	0.64831765506473
10.877810522496	0.64735009438694
10.850251827723	0.64638434162186
10.822832418773	0.64542041149206
10.795551242348	0.64445831849550
10.768407255747	0.64349807690714
10.741399426729	0.64253970078068
10.714526733381	0.64158320395015
10.687788163993	0.64062860003157
10.661182716927	0.63967590242466
10.634709400497	0.63872512431448
10.608367232838	0.63777627867307
10.582155241793	0.63682937826116
10.556072464789	0.63588443562978
10.530117948718	0.63494146312200
10.504290749825	0.63400047287451
10.478589933590	0.63306147681935
10.453014574616	0.63212448668556
10.427563756522	0.63118951400082
10.402236571825	0.63025657009314
10.377032121841	0.62932566609250
10.351949516575	0.62839681293251
10.326987874612	0.62747002135210
10.302146323024	0.62654530189714
10.277423997257	0.62562266492210
10.252820041040	0.62470212059169
10.228333606278	0.62378367888256
10.203963852961	0.62286734958487
10.179709949066	0.62195314230398
10.155571070461	0.62104106646208
10.131546400811	0.62013113129981
10.107635131490	0.61922334587791
10.083836461487	0.61831771907881
10.060149597315	0.61741425960833
10.036573752929	0.61651297599718
10.013108149633	0.61561387660270
9.9897520159947	0.61471696961037
9.9665045877660	0.61382226303547
9.9433651077944	0.61292976472464
9.9203328259431	0.61203948235753
9.8974069990096	0.61115142344833
9.8745868906456	0.61026559534737
9.8518717712783	0.60938200524272
9.8292609180328	0.60850066016174
9.8067536146549	0.60762156697264
9.7843491514360	0.60674473238606
9.7620468251384	0.60587016295663
9.7398459389214	0.60499786508446
9.7177458022690	0.60412784501676
9.6957457309185	0.60326010884932
9.6738450467893	0.60239466252805
9.6520430779137	0.60153151185052
9.6303391583681	0.60067066246744
9.6087326282051	0.59981211988420
9.5872228333866	0.59895588946236
9.5658091257179	0.59810197642112
9.5444908627826	0.59725038583884
9.5232674078780	0.59640112265451
9.5021381299525	0.59555419166920
9.4811024035421	0.59470959754755
9.4601596087094	0.59386734481920
9.4393091309824	0.59302743788027
9.4185503612944	0.59218988099478
9.3978826959248	0.59135467829608
9.3773055364404	0.59052183378829
9.3568182896380	0.58969135134771
9.3364203674868	0.58886323472422
9.3161111870727	0.58803748754270
9.2958901705426	0.58721411330440
9.2757567450495	0.58639311538835
9.2557103426984	0.58557449705273
9.2357504004929	0.58475826143622
9.2158763602828	0.58394441155937
9.1960876687117	0.58313295032598
9.1763837771656	0.58232388052440
9.1567641417227	0.58151720482889
9.1372282231027	0.58071292580094
9.1177754866180	0.57991104589059
9.0984054021244	0.57911156743775
9.0791174439733	0.57831449267348
9.0599110909640	0.57751982372129
9.0407858262967	0.57672756259845
9.0217411375263	0.57593771121721
9.0027765165165	0.57515027138614
8.9838914593947	0.57436524481131
8.9650854665072	0.57358263309761
8.9463580423754	0.57280243774994
8.9277086956522	0.57202466017447
8.9091369390788	0.57124930167986
8.8906422894425	0.57047636347846
8.8722242675348	0.56970584668752
8.8538823981099	0.56893775233042
8.8356162098438	0.56817208133781
8.8174252352941	0.56740883454882
8.7993090108600	0.56664801271222
8.7812670767428	0.56588961648760
8.7632989769073	0.56513364644649
8.7454042590432	0.56438010307353
8.7275824745269	0.56362898676762
8.7098331783847	0.56288029784300
8.6921559292549	0.56213403653043
8.6745502893519	0.56139020297824
8.6570158244297	0.56064879725348
8.6395521037464	0.55990981934297
8.6221587000288	0.55917326915443
8.6048351894374	0.55843914651753
8.5875811515325	0.55770745118495
8.5703961692396	0.55697818283346
8.5532798288160	0.55625134106493
8.5362317198178	0.55552692540744
8.5192514350668	0.55480493531624
8.5023385706183	0.55408537017482
8.4854927257288	0.55336822929591
8.4687135028249	0.55265351192249
8.4520005074711	0.55194121722878
8.4353533483399	0.55123134432125
8.4187716371806	0.55052389223958
8.4022549887892	0.54981885995764
8.3858030209790	0.54911624638448
8.3694153545505	0.54841605036525
8.3530916132627	0.54771827068215
8.3368314238042	0.54702290605540
8.3206344157646	0.54632995514417
8.3045002216066	0.54563941654746
8.2884284766381	0.54495128880507
8.2724188189845	0.54426557039847
8.2564708895621	0.54358225975171
8.2405843320506	0.54290135523234
8.2247587928669	0.54222285515223
8.2089939211391	0.54154675776852
8.1932893686800	0.54087306128442
8.1776447899618	0.54020176385012
8.1620598420909	0.53953286356361
8.1465341847826	0.53886635847154
8.1310674803363	0.53820224657005
8.1156593936113	0.53754052580562
8.1003095920022	0.53688119407583
8.0850177454153	0.53622424923025
8.0697835262450	0.53556968907119
8.0546066093498	0.53491751135452
8.0394866720300	0.53426771379045
8.0244233940043	0.53362029404435
8.0094164573871	0.53297524973744
7.9944655466667	0.53233257844766
7.9795703486825	0.53169227771036
7.9647305526036	0.53105434501907
7.9499458499072	0.53041877782626
7.9352159343568	0.52978557354408
7.9205405019815	0.52915472954505
7.9059192510549	0.52852624316283
7.8913518820742	0.52790011169292
7.8768380977404	0.52727633239338
7.8623776029373	0.52665490248551
7.8479701047120	0.52603581915455
7.8336153122550	0.52541907955040
7.8193129368805	0.52480468078827
7.8050626920073	0.52419261994935
7.7908642931393	0.52358289408151
7.7767174578470	0.52297550019994
7.7626219057483	0.52237043528781
7.7485773584906	0.52176769629691
7.7345835397317	0.52116728014829
7.7206401751223	0.52056918373293
7.7067469922879	0.51997340391231
7.6929037208109	0.51937993751908
7.6791100922131	0.51878878135766
7.6653658399386	0.51819993220483
7.6516706993364	0.51761338681038
7.6380244076433	0.51702914189764
7.6244267039674	0.51644719416413
7.6108773292714	0.51586754028211
7.5973760263558	0.51529017689916
7.5839225398432	0.51471510063879
7.5705166161616	0.51414230810092
7.5571580035291	0.51357179586256
7.5438464519376	0.51300356047823
7.5305817131374	0.51243759848063
7.5173635406219	0.51187390638109
7.5041916896120	0.51131248067016
7.4910659170415	0.51075331781811
7.4779859815415	0.51019641427548
7.4649516434263	0.50964176647357
7.4519626646781	0.50908937082497
7.4390188089330	0.50853922372408
7.4261198414664	0.50799132154758
7.4132655291790	0.50744566065494
7.4004556405826	0.50690223738893
7.3876899457861	0.50636104807607
7.3749682164822	0.50582208902714
7.3622902259332	0.50528535653763
7.3496557489581	0.50475084688824
7.3370645619187	0.50421855634532
7.3245164427071	0.50368848116132
7.3120111707317	0.50316061757527
7.2995485269053	0.50263496181322
7.2871282936315	0.50211151008867
7.2747502547925	0.50159025860302
7.2624141957364	0.50107120354602
7.2501199032648	0.50055434109614
7.2378671656205	0.50003966742108
7.2256557724753	0.49952717867810
7.2134855149182	0.49901687101452
7.2013561854432	0.49850874056804
7.1892675779376	0.49800278346722
7.1772194876706	0.49749899583183
7.1652117112811	0.49699737377328
7.1532440467669	0.49649791339499
7.1413162934731	0.49600061079278
7.1294282520809	0.49550546205524
7.1175797245964	0.49501246326413
7.1057705143399	0.49452161049473
7.0940004259347	0.49403289981625
7.0822692652965	0.49354632729212
7.0705768396226	0.49306188898042
7.0589229573817	0.49257958093419
7.0473074283028	0.49209939920181
7.0357300633654	0.49162133982734
7.0241906747891	0.49114539885082
7.0126890760234	0.49067157230870
7.0012250817375	0.49019985623408
6.9897985078107	0.48973024665708
6.9784091713222	0.48926273960519
6.9670568905415	0.48879733110354
6.9557414849188	0.48833401717528
6.9444627750753	0.48787279384182
6.9332205827937	0.48741365712322
6.9220147310090	0.48695660303844
6.9108450437990	0.48650162760565
6.8997113463751	0.48604872684256
6.8886134650735	0.48559789676669
6.8775512273457	0.48514913339566
6.8665244617499	0.48470243274751
6.8555329979419	0.48425779084094
6.8445766666667	0.48381520369561
6.8336552997493	0.48337466733243
6.8227687300865	0.48293617777383
6.8119167916383	0.48249973104401
6.8010993194192	0.48206532316923
6.7903161494904	0.48163295017807
6.7795671189507	0.48120260810168
6.7688520659291	0.48077429297405
6.7581708295762	0.48034800083225
6.7475232500563	0.47992372771669
6.7369091685393	0.47950146967138
6.7263284271932	0.47908122274414
6.7157808691756	0.47866298298689
6.7052663386267	0.47824674645582
6.6947846806610	0.47783250921171
6.6843357413601	0.47742026732009
6.6739193677649	0.47701001685149
6.6635354078684	0.47660175388170
6.6531837106081	0.47619547449194
6.6428641258586	0.47579117476911
6.6325765044248	0.47538885080602
6.6223206980340	0.47498849870156
6.6120965593295	0.47459011456097
6.6019039418630	0.47419369449599
6.5917427000879	0.47379923462510
6.5816126893524	0.47340673107372
6.5715137658922	0.47301617997442
6.5614457868243	0.47262757746708
6.5514086101399	0.47224091969912
6.5414020946978	0.47185620282569
6.5314261002179	0.47147342300985
6.5214804872743	0.47109257642275
6.5115651172893	0.47071365924384
6.5016798525266	0.47033666766103
6.4918245560849	0.46996159787086
6.4819990918919	0.46958844607873
6.4722033246978	0.46921720849902
6.4624371200690	0.46884788135527
6.4527003443823	0.46848046088039
6.4429928648184	0.46811494331678
6.4333145493562	0.46775132491652
6.4236652667667	0.46738960194154
6.4140448866068	0.46702977066375
6.4044532792138	0.46667182736524
6.3948903156997	0.46631576833839
6.3853558679446	0.46596158988608
6.3758498085921	0.46560928832180
6.3663720110427	0.46525885996979
6.3569223494487	0.46491030116524
6.3475006987084	0.46456360825440
6.3381069344609	0.46421877759471
6.3287409330800	0.46387580555498
6.3194025716695	0.46353468851550
6.3100917280572	0.46319542286820
6.3008082807902	0.46285800501676
6.2915521091291	0.46252243137675
6.2823230930427	0.46218869837581
6.2731211132036	0.46185680245368
6.2639460509820	0.46152674006244
6.2547977884415	0.46119850766655
6.2456762083333	0.46087210174301
6.2365811940919	0.46054751878150
6.2275126298297	0.46022475528446
6.2184704003319	0.45990380776723
6.2094543910522	0.45958467275818
6.2004644881075	0.45926734679878
6.1915005782734	0.45895182644379
6.1825625489792	0.45863810826129
6.1736502883031	0.45832618883284
6.1647636849681	0.45801606475357
6.1559026283368	0.45770773263229
6.1470670084068	0.45740118909162
6.1382567158067	0.45709643076803
6.1294716417910	0.45679345431202
6.1207116782360	0.45649225638817
6.1119767176351	0.45619283367523
6.1032666530945	0.45589518286628
6.0945813783289	0.45559930066875
6.0859207876573	0.45530518380458
6.0772847759984	0.45501282901025
6.0686732388664	0.45472223303692
6.0600860723671	0.45443339265052
6.0515231731934	0.45414630463179
6.0429844386212	0.45386096577642
6.0344697665056	0.45357737289512
6.0259790552764	0.45329552281368
6.0175122039342	0.45301541237309
6.0090691120465	0.45273703842960
6.0006496797438	0.45246039785480
5.9922538077154	0.45218548753570
5.9838813972056	0.45191230437483
5.9755323500100	0.45164084529028
5.9672065684713	0.45137110721580
5.9589039554760	0.45110308710087
5.9506244144502	0.45083678191078
5.9423678493558	0.45057218862665
5.9341341646873	0.45030930424560
5.9259232654675	0.45004812578072
5.9177350572444	0.44978865026119
5.9095694460871	0.44953087473234
5.9014263385827	0.44927479625572
5.8933056418321	0.44902041190913
5.8852072634472	0.44876771878673
5.8771311115468	0.44851671399909
5.8690770947533	0.44826739467321
5.8610451221896	0.44801975795265
5.8530351034752	0.44777380099753
5.8450469487229	0.44752952098463
5.8370805685358	0.44728691510740
5.8291358740035	0.44704598057606
5.8212127766990	0.44680671461765
5.8133111886756	0.44656911447606
5.8054310224632	0.44633317741209
5.7975721910656	0.44609890070351
5.7897346079567	0.44586628164513
5.7819181870781	0.44563531754880
5.7741228428351	0.44540600574352
5.7663484900942	0.44517834357541
5.7585950441798	0.44495232840786
5.7508624208709	0.44472795762147
5.7431505363985	0.44450522861419
5.7354593074421	0.44428413880130
5.7277886511272	0.44406468561546
5.7201384850219	0.44384686650680
5.7125087271341	0.44363067894291
5.7048992959087	0.44341612040889
5.6973101102242	0.44320318840744
5.6897410893908	0.44299188045884
5.6821921531463	0.44278219410099
5.6746632216544	0.44257412688950
5.6671542155009	0.44236767639768
5.6596650556919	0.44216284021661
5.6521956636501	0.44195961595513
5.6447459612126	0.44175800123993
5.6373158706281	0.44155799371554
5.6299053145540	0.44135959104439
5.6225142160540	0.44116279090683
5.6151424985952	0.44096759100118
5.6077900860456	0.44077398904372
5.6004569026714	0.44058198276878
5.5931428731343	0.44039156992871
5.5858479224893	0.44020274829397
5.5785719761816	0.44001551565308
5.5713149600446	0.43982986981274
5.5640768002970	0.43964580859780
5.5568574235403	0.43946332985128
5.5496567567568	0.43928243143442
5.5424747273063	0.43910311122673
5.5353112629247	0.43892536712595
5.5281662917204	0.43874919704812
5.5210397421731	0.43857459892759
5.5139315431304	0.43840157071707
5.5068416238060	0.43823011038759
5.4997699137773	0.43806021592858
5.4927163429828	0.43789188534788
5.4856808417200	0.43772511667174
5.4786633406433	0.43755990794485
5.4716637707611	0.43739625723037
5.4646820634342	0.43723416260994
5.4577181503732	0.43707362218369
5.4507719636364	0.43691463407027
5.4438434356274	0.43675719640689
5.4369324990932	0.43660130734926
5.4300390871219	0.43644696507172
5.4231631331404	0.43629416776713
5.4163045709124	0.43614291364701
5.4094633345363	0.43599320094145
5.4026393584430	0.43584502789919
5.3958325773938	0.43569839278761
5.3890429264785	0.43555329389273
5.3822703411131	0.43540972951927
5.3755147570378	0.43526769799059
5.3687761103152	0.43512719764879
5.3620543373278	0.43498822685465
5.3553493747767	0.43485078398765
5.3486611596789	0.43471486744603
5.3419896293656	0.43458047564674
5.3353347214807	0.43444760702550
5.3286963739780	0.43431626003678
5.3220745251198	0.43418643315379
5.3154691134752	0.43405812486855
5.3088800779175	0.43393133369185
5.3023073576229	0.43380605815325
5.2957508920685	0.43368229680113
5.2892106210303	0.43356004820267
5.2826864845815	0.43343931094385
5.2761784230905	0.43332008362948
5.2696863772192	0.43320236488318
5.2632102879213	0.43308615334740
5.2567500964405	0.43297144768344
5.2503057443082	0.43285824657141
5.2438771733427	0.43274654871028
5.2374643256464	0.43263635281785
5.2310671436050	0.43252765763079
5.2246855698850	0.43242046190460
5.2183195474326	0.43231476441365
5.2119690194715	0.43221056395115
5.2056339295016	0.43210785932920
5.1993142212973	0.43200664937872
5.1930098389052	0.43190693294952
5.1867207266436	0.43180870891027
5.1804468290997	0.43171197614849
5.1741880911288	0.43161673357059
5.1679444578521	0.43152298010181
5.1617158746556	0.43143071468629
5.1555022871883	0.43133993628700
5.1493036413604	0.43125064388580
5.1431198833419	0.43116283648339
5.1369509595613	0.43107651309935
5.1307968167037	0.43099167277209
5.1246574017094	0.43090831455891
5.1185326617722	0.43082643753594
5.1124225443383	0.43074604079817
5.1063269971044	0.43066712345942
5.1002459680163	0.43058968465237
5.0941794052676	0.43051372352855
5.0881272572980	0.43043923925830
5.0820894727920	0.43036623103082
5.0760660006773	0.43029469805410
5.0700567901235	0.43022463955500
5.0640617905405	0.43015605477915
5.0580809515775	0.43008894299103
5.0521142231210	0.43002330347390
5.0461615552937	0.42995913552984
5.0402228984533	0.42989643847970
5.0342982031906	0.42983521166314
5.0283874203287	0.42977545443860
5.0224905009214	0.42971716618326
5.0166073962517	0.42966034629312
5.0107380578305	0.42960499418289
5.0048824373957	0.42955110928605
4.9990404869101	0.42949869105482
4.9932121585610	0.42944773896017
4.9873974047579	0.42939825249176
4.9815961781323	0.42935023115800
4.9758084315353	0.42930367448598
4.9700341180371	0.42925858202151
4.9642731909256	0.42921495332906
4.9585256037049	0.42917278799181
4.9527913100942	0.42913208561157
4.9470702640264	0.42909284580884
4.9413624196473	0.42905506822275
4.9356677313138	0.42901875251105
4.9299861535932	0.42898389835014
4.9243176412615	0.42895050543501
4.9186621493027	0.42891857347926
4.9130196329072	0.42888810221508
4.9073900474709	0.42885909139321
4.9017733485939	0.42883154078298
4.8961694920790	0.42880545017226
4.8905784339315	0.42878081936744
4.8850001303569	0.42875764819346
4.8794345377604	0.42873593649375
4.8738816127459	0.42871568413022
4.8683413121143	0.42869689098330
4.8628135928629	0.42867955695185
4.8572984121841	0.42866368195319
4.8517957274640	0.42864926592309
4.8463054962819	0.42863630881571
4.8408276764088	0.42862481060364
4.8353622258065	0.42861477127785
4.8299091026261	0.42860619084768
4.8244682652076	0.42859906934083
4.8190396720784	0.42859340680334
4.8136232819525	0.42858920329957
4.8082190537289	0.42858645891219
4.8028269464915	0.42858517374213
4.7974469195071	0.42858534790864
4.7920789322251	0.42858698154918
4.7867229442759	0.42859007481946
4.7813789154705	0.42859462789340
4.7760468057989	0.42860064096313
4.7707265754297	0.42860811423893
4.7654181847083	0.42861704794927
4.7601215941569	0.42862744234072
4.7548367644726	0.42863929767801
4.7495636565272	0.42865261424393
4.7443022313657	0.42866739233938
4.7390524502055	0.42868363228329
4.7338142744355	0.42870133441263
4.7285876656151	0.42872049908239
4.7233725854735	0.42874112666556
4.7181689959081	0.42876321755309
4.7129768589844	0.42878677215387
4.7077961369347	0.42881179089473
4.7026267921569	0.42883827422038
4.6974687872140	0.42886622259344
4.6923220848333	0.42889563649437
4.6871866479049	0.42892651642145
4.6820624394815	0.42895886289078
4.6769494227769	0.42899267643625
4.6718475611657	0.42902795760950
4.6667568181818	0.42906470697989
4.6616771575183	0.42910292513450
4.6566085430258	0.42914261267811
4.6515509387122	0.42918377023312
4.6465043087415	0.42922639843958
4.6414686174330	0.42927049795515
4.6364438292607	0.42931606945504
4.6314299088522	0.42936311363204
4.6264268209877	0.42941163119643
4.6214345305997	0.42946162287600
4.6164530027718	0.42951308941601
4.6114822027380	0.42956603157913
4.6065220958820	0.42962045014547
4.6015726477360	0.42967634591247
4.5966338239804	0.42973371969497
4.5917055904426	0.42979257232508
4.5867879130967	0.42985290465223
4.5818807580621	0.42991471754308
4.5769840916031	0.42997801188153
4.5720978801281	0.43004278856865
4.5672220901889	0.43010904852270
4.5623566884797	0.43017679267904
4.5575016418364	0.43024602199014
4.5526569172361	0.43031673742552
4.5478224817961	0.43038893997173
4.5429983027731	0.43046263063231
4.5381843475628	0.43053781042776
4.5333805836988	0.43061448039550
4.5285869788520	0.43069264158985
4.5238035008299	0.43077229508196
4.5190301175761	0.43085344195981
4.5142667971691	0.43093608332815
4.5095135078219	0.43102022030849
4.5047702178813	0.43110585403901
4.5000368958271	0.43119298567459
4.4953135102714	0.43128161638671
4.4906000299581	0.43137174736345
4.4858964237618	0.43146337980945
4.4812026606876	0.43155651494583
4.4765187098701	0.43165115401019
4.4718445405728	0.43174729825658
4.4671801221875	0.43184494895541
4.4625254242334	0.43194410739343
4.4578804163569	0.43204477487370
4.4532450683304	0.43214695271556
4.4486193500519	0.43225064225452
4.4440032315446	0.43235584484230
4.4393966829557	0.43246256184673
4.4347996745562	0.43257079465172
4.4302121767401	0.43268054465721
4.4256341600236	0.43279181327916
4.4210655950450	0.43290460194944
4.4165064525633	0.43301891211583
4.4119567034584	0.43313474524195
4.4074163187298	0.43325210280722
4.4028852694963	0.43337098630684
4.3983635269953	0.43349139725166
4.3938510625824	0.43361333716823
4.3893478477306	0.43373680759866
4.3848538540295	0.43386181010064
4.3803690531853	0.43398834624734
4.3758934170194	0.43411641762737
4.3714269174686	0.43424602584475
4.3669695265841	0.43437717251883
4.3625212165309	0.43450985928423
4.3580819595871	0.43464408779082
4.3536517281441	0.43477985970361
4.3492304947048	0.43491717670276
4.3448182318841	0.43505604048347
4.3404149124077	0.43519645275594
4.3360205091119	0.43533841524531
4.3316349949429	0.43548192969161
4.3272583429561	0.43562699784969
4.3228905263158	0.43577362148917
4.3185315182944	0.43592180239434
4.3141812922723	0.43607154236416
4.3098398217366	0.43622284321217
4.3055070802815	0.43637570676638
4.3011830416069	0.43653013486928
4.2968676795184	0.43668612937775
4.2925609679267	0.43684369216295
4.2882628808468	0.43700282511032
4.2839733923978	0.43716353011948
4.2796924768023	0.43732580910414
4.2754201083856	0.43748966399207
4.2711562615757	0.43765509672501
4.2669009109024	0.43782210925862
4.2626540309967	0.43799070356236
4.2584155965909	0.43816088161947
4.2541855825174	0.43833264542687
4.2499639637085	0.43850599699509
4.2457507151961	0.43868093834820
4.2415458121109	0.43885747152371
4.2373492296820	0.43903559857254
4.2331609432364	0.43921532155890
4.2289809281986	0.43939664256022
4.2248091600902	0.43957956366708
4.2206456145291	0.43976408698314
4.2164902672293	0.43995021462500
4.2123430940003	0.44013794872222
4.2082040707468	0.44032729141712
4.2040731734680	0.44051824486478
4.1999503782572	0.44071081123292
4.1958356613016	0.44090499270182
4.1917289988814	0.44110079146424
4.1876303673697	0.44129820972529
4.1835397432319	0.44149724970240
4.1794571030252	0.44169791362519
4.1753824233983	0.44190020373540
4.1713156810909	0.44210412228677
4.1672568529330	0.44230967154496
4.1632059158450	0.44251685378746
4.1591628468368	0.44272567130350
4.1551276230076	0.44293612639392
4.1511002215453	0.44314822137111
4.1470806197261	0.44336195855888
4.1430687949143	0.44357734029236
4.1390647245616	0.44379436891794
4.1350683862069	0.44401304679310
4.1310797574755	0.44423337628635
4.1270988160793	0.44445535977712
4.1231255398157	0.44467899965565
4.1191599065677	0.44490429832284
4.1152018943034	0.44513125819022
4.1112514810752	0.44535988167976
4.1073086450199	0.44559017122382
4.1033733643581	0.44582212926499
4.0994456173937	0.44605575825599
4.0955253825137	0.44629106065957
4.0916126381875	0.44652803894836
4.0877073629670	0.44676669560477
4.0838095354856	0.44700703312089
4.0799191344584	0.44724905399831
4.0760361386812	0.44749276074805
4.0721605270307	0.44773815589041
4.0682922784638	0.44798524195485
4.0644313720174	0.44823402147986
4.0605777868075	0.44848449701282
4.0567315020298	0.44873667110989
4.0528924969582	0.44899054633587
4.0490607509454	0.44924612526404
4.0452362434219	0.44950341047606
4.0414189538959	0.44976240456182
4.0376088619529	0.45002311011929
4.0338059472551	0.45028552975440
4.0300101895416	0.45054966608086
4.0262215686274	0.45081552172007
4.0224400644036	0.45108309930092
4.0186656568365	0.45135240145969
4.0148983259676	0.45162343083986
4.0111380519133	0.45189619009198
4.0073848148643	0.45217068187352
4.0036385950855	0.45244690884872
3.9998993729153	0.45272487368839
3.9961671287657	0.45300457906982
3.9924418431216	0.45328602767657
3.9887234965407	0.45356922219833
3.9850120696531	0.45385416533073
3.9813075431607	0.45414085977522
3.9776098978373	0.45442930823887
3.9739191145281	0.45471951343420
3.9702351741491	0.45501147807902
3.9665580576872	0.45530520489625
3.9628877461996	0.45560069661375
3.9592242208135	0.45589795596414
3.9555674627260	0.45619698568463
3.9519174532033	0.45649778851681
3.9482741735809	0.45680036720651
3.9446376052632	0.45710472450357
3.9410077297226	0.45741086316168
3.9373845285001	0.45771878593819
3.9337679832043	0.45802849559390
3.9301580755113	0.45833999489289
3.9265547871644	0.45865328660229
3.9229580999738	0.45896837349213
3.9193679958164	0.45928525833509
3.9157844566353	0.45960394390633
3.9122074644395	0.45992443298326
3.9086370013038	0.46024672834537
3.9050730493682	0.46057083277397
3.9015155908381	0.46089674905202
3.8979646079834	0.46122447996390
3.8944200831385	0.46155402829517
3.8908819987021	0.46188539683239
3.8873503371369	0.46221858836289
3.8838250809690	0.46255360567451
3.8803062127880	0.46289045155543
3.8767937152463	0.46322912879387
3.8732875710594	0.46356964017794
3.8697877630050	0.46391198849533
3.8662942739231	0.46425617653313
3.8628070867156	0.46460220707755
3.8593261843460	0.46495008291370
3.8558515498392	0.46529980682534
3.8523831662812	0.46565138159462
3.8489210168186	0.46600481000187
3.8454650846588	0.46636009482530
3.8420153530693	0.46671723884074
3.8385718053777	0.46707624482144
3.8351344249712	0.46743711553775
3.8317031952965	0.46779985375688
3.8282780998595	0.46816446224264
3.8248591222251	0.46853094375515
3.8214462460166	0.46889930105058
3.8180394549159	0.46926953688087
3.8146387326632	0.46964165399346
3.8112440630562	0.47001565513098
3.8078554299505	0.47039154303101
3.8044728172589	0.47076932042576
3.8010962089514	0.47114899004176
3.7977255890550	0.47153055459964
3.7943609416530	0.47191401681374
3.7910022508852	0.47229937939187
3.7876495009476	0.47268664503501
3.7843026760919	0.47307581643696
3.7809617606256	0.47346689628405
3.7776267389113	0.47385988725485
3.7742975953670	0.47425479201983
3.7709743144654	0.47465161324103
3.7676568807339	0.47505035357176
3.7643452787544	0.47545101565625
3.7610394931627	0.47585360212936
3.7577395086488	0.47625811561621
3.7544453099562	0.47666455873183
3.7511568818819	0.47707293408087
3.7478742092762	0.47748324425722
3.7445972770422	0.47789549184367
3.7413260701360	0.47830967941155
3.7380605735661	0.47872580952040
3.7348007723932	0.47914388471760
3.7315466517301	0.47956390753799
3.7282981967417	0.47998588050352
3.7250553926441	0.48040980612288
3.7218182247052	0.48083568689114
3.7185866782436	0.48126352528935
3.7153607386293	0.48169332378416
3.7121403912828	0.48212508482745
3.7089256216751	0.48255881085595
3.7057164153276	0.48299450429081
3.7025127578115	0.48343216753724
3.6993146347483	0.48387180298409
3.6961220318087	0.48431341300345
3.6929349347130	0.48475699995027
3.6897533292308	0.48520256616187
3.6865772011805	0.48565011395763
3.6834065364295	0.48609964563849
3.6802413208937	0.48655116348653
3.6770815405372	0.48700466976460
3.6739271813725	0.48746016671583
3.6707782294600	0.48791765656321
3.6676346709078	0.48837714150915
3.6644964918714	0.48883862373503
3.6613636785540	0.48930210540078
3.6582362172056	0.48976758864436
3.6551140941234	0.49023507558137
3.6519972956511	0.49070456830455
3.6488858081792	0.49117606888331
3.6457796181442	0.49164957936330
3.6426787120292	0.49212510176586
3.6395830763628	0.49260263808762
3.6364926977196	0.49308219029994
3.6334075627197	0.49356376034849
3.6303276580286	0.49404735015269
3.6272529703569	0.49453296160527
3.6241834864603	0.49502059657171
3.6211191931393	0.49551025688979
3.6180600772387	0.49600194436901
3.6150061256481	0.49649566079015
3.6119573253012	0.49699140790466
3.6089136631756	0.49748918743421
3.6058751262930	0.49798900107011
3.6028417017185	0.49849085047280
3.5998133765610	0.49899473727127
3.5967901379724	0.49950066306258
3.5937719731479	0.50000862941122
3.5907588693257	0.50051863784863
3.5877508137865	0.50103068987259
3.5847477938539	0.50154478694669
3.5817497968937	0.50206093049972
3.5787568103140	0.50257912192513
3.5757688215649	0.50309936258040
3.5727858181385	0.50362165378651
3.5698077875685	0.50414599682731
3.5668347174301	0.50467239294892
3.5638665953400	0.50520084335917
3.5609034089559	0.50573134922693
3.5579451459767	0.50626391168154
3.5549917941421	0.50679853181219
3.5520433412322	0.50733521066726
3.5490997750681	0.50787394925374
3.5461610835108	0.50841474853657
3.5432272544616	0.50895760943799
3.5402982758621	0.50950253283693
3.5373741356932	0.51004951956831
3.5344548219759	0.51059857042243
3.5315403227706	0.51114968614429
3.5286306261770	0.51170286743291
3.5257257203340	0.51225811494069
3.5228255934195	0.51281542927270
3.5199302336503	0.51337481098602
3.5170396292820	0.51393626058902
3.5141537686086	0.51449977854072
3.5112726399625	0.51506536525003
3.5083962317145	0.51563302107509
3.5055245322732	0.51620274632252
3.5026575300853	0.51677454124676
3.4997952136353	0.51734840604927
3.4969375714452	0.51792434087787
3.4940845920746	0.51850234582598
3.4912362641202	0.51908242093187
3.4883925762160	0.51966456617794
3.4855535170329	0.52024878148994
3.4827190752788	0.52083506673624
3.4798892396982	0.52142342172707
3.4770639990721	0.52201384621371
3.4742433422181	0.52260633988776
3.4714272579898	0.52320090238037
3.4686157352771	0.52379753326139
3.4658087630058	0.52439623203867
3.4630063301375	0.52499699815717
3.4602084256694	0.52559983099823
3.4574150386345	0.52620472987873
3.4546261581009	0.52681169405029
3.4518417731721	0.52742072269842
3.4490618729867	0.52803181494174
3.4462864467180	0.52864496983111
3.4435154835745	0.52926018634882
3.4407489727993	0.52987746340773
3.4379869036697	0.53049679985044
3.4352292654979	0.53111819444842
3.4324760476300	0.53174164590113
3.4297272394463	0.53236715283523
3.4269828303612	0.53299471380361
3.4242428098230	0.53362432728459
3.4215071673134	0.53425599168100
3.4187758923480	0.53488970531929
3.4160489744758	0.53552546644867
3.4133264032791	0.53616327324016
3.4106081683732	0.53680312378573
3.4078942594066	0.53744501609735
3.4051846660609	0.53808894810612
3.4024793780502	0.53873491766130
3.3997783851213	0.53938292252941
3.3970816770538	0.54003296039329
3.3943892436594	0.54068502885114
3.3917010747822	0.54133912541563
3.3890171602984	0.54199524751290
3.3863374901163	0.54265339248160
3.3836620541761	0.54331355757197
3.3809908424495	0.54397573994485
3.3783238449403	0.54463993667071
3.3756610516834	0.54530614472866
3.3730024527453	0.54597436100550
3.3703480382237	0.54664458229469
3.3676977982476	0.54731680529539
3.3650517229768	0.54799102661146
3.3624098026021	0.54866724275043
3.3597720273451	0.54934545012251
3.3571383874580	0.55002564503958
3.3545088732237	0.55070782371418
3.3518834749553	0.55139198225844
3.3492621829963	0.55207811668310
3.3466449877205	0.55276622289647
3.3440318795315	0.55345629670335
3.3414228488631	0.55414833380406
3.3388178861789	0.55484232979331
3.3362169819720	0.55553828015921
3.3336201267653	0.55623618028218
3.3310273111111	0.55693602543390
