#Parameters = {thARC=1; nARC=1.25; thsub=1; p=1; nSub=1.5}
#"Wavelength / um"	"T (120) [Real Part]"
#---------------------------------------
14.989622900000	0.96961126699473
14.937342202292	0.96967291114064
14.885424925521	0.96973469366728
14.833867293419	0.96979661379007
14.782665581854	0.96985867072203
14.731816117936	0.96992086367381
14.681315279138	0.96998319185372
14.631159492435	0.97004565446769
14.581345233463	0.97010825071936
14.531869025691	0.97017097981004
14.482727439614	0.97023384093876
14.433917091960	0.97029683330226
14.385434644914	0.97035995609503
14.337276805356	0.97042320850929
14.289440324118	0.97048658973506
14.241921995249	0.97055009896013
14.194718655303	0.97061373537009
14.147827182633	0.97067749814836
14.101244496707	0.97074138647619
14.054967557431	0.97080539953266
14.008993364486	0.97086953649475
13.963318956684	0.97093379653728
13.917941411328	0.97099817883301
13.872857843591	0.97106268255257
13.828065405904	0.97112730686455
13.783561287356	0.97119205093546
13.739342713107	0.97125691392980
13.695406943810	0.97132189501001
13.651751275046	0.97138699333653
13.608373036768	0.97145220806782
13.565269592760	0.97151753836035
13.522438340099	0.97158298336862
13.479876708633	0.97164854224520
13.437582160466	0.97171421414070
13.395552189455	0.97177999820384
13.353784320713	0.97184589358142
13.312276110124	0.97191189941836
13.271025143869	0.97197801485769
13.230029037952	0.97204423904063
13.189285437747	0.97211057110649
13.148792017544	0.97217701019282
13.108546480105	0.97224355543531
13.068546556234	0.97231020596787
13.028790004346	0.97237696092264
12.989274610052	0.97244381942998
12.949998185745	0.97251078061849
12.910958570198	0.97257784361504
12.872153628167	0.97264500754480
12.833581250000	0.97271227153120
12.795239351259	0.97277963469598
12.757125872340	0.97284709615923
12.719238778108	0.97291465503934
12.681576057530	0.97298231045308
12.644135723323	0.97305006151558
12.606915811606	0.97311790734033
12.569914381551	0.97318584703924
12.533129515050	0.97325387972261
12.496559316382	0.97332200449918
12.460201911887	0.97339022047612
12.424055449648	0.97345852675904
12.388118099174	0.97352692245205
12.352388051092	0.97359540665771
12.316863516845	0.97366397847708
12.281542728390	0.97373263700975
12.246423937908	0.97380138135381
12.211505417515	0.97387021060590
12.176785458976	0.97393912386120
12.142262373431	0.97400812021348
12.107934491115	0.97407719875507
12.073800161095	0.97414635857690
12.039857751004	0.97421559876851
12.006105646776	0.97428491841805
11.972542252396	0.97435431661232
11.939165989646	0.97442379243677
11.905975297855	0.97449334497551
11.872968633663	0.97456297331132
11.840144470774	0.97463267652569
11.807501299724	0.97470245369878
11.775037627651	0.97477230390952
11.742751978065	0.97484222623552
11.710642890625	0.97491221975317
11.678708920919	0.97498228353760
11.646948640249	0.97505241666274
11.615360635413	0.97512261820128
11.583943508501	0.97519288722471
11.552695876686	0.97526322280335
11.521616372022	0.97533362400634
11.490703641242	0.97540408990165
11.459956345566	0.97547461955613
11.429373160503	0.97554521203546
11.398952775665	0.97561586640424
11.368693894577	0.97568658172594
11.338595234493	0.97575735706292
11.308655526217	0.97582819147651
11.278873513920	0.97589908402693
11.249247954972	0.97597003377336
11.219777619760	0.97604103977394
11.190461291527	0.97611210108578
11.161297766195	0.97618321676499
11.132285852209	0.97625438586665
11.103424370370	0.97632560744489
11.074712153676	0.97639688055282
11.046148047163	0.97646820424263
11.017730907755	0.97653957756553
10.989459604106	0.97661099957181
10.961333016453	0.97668246931083
10.933350036470	0.97675398583103
10.905509567115	0.97682554817998
10.877810522496	0.97689715540434
10.850251827723	0.97696880654990
10.822832418773	0.97704050066159
10.795551242348	0.97711223678351
10.768407255747	0.97718401395891
10.741399426729	0.97725583123022
10.714526733381	0.97732768763906
10.687788163993	0.97739958222627
10.661182716927	0.97747151403187
10.634709400497	0.97754348209515
10.608367232838	0.97761548545461
10.582155241793	0.97768752314803
10.556072464789	0.97775959421243
10.530117948718	0.97783169768413
10.504290749825	0.97790383259873
10.478589933590	0.97797599799114
10.453014574616	0.97804819289559
10.427563756522	0.97812041634563
10.402236571825	0.97819266737414
10.377032121841	0.97826494501338
10.351949516575	0.97833724829497
10.326987874612	0.97840957624989
10.302146323024	0.97848192790853
10.277423997257	0.97855430230067
10.252820041040	0.97862669845552
10.228333606278	0.97869911540170
10.203963852961	0.97877155216728
10.179709949066	0.97884400777979
10.155571070461	0.97891648126620
10.131546400811	0.97898897165299
10.107635131490	0.97906147796609
10.083836461487	0.97913399923098
10.060149597315	0.97920653447260
10.036573752929	0.97927908271546
10.013108149633	0.97935164298358
9.9897520159947	0.97942421430055
9.9665045877660	0.97949679568950
9.9433651077944	0.97956938617314
9.9203328259431	0.97964198477379
9.8974069990096	0.97971459051335
9.8745868906456	0.97978720241332
9.8518717712783	0.97985981949484
9.8292609180328	0.97993244077868
9.8067536146549	0.98000506528526
9.7843491514360	0.98007769203465
9.7620468251384	0.98015032004661
9.7398459389214	0.98022294834057
9.7177458022690	0.98029557593564
9.6957457309185	0.98036820185068
9.6738450467893	0.98044082510422
9.6520430779137	0.98051344471457
9.6303391583681	0.98058605969975
9.6087326282051	0.98065866907754
9.5872228333866	0.98073127186551
9.5658091257179	0.98080386708098
9.5444908627826	0.98087645374110
9.5232674078780	0.98094903086278
9.5021381299525	0.98102159746278
9.4811024035421	0.98109415255768
9.4601596087094	0.98116669516389
9.4393091309824	0.98123922429769
9.4185503612944	0.98131173897522
9.3978826959248	0.98138423821248
9.3773055364404	0.98145672102538
9.3568182896380	0.98152918642972
9.3364203674868	0.98160163344123
9.3161111870727	0.98167406107554
9.2958901705426	0.98174646834823
9.2757567450495	0.98181885427484
9.2557103426984	0.98189121787085
9.2357504004929	0.98196355815174
9.2158763602828	0.98203587413295
9.1960876687117	0.98210816482994
9.1763837771656	0.98218042925816
9.1567641417227	0.98225266643311
9.1372282231027	0.98232487537029
9.1177754866180	0.98239705508528
9.0984054021244	0.98246920459370
9.0791174439733	0.98254132291124
9.0599110909640	0.98261340905368
9.0407858262967	0.98268546203691
9.0217411375263	0.98275748087690
9.0027765165165	0.98282946458975
8.9838914593947	0.98290141219171
8.9650854665072	0.98297332269914
8.9463580423754	0.98304519512861
8.9277086956522	0.98311702849679
8.9091369390788	0.98318882182060
8.8906422894425	0.98326057411711
8.8722242675348	0.98333228440361
8.8538823981099	0.98340395169760
8.8356162098438	0.98347557501683
8.8174252352941	0.98354715337928
8.7993090108600	0.98361868580319
8.7812670767428	0.98369017130706
8.7632989769073	0.98376160890968
8.7454042590432	0.98383299763014
8.7275824745269	0.98390433648780
8.7098331783847	0.98397562450239
8.6921559292549	0.98404686069393
8.6745502893519	0.98411804408279
8.6570158244297	0.98418917368972
8.6395521037464	0.98426024853581
8.6221587000288	0.98433126764254
8.6048351894374	0.98440223003179
8.5875811515325	0.98447313472583
8.5703961692396	0.98454398074736
8.5532798288160	0.98461476711952
8.5362317198178	0.98468549286587
8.5192514350668	0.98475615701043
8.5023385706183	0.98482675857772
8.4854927257288	0.98489729659271
8.4687135028249	0.98496777008087
8.4520005074711	0.98503817806817
8.4353533483399	0.98510851958114
8.4187716371806	0.98517879364678
8.4022549887892	0.98524899929269
8.3858030209790	0.98531913554701
8.3694153545505	0.98538920143843
8.3530916132627	0.98545919599625
8.3368314238042	0.98552911825036
8.3206344157646	0.98559896723126
8.3045002216066	0.98566874197008
8.2884284766381	0.98573844149856
8.2724188189845	0.98580806484911
8.2564708895621	0.98587761105481
8.2405843320506	0.98594707914940
8.2247587928669	0.98601646816730
8.2089939211391	0.98608577714365
8.1932893686800	0.98615500511430
8.1776447899618	0.98622415111581
8.1620598420909	0.98629321418550
8.1465341847826	0.98636219336145
8.1310674803363	0.98643108768247
8.1156593936113	0.98649989618819
8.1003095920022	0.98656861791901
8.0850177454153	0.98663725191615
8.0697835262450	0.98670579722163
8.0546066093498	0.98677425287833
8.0394866720300	0.98684261792995
8.0244233940043	0.98691089142107
8.0094164573871	0.98697907239714
7.9944655466667	0.98704715990448
7.9795703486825	0.98711515299033
7.9647305526036	0.98718305070283
7.9499458499072	0.98725085209106
7.9352159343568	0.98731855620503
7.9205405019815	0.98738616209570
7.9059192510549	0.98745366881501
7.8913518820742	0.98752107541588
7.8768380977404	0.98758838095221
7.8623776029373	0.98765558447893
7.8479701047120	0.98772268505197
7.8336153122550	0.98778968172832
7.8193129368805	0.98785657356600
7.8050626920073	0.98792335962409
7.7908642931393	0.98799003896277
7.7767174578470	0.98805661064329
7.7626219057483	0.98812307372801
7.7485773584906	0.98818942728042
7.7345835397317	0.98825567036513
7.7206401751223	0.98832180204789
7.7067469922879	0.98838782139562
7.6929037208109	0.98845372747642
7.6791100922131	0.98851951935957
7.6653658399386	0.98858519611554
7.6516706993364	0.98865075681604
7.6380244076433	0.98871620053400
7.6244267039674	0.98878152634358
7.6108773292714	0.98884673332022
7.5973760263558	0.98891182054062
7.5839225398432	0.98897678708277
7.5705166161616	0.98904163202595
7.5571580035291	0.98910635445077
7.5438464519376	0.98917095343916
7.5305817131374	0.98923542807440
7.5173635406219	0.98929977744111
7.5041916896120	0.98936400062530
7.4910659170415	0.98942809671436
7.4779859815415	0.98949206479708
7.4649516434263	0.98955590396365
7.4519626646781	0.98961961330572
7.4390188089330	0.98968319191634
7.4261198414664	0.98974663889006
7.4132655291790	0.98980995332287
7.4004556405826	0.98987313431227
7.3876899457861	0.98993618095724
7.3749682164822	0.98999909235829
7.3622902259332	0.99006186761744
7.3496557489581	0.99012450583829
7.3370645619187	0.99018700612595
7.3245164427071	0.99024936758713
7.3120111707317	0.99031158933014
7.2995485269053	0.99037367046487
7.2871282936315	0.99043561010282
7.2747502547925	0.99049740735715
7.2624141957364	0.99055906134265
7.2501199032648	0.99062057117575
7.2378671656205	0.99068193597460
7.2256557724753	0.99074315485899
7.2134855149182	0.99080422695045
7.2013561854432	0.99086515137221
7.1892675779376	0.99092592724925
7.1772194876706	0.99098655370828
7.1652117112811	0.99104702987777
7.1532440467669	0.99110735488800
7.1413162934731	0.99116752787100
7.1294282520809	0.99122754796064
7.1175797245964	0.99128741429260
7.1057705143399	0.99134712600438
7.0940004259347	0.99140668223536
7.0822692652965	0.99146608212677
7.0705768396226	0.99152532482172
7.0589229573817	0.99158440946521
7.0473074283028	0.99164333520418
7.0357300633654	0.99170210118746
7.0241906747891	0.99176070656583
7.0126890760234	0.99181915049204
7.0012250817375	0.99187743212080
6.9897985078107	0.99193555060880
6.9784091713222	0.99199350511473
6.9670568905415	0.99205129479929
6.9557414849188	0.99210891882523
6.9444627750753	0.99216637635733
6.9332205827937	0.99222366656242
6.9220147310090	0.99228078860942
6.9108450437990	0.99233774166932
6.8997113463751	0.99239452491523
6.8886134650735	0.99245113752238
6.8775512273457	0.99250757866812
6.8665244617499	0.99256384753195
6.8555329979419	0.99261994329555
6.8445766666667	0.99267586514274
6.8336552997493	0.99273161225959
6.8227687300865	0.99278718383431
6.8119167916383	0.99284257905739
6.8010993194192	0.99289779712153
6.7903161494904	0.99295283722169
6.7795671189507	0.99300769855508
6.7688520659291	0.99306238032121
6.7581708295762	0.99311688172189
6.7475232500563	0.99317120196122
6.7369091685393	0.99322534024565
6.7263284271932	0.99327929578395
6.7157808691756	0.99333306778726
6.7052663386267	0.99338665546910
6.6947846806610	0.99344005804534
6.6843357413601	0.99349327473428
6.6739193677649	0.99354630475663
6.6635354078684	0.99359914733553
6.6531837106081	0.99365180169655
6.6428641258586	0.99370426706775
6.6325765044248	0.99375654267962
6.6223206980340	0.99380862776519
6.6120965593295	0.99386052155994
6.6019039418630	0.99391222330191
6.5917427000879	0.99396373223165
6.5816126893524	0.99401504759228
6.5715137658922	0.99406616862945
6.5614457868243	0.99411709459140
6.5514086101399	0.99416782472898
6.5414020946978	0.99421835829562
6.5314261002179	0.99426869454738
6.5214804872743	0.99431883274295
6.5115651172893	0.99436877214369
6.5016798525266	0.99441851201359
6.4918245560849	0.99446805161935
6.4819990918919	0.99451739023033
6.4722033246978	0.99456652711864
6.4624371200690	0.99461546155906
6.4527003443823	0.99466419282916
6.4429928648184	0.99471272020921
6.4333145493562	0.99476104298227
6.4236652667667	0.99480916043419
6.4140448866068	0.99485707185358
6.4044532792138	0.99490477653189
6.3948903156997	0.99495227376338
6.3853558679446	0.99499956284512
6.3758498085921	0.99504664307707
6.3663720110427	0.99509351376203
6.3569223494487	0.99514017420569
6.3475006987084	0.99518662371662
6.3381069344609	0.99523286160630
6.3287409330800	0.99527888718912
6.3194025716695	0.99532469978244
6.3100917280572	0.99537029870652
6.3008082807902	0.99541568328460
6.2915521091291	0.99546085284292
6.2823230930427	0.99550580671067
6.2731211132036	0.99555054422006
6.2639460509820	0.99559506470632
6.2547977884415	0.99563936750771
6.2456762083333	0.99568345196552
6.2365811940919	0.99572731742412
6.2275126298297	0.99577096323092
6.2184704003319	0.99581438873644
6.2094543910522	0.99585759329428
6.2004644881075	0.99590057626118
6.1915005782734	0.99594333699696
6.1825625489792	0.99598587486462
6.1736502883031	0.99602818923028
6.1647636849681	0.99607027946324
6.1559026283368	0.99611214493597
6.1470670084068	0.99615378502414
6.1382567158067	0.99619519910661
6.1294716417910	0.99623638656547
6.1207116782360	0.99627734678602
6.1119767176351	0.99631807915683
6.1032666530945	0.99635858306969
6.0945813783289	0.99639885791969
6.0859207876573	0.99643890310518
6.0772847759984	0.99647871802781
6.0686732388664	0.99651830209254
6.0600860723671	0.99655765470764
6.0515231731934	0.99659677528471
6.0429844386212	0.99663566323870
6.0344697665056	0.99667431798792
6.0259790552764	0.99671273895403
6.0175122039342	0.99675092556208
6.0090691120465	0.99678887724052
6.0006496797438	0.99682659342119
5.9922538077154	0.99686407353936
5.9838813972056	0.99690131703372
5.9755323500100	0.99693832334639
5.9672065684713	0.99697509192297
5.9589039554760	0.99701162221250
5.9506244144502	0.99704791366751
5.9423678493558	0.99708396574400
5.9341341646873	0.99711977790149
5.9259232654675	0.99715534960300
5.9177350572444	0.99719068031506
5.9095694460871	0.99722576950776
5.9014263385827	0.99726061665472
5.8933056418321	0.99729522123311
5.8852072634472	0.99732958272368
5.8771311115468	0.99736370061075
5.8690770947533	0.99739757438222
5.8610451221896	0.99743120352963
5.8530351034752	0.99746458754807
5.8450469487229	0.99749772593631
5.8370805685358	0.99753061819671
5.8291358740035	0.99756326383530
5.8212127766990	0.99759566236176
5.8133111886756	0.99762781328942
5.8054310224632	0.99765971613529
5.7975721910656	0.99769137042008
5.7897346079567	0.99772277566817
5.7819181870781	0.99775393140768
5.7741228428351	0.99778483717042
5.7663484900942	0.99781549249192
5.7585950441798	0.99784589691146
5.7508624208709	0.99787604997208
5.7431505363985	0.99790595122054
5.7354593074421	0.99793560020739
5.7277886511272	0.99796499648695
5.7201384850219	0.99799413961732
5.7125087271341	0.99802302916039
5.7048992959087	0.99805166468187
5.6973101102242	0.99808004575127
5.6897410893908	0.99810817194191
5.6821921531463	0.99813604283096
5.6746632216544	0.99816365799943
5.6671542155009	0.99819101703216
5.6596650556919	0.99821811951786
5.6521956636501	0.99824496504911
5.6447459612126	0.99827155322235
5.6373158706281	0.99829788363792
5.6299053145540	0.99832395590003
5.6225142160540	0.99834976961682
5.6151424985952	0.99837532440031
5.6077900860456	0.99840061986645
5.6004569026714	0.99842565563512
5.5931428731343	0.99845043133011
5.5858479224893	0.99847494657918
5.5785719761816	0.99849920101402
5.5713149600446	0.99852319427028
5.5640768002970	0.99854692598756
5.5568574235403	0.99857039580946
5.5496567567568	0.99859360338354
5.5424747273063	0.99861654836135
5.5353112629247	0.99863923039842
5.5281662917204	0.99866164915430
5.5210397421731	0.99868380429254
5.5139315431304	0.99870569548071
5.5068416238060	0.99872732239038
5.4997699137773	0.99874868469718
5.4927163429828	0.99876978208073
5.4856808417200	0.99879061422475
5.4786633406433	0.99881118081695
5.4716637707611	0.99883148154913
5.4646820634342	0.99885151611713
5.4577181503732	0.99887128422088
5.4507719636364	0.99889078556436
5.4438434356274	0.99891001985563
5.4369324990932	0.99892898680685
5.4300390871219	0.99894768613424
5.4231631331404	0.99896611755816
5.4163045709124	0.99898428080302
5.4094633345363	0.99900217559738
5.4026393584430	0.99901980167388
5.3958325773938	0.99903715876930
5.3890429264785	0.99905424662453
5.3822703411131	0.99907106498458
5.3755147570378	0.99908761359860
5.3687761103152	0.99910389221989
5.3620543373278	0.99911990060587
5.3553493747767	0.99913563851812
5.3486611596789	0.99915110572235
5.3419896293656	0.99916630198846
5.3353347214807	0.99918122709047
5.3286963739780	0.99919588080659
5.3220745251198	0.99921026291919
5.3154691134752	0.99922437321480
5.3088800779175	0.99923821148415
5.3023073576229	0.99925177752213
5.2957508920685	0.99926507112781
5.2892106210303	0.99927809210446
5.2826864845815	0.99929084025952
5.2761784230905	0.99930331540465
5.2696863772192	0.99931551735568
5.2632102879213	0.99932744593265
5.2567500964405	0.99933910095980
5.2503057443082	0.99935048226559
5.2438771733427	0.99936158968266
5.2374643256464	0.99937242304788
5.2310671436050	0.99938298220232
5.2246855698850	0.99939326699129
5.2183195474326	0.99940327726428
5.2119690194715	0.99941301287504
5.2056339295016	0.99942247368150
5.1993142212973	0.99943165954586
5.1930098389052	0.99944057033451
5.1867207266436	0.99944920591808
5.1804468290997	0.99945756617144
5.1741880911288	0.99946565097367
5.1679444578521	0.99947346020810
5.1617158746556	0.99948099376229
5.1555022871883	0.99948825152803
5.1493036413604	0.99949523340134
5.1431198833419	0.99950193928251
5.1369509595613	0.99950836907602
5.1307968167037	0.99951452269064
5.1246574017094	0.99952040003934
5.1185326617722	0.99952600103935
5.1124225443383	0.99953132561213
5.1063269971044	0.99953637368340
5.1002459680163	0.99954114518311
5.0941794052676	0.99954564004544
5.0881272572980	0.99954985820884
5.0820894727920	0.99955379961598
5.0760660006773	0.99955746421378
5.0700567901235	0.99956085195340
5.0640617905405	0.99956396279025
5.0580809515775	0.99956679668396
5.0521142231210	0.99956935359843
5.0461615552937	0.99957163350177
5.0402228984533	0.99957363636635
5.0342982031906	0.99957536216878
5.0283874203287	0.99957681088988
5.0224905009214	0.99957798251475
5.0166073962517	0.99957887703268
5.0107380578305	0.99957949443722
5.0048824373957	0.99957983472616
4.9990404869101	0.99957989790149
4.9932121585610	0.99957968396946
4.9873974047579	0.99957919294052
4.9815961781323	0.99957842482938
4.9758084315353	0.99957737965495
4.9700341180371	0.99957605744035
4.9642731909256	0.99957445821296
4.9585256037049	0.99957258200435
4.9527913100942	0.99957042885030
4.9470702640264	0.99956799879083
4.9413624196473	0.99956529187014
4.9356677313138	0.99956230813665
4.9299861535932	0.99955904764300
4.9243176412615	0.99955551044602
4.9186621493027	0.99955169660673
4.9130196329072	0.99954760619036
4.9073900474709	0.99954323926633
4.9017733485939	0.99953859590825
4.8961694920790	0.99953367619392
4.8905784339315	0.99952848020532
4.8850001303569	0.99952300802861
4.8794345377604	0.99951725975412
4.8738816127459	0.99951123547637
4.8683413121143	0.99950493529404
4.8628135928629	0.99949835930997
4.8572984121841	0.99949150763117
4.8517957274640	0.99948438036880
4.8463054962819	0.99947697763817
4.8408276764088	0.99946929955876
4.8353622258065	0.99946134625417
4.8299091026261	0.99945311785216
4.8244682652076	0.99944461448460
4.8190396720784	0.99943583628752
4.8136232819525	0.99942678340106
4.8082190537289	0.99941745596948
4.8028269464915	0.99940785414116
4.7974469195071	0.99939797806860
4.7920789322251	0.99938782790839
4.7867229442759	0.99937740382124
4.7813789154705	0.99936670597194
4.7760468057989	0.99935573452938
4.7707265754297	0.99934448966653
4.7654181847083	0.99933297156044
4.7601215941569	0.99932118039224
4.7548367644726	0.99930911634714
4.7495636565272	0.99929677961437
4.7443022313657	0.99928417038727
4.7390524502055	0.99927128886320
4.7338142744355	0.99925813524357
4.7285876656151	0.99924470973383
4.7233725854735	0.99923101254346
4.7181689959081	0.99921704388598
4.7129768589844	0.99920280397892
4.7077961369347	0.99918829304381
4.7026267921569	0.99917351130622
4.6974687872140	0.99915845899570
4.6923220848333	0.99914313634578
4.6871866479049	0.99912754359401
4.6820624394815	0.99911168098191
4.6769494227769	0.99909554875495
4.6718475611657	0.99907914716259
4.6667568181818	0.99906247645826
4.6616771575183	0.99904553689931
4.6566085430258	0.99902832874706
4.6515509387122	0.99901085226676
4.6465043087415	0.99899310772759
4.6414686174330	0.99897509540265
4.6364438292607	0.99895681556898
4.6314299088522	0.99893826850749
4.6264268209877	0.99891945450302
4.6214345305997	0.99890037384428
4.6164530027718	0.99888102682390
4.6114822027380	0.99886141373834
4.6065220958820	0.99884153488798
4.6015726477360	0.99882139057701
4.5966338239804	0.99880098111352
4.5917055904426	0.99878030680943
4.5867879130967	0.99875936798047
4.5818807580621	0.99873816494624
4.5769840916031	0.99871669803013
4.5720978801281	0.99869496755936
4.5672220901889	0.99867297386496
4.5623566884797	0.99865071728172
4.5575016418364	0.99862819814826
4.5526569172361	0.99860541680696
4.5478224817961	0.99858237360395
4.5429983027731	0.99855906888916
4.5381843475628	0.99853550301624
4.5333805836988	0.99851167634259
4.5285869788520	0.99848758922937
4.5238035008299	0.99846324204142
4.5190301175761	0.99843863514733
4.5142667971691	0.99841376891940
4.5095135078219	0.99838864373360
4.5047702178813	0.99836325996961
4.5000368958271	0.99833761801078
4.4953135102714	0.99831171824415
4.4906000299581	0.99828556106039
4.4858964237618	0.99825914685385
4.4812026606876	0.99823247602249
4.4765187098701	0.99820554896795
4.4718445405728	0.99817836609545
4.4671801221875	0.99815092781383
4.4625254242334	0.99812323453557
4.4578804163569	0.99809528667669
4.4532450683304	0.99806708465684
4.4486193500519	0.99803862889922
4.4440032315446	0.99800991983060
4.4393966829557	0.99798095788130
4.4347996745562	0.99795174348521
4.4302121767401	0.99792227707971
4.4256341600236	0.99789255910576
4.4210655950450	0.99786259000779
4.4165064525633	0.99783237023375
4.4119567034584	0.99780190023509
4.4074163187298	0.99777118046674
4.4028852694963	0.99774021138711
4.3983635269953	0.99770899345806
4.3938510625824	0.99767752714491
4.3893478477306	0.99764581291644
4.3848538540295	0.99761385124484
4.3803690531853	0.99758164260573
4.3758934170194	0.99754918747816
4.3714269174686	0.99751648634454
4.3669695265841	0.99748353969072
4.3625212165309	0.99745034800589
4.3580819595871	0.99741691178264
4.3536517281441	0.99738323151690
4.3492304947048	0.99734930770797
4.3448182318841	0.99731514085845
4.3404149124077	0.99728073147432
4.3360205091119	0.99724608006482
4.3316349949429	0.99721118714254
4.3272583429561	0.99717605322336
4.3228905263158	0.99714067882641
4.3185315182944	0.99710506447413
4.3141812922723	0.99706921069220
4.3098398217366	0.99703311800958
4.3055070802815	0.99699678695843
4.3011830416069	0.99696021807418
4.2968676795184	0.99692341189544
4.2925609679267	0.99688636896407
4.2882628808468	0.99684908982509
4.2839733923978	0.99681157502673
4.2796924768023	0.99677382512037
4.2754201083856	0.99673584066058
4.2711562615757	0.99669762220507
4.2669009109024	0.99665917031468
4.2626540309967	0.99662048555340
4.2584155965909	0.99658156848834
4.2541855825174	0.99654241968968
4.2499639637085	0.99650303973075
4.2457507151961	0.99646342918793
4.2415458121109	0.99642358864068
4.2373492296820	0.99638351867153
4.2331609432364	0.99634321986605
4.2289809281986	0.99630269281286
4.2248091600902	0.99626193810360
4.2206456145291	0.99622095633294
4.2164902672293	0.99617974809854
4.2123430940003	0.99613831400106
4.2082040707468	0.99609665464416
4.2040731734680	0.99605477063444
4.1999503782572	0.99601266258149
4.1958356613016	0.99597033109782
4.1917289988814	0.99592777679891
4.1876303673697	0.99588500030314
4.1835397432319	0.99584200223182
4.1794571030252	0.99579878320914
4.1753824233983	0.99575534386222
4.1713156810909	0.99571168482102
4.1672568529330	0.99566780671839
4.1632059158450	0.99562371019004
4.1591628468368	0.99557939587451
4.1551276230076	0.99553486441319
4.1511002215453	0.99549011645028
4.1470806197261	0.99544515263279
4.1430687949143	0.99539997361055
4.1390647245616	0.99535458003615
4.1350683862069	0.99530897256497
4.1310797574755	0.99526315185516
4.1270988160793	0.99521711856760
4.1231255398157	0.99517087336595
4.1191599065677	0.99512441691656
4.1152018943034	0.99507774988852
4.1112514810752	0.99503087295362
4.1073086450199	0.99498378678634
4.1033733643581	0.99493649206387
4.0994456173937	0.99488898946604
4.0955253825137	0.99484127967535
4.0916126381875	0.99479336337695
4.0877073629670	0.99474524125864
4.0838095354856	0.99469691401082
4.0799191344584	0.99464838232652
4.0760361386812	0.99459964690137
4.0721605270307	0.99455070843359
4.0682922784638	0.99450156762397
4.0644313720174	0.99445222517589
4.0605777868075	0.99440268179527
4.0567315020298	0.99435293819056
4.0528924969582	0.99430299507277
4.0490607509454	0.99425285315542
4.0452362434219	0.99420251315453
4.0414189538959	0.99415197578863
4.0376088619529	0.99410124177872
4.0338059472551	0.99405031184831
4.0300101895416	0.99399918672332
4.0262215686274	0.99394786713217
4.0224400644036	0.99389635380569
4.0186656568365	0.99384464747715
4.0148983259676	0.99379274888223
4.0111380519133	0.99374065875901
4.0073848148643	0.99368837784799
4.0036385950855	0.99363590689203
3.9998993729153	0.99358324663634
3.9961671287657	0.99353039782854
3.9924418431216	0.99347736121855
3.9887234965407	0.99342413755865
3.9850120696531	0.99337072760343
3.9813075431607	0.99331713210980
3.9776098978373	0.99326335183698
3.9739191145281	0.99320938754645
3.9702351741491	0.99315524000201
3.9665580576872	0.99310090996968
3.9628877461996	0.99304639821776
3.9592242208135	0.99299170551680
3.9555674627260	0.99293683263956
3.9519174532033	0.99288178036103
3.9482741735809	0.99282654945841
3.9446376052632	0.99277114071109
3.9410077297226	0.99271555490065
3.9373845285001	0.99265979281086
3.9337679832043	0.99260385522761
3.9301580755113	0.99254774293898
3.9265547871644	0.99249145673517
3.9229580999738	0.99243499740852
3.9193679958164	0.99237836575347
3.9157844566353	0.99232156256658
3.9122074644395	0.99226458864649
3.9086370013038	0.99220744479393
3.9050730493682	0.99215013181170
3.9015155908381	0.99209265050465
3.8979646079834	0.99203500167969
3.8944200831385	0.99197718614577
3.8908819987021	0.99191920471383
3.8873503371369	0.99186105819687
3.8838250809690	0.99180274740986
3.8803062127880	0.99174427316977
3.8767937152463	0.99168563629554
3.8732875710594	0.99162683760809
3.8697877630050	0.99156787793028
3.8662942739231	0.99150875808695
3.8628070867156	0.99144947890482
3.8593261843460	0.99139004121257
3.8558515498392	0.99133044584078
3.8523831662812	0.99127069362192
3.8489210168186	0.99121078539036
3.8454650846588	0.99115072198234
3.8420153530693	0.99109050423596
3.8385718053777	0.99103013299118
3.8351344249712	0.99096960908980
3.8317031952965	0.99090893337544
3.8282780998595	0.99084810669356
3.8248591222251	0.99078712989141
3.8214462460166	0.99072600381804
3.8180394549159	0.99066472932429
3.8146387326632	0.99060330726276
3.8112440630562	0.99054173848782
3.8078554299505	0.99048002385560
3.8044728172589	0.99041816422396
3.8010962089514	0.99035616045248
3.7977255890550	0.99029401340247
3.7943609416530	0.99023172393694
3.7910022508852	0.99016929292058
3.7876495009476	0.99010672121978
3.7843026760919	0.99004400970261
3.7809617606256	0.98998115923876
3.7776267389113	0.98991817069960
3.7742975953670	0.98985504495813
3.7709743144654	0.98979178288898
3.7676568807339	0.98972838536838
3.7643452787544	0.98966485327417
3.7610394931627	0.98960118748578
3.7577395086488	0.98953738888422
3.7544453099562	0.98947345835207
3.7511568818819	0.98940939677346
3.7478742092762	0.98934520503407
3.7445972770422	0.98928088402112
3.7413260701360	0.98921643462333
3.7380605735661	0.98915185773096
3.7348007723932	0.98908715423576
3.7315466517301	0.98902232503095
3.7282981967417	0.98895737101125
3.7250553926441	0.98889229307282
3.7218182247052	0.98882709211331
3.7185866782436	0.98876176903178
3.7153607386293	0.98869632472874
3.7121403912828	0.98863076010609
3.7089256216751	0.98856507606718
3.7057164153276	0.98849927351673
3.7025127578115	0.98843335336084
3.6993146347483	0.98836731650700
3.6961220318087	0.98830116386405
3.6929349347130	0.98823489634218
3.6897533292308	0.98816851485294
3.6865772011805	0.98810202030916
3.6834065364295	0.98803541362504
3.6802413208937	0.98796869571604
3.6770815405372	0.98790186749893
3.6739271813725	0.98783492989177
3.6707782294600	0.98776788381387
3.6676346709078	0.98770073018582
3.6644964918714	0.98763346992942
3.6613636785540	0.98756610396773
3.6582362172056	0.98749863322504
3.6551140941234	0.98743105862682
3.6519972956511	0.98736338109976
3.6488858081792	0.98729560157173
3.6457796181442	0.98722772097179
3.6426787120292	0.98715974023013
3.6395830763628	0.98709166027813
3.6364926977196	0.98702348204828
3.6334075627197	0.98695520647421
3.6303276580286	0.98688683449067
3.6272529703569	0.98681836703350
3.6241834864603	0.98674980503964
3.6211191931393	0.98668114944713
3.6180600772387	0.98661240119503
3.6150061256481	0.98654356122351
3.6119573253012	0.98647463047374
3.6089136631756	0.98640560988796
3.6058751262930	0.98633650040939
3.6028417017185	0.98626730298230
3.5998133765610	0.98619801855193
3.5967901379724	0.98612864806451
3.5937719731479	0.98605919246723
3.5907588693257	0.98598965270826
3.5877508137865	0.98592002973672
3.5847477938539	0.98585032450263
3.5817497968937	0.98578053795698
3.5787568103140	0.98571067105163
3.5757688215649	0.98564072473937
3.5727858181385	0.98557069997384
3.5698077875685	0.98550059770960
3.5668347174301	0.98543041890204
3.5638665953400	0.98536016450740
3.5609034089559	0.98528983548276
3.5579451459767	0.98521943278603
3.5549917941421	0.98514895737593
3.5520433412322	0.98507841021197
3.5490997750681	0.98500779225446
3.5461610835108	0.98493710446447
3.5432272544616	0.98486634780385
3.5402982758621	0.98479552323517
3.5373741356932	0.98472463172175
3.5344548219759	0.98465367422765
3.5315403227706	0.98458265171762
3.5286306261770	0.98451156515710
3.5257257203340	0.98444041551224
3.5228255934195	0.98436920374984
3.5199302336503	0.98429793083737
3.5170396292820	0.98422659774294
3.5141537686086	0.98415520543529
3.5112726399625	0.98408375488380
3.5083962317145	0.98401224705842
3.5055245322732	0.98394068292973
3.5026575300853	0.98386906346887
3.4997952136353	0.98379738964755
3.4969375714452	0.98372566243803
3.4940845920746	0.98365388281312
3.4912362641202	0.98358205174616
3.4883925762160	0.98351017021099
3.4855535170329	0.98343823918196
3.4827190752788	0.98336625963389
3.4798892396982	0.98329423254211
3.4770639990721	0.98322215888236
3.4742433422181	0.98315003963088
3.4714272579898	0.98307787576430
3.4686157352771	0.98300566825969
3.4658087630058	0.98293341809451
3.4630063301375	0.98286112624664
3.4602084256694	0.98278879369430
3.4574150386345	0.98271642141611
3.4546261581009	0.98264401039100
3.4518417731721	0.98257156159828
3.4490618729867	0.98249907601755
3.4462864467180	0.98242655462872
3.4435154835745	0.98235399841202
3.4407489727993	0.98228140834792
3.4379869036697	0.98220878541720
3.4352292654979	0.98213613060084
3.4324760476300	0.98206344488011
3.4297272394463	0.98199072923645
3.4269828303612	0.98191798465156
3.4242428098230	0.98184521210728
3.4215071673134	0.98177241258568
3.4187758923480	0.98169958706896
3.4160489744758	0.98162673653949
3.4133264032791	0.98155386197975
3.4106081683732	0.98148096437236
3.4078942594066	0.98140804470005
3.4051846660609	0.98133510394562
3.4024793780502	0.98126214309198
3.3997783851213	0.98118916312205
3.3970816770538	0.98111616501884
3.3943892436594	0.98104314976538
3.3917010747822	0.98097011834470
3.3890171602984	0.98089707173985
3.3863374901163	0.98082401093386
3.3836620541761	0.98075093690972
3.3809908424495	0.98067785065038
3.3783238449403	0.98060475313874
3.3756610516834	0.98053164535762
3.3730024527453	0.98045852828973
3.3703480382237	0.98038540291769
3.3676977982476	0.98031227022400
3.3650517229768	0.98023913119102
3.3624098026021	0.98016598680094
3.3597720273451	0.98009283803580
3.3571383874580	0.98001968587744
3.3545088732237	0.97994653130751
3.3518834749553	0.97987337530744
3.3492621829963	0.97980021885842
3.3466449877205	0.97972706294139
3.3440318795315	0.97965390853703
3.3414228488631	0.97958075662574
3.3388178861789	0.97950760818762
3.3362169819720	0.97943446420245
3.3336201267653	0.97936132564968
3.3310273111111	0.97928819350842
