#Parameters = {thARC=1; nARC=2; thsub=1; p=1; nSub=1.5}
#"Wavelength / um"	"T (138) [Real Part]"
#---------------------------------------
14.989622900000	0.86014109379568
14.937342202292	0.85968341611110
14.885424925521	0.85922609400364
14.833867293419	0.85876915030997
14.782665581854	0.85831260769786
14.731816117936	0.85785648866641
14.681315279138	0.85740081554635
14.631159492435	0.85694561050029
14.581345233463	0.85649089552300
14.531869025691	0.85603669244180
14.482727439614	0.85558302291679
14.433917091960	0.85512990844125
14.385434644914	0.85467737034199
14.337276805356	0.85422542977971
14.289440324118	0.85377410774939
14.241921995249	0.85332342508068
14.194718655303	0.85287340243831
14.147827182633	0.85242406032253
14.101244496707	0.85197541906955
14.054967557431	0.85152749885195
14.008993364486	0.85108031967920
13.963318956684	0.85063390139809
13.917941411328	0.85018826369322
13.872857843591	0.84974342608752
13.828065405904	0.84929940794275
13.783561287356	0.84885622845999
13.739342713107	0.84841390668022
13.695406943810	0.84797246148482
13.651751275046	0.84753191159614
13.608373036768	0.84709227557804
13.565269592760	0.84665357183649
13.522438340099	0.84621581862014
13.479876708633	0.84577903402087
13.437582160466	0.84534323597445
13.395552189455	0.84490844226110
13.353784320713	0.84447467050613
13.312276110124	0.84404193818053
13.271025143869	0.84361026260164
13.230029037952	0.84317966093376
13.189285437747	0.84275015018883
13.148792017544	0.84232174722701
13.108546480105	0.84189446875744
13.068546556234	0.84146833133882
13.028790004346	0.84104335138013
12.989274610052	0.84061954514131
12.949998185745	0.84019692873390
12.910958570198	0.83977551812179
12.872153628167	0.83935532912190
12.833581250000	0.83893637740486
12.795239351259	0.83851867849573
12.757125872340	0.83810224777474
12.719238778108	0.83768710047796
12.681576057530	0.83727325169807
12.644135723323	0.83686071638505
12.606915811606	0.83644950934695
12.569914381551	0.83603964525057
12.533129515050	0.83563113862228
12.496559316382	0.83522400384867
12.460201911887	0.83481825517740
12.424055449648	0.83441390671785
12.388118099174	0.83401097244194
12.352388051092	0.83360946618489
12.316863516845	0.83320940164591
12.281542728390	0.83281079238906
12.246423937908	0.83241365184394
12.211505417515	0.83201799330649
12.176785458976	0.83162382993976
12.142262373431	0.83123117477467
12.107934491115	0.83084004071080
12.073800161095	0.83045044051715
12.039857751004	0.83006238683293
12.006105646776	0.82967589216831
11.972542252396	0.82929096890527
11.939165989646	0.82890762929828
11.905975297855	0.82852588547517
11.872968633663	0.82814574943788
11.840144470774	0.82776723306323
11.807501299724	0.82739034810373
11.775037627651	0.82701510618834
11.742751978065	0.82664151882327
11.710642890625	0.82626959739278
11.678708920919	0.82589935315993
11.646948640249	0.82553079726740
11.615360635413	0.82516394073825
11.583943508501	0.82479879447671
11.552695876686	0.82443536926899
11.521616372022	0.82407367578402
11.490703641242	0.82371372457427
11.459956345566	0.82335552607652
11.429373160503	0.82299909061263
11.398952775665	0.82264442839035
11.368693894577	0.82229154950406
11.338595234493	0.82194046393558
11.308655526217	0.82159118155494
11.278873513920	0.82124371212115
11.249247954972	0.82089806528297
11.219777619760	0.82055425057969
11.190461291527	0.82021227744191
11.161297766195	0.81987215519229
11.132285852209	0.81953389304632
11.103424370370	0.81919750011310
11.074712153676	0.81886298539609
11.046148047163	0.81853035779388
11.017730907755	0.81819962610093
10.989459604106	0.81787079900835
10.961333016453	0.81754388510463
10.933350036470	0.81721889287643
10.905509567115	0.81689583070927
10.877810522496	0.81657470688835
10.850251827723	0.81625552959920
10.822832418773	0.81593830692852
10.795551242348	0.81562304686484
10.768407255747	0.81530975729931
10.741399426729	0.81499844602639
10.714526733381	0.81468912074459
10.687788163993	0.81438178905723
10.661182716927	0.81407645847311
10.634709400497	0.81377313640725
10.608367232838	0.81347183018163
10.582155241793	0.81317254702586
10.556072464789	0.81287529407792
10.530117948718	0.81258007838485
10.504290749825	0.81228690690346
10.478589933590	0.81199578650103
10.453014574616	0.81170672395599
10.427563756522	0.81141972595863
10.402236571825	0.81113479911176
10.377032121841	0.81085194993143
10.351949516575	0.81057118484758
10.326987874612	0.81029251020473
10.302146323024	0.81001593226263
10.277423997257	0.80974145719698
10.252820041040	0.80946909110002
10.228333606278	0.80919883998125
10.203963852961	0.80893070976804
10.179709949066	0.80866470630634
10.155571070461	0.80840083536125
10.131546400811	0.80813910261773
10.107635131490	0.80787951368119
10.083836461487	0.80762207407816
10.060149597315	0.80736678925691
10.036573752929	0.80711366458804
10.013108149633	0.80686270536517
9.9897520159947	0.80661391680549
9.9665045877660	0.80636730405040
9.9433651077944	0.80612287216613
9.9203328259431	0.80588062614432
9.8974069990096	0.80564057090264
9.8745868906456	0.80540271128534
9.8518717712783	0.80516705206392
9.8292609180328	0.80493359793762
9.8067536146549	0.80470235353407
9.7843491514360	0.80447332340983
9.7620468251384	0.80424651205099
9.7398459389214	0.80402192387370
9.7177458022690	0.80379956322474
9.6957457309185	0.80357943438211
9.6738450467893	0.80336154155555
9.6520430779137	0.80314588888707
9.6303391583681	0.80293248045154
9.6087326282051	0.80272132025721
9.5872228333866	0.80251241224621
9.5658091257179	0.80230576029511
9.5444908627826	0.80210136821546
9.5232674078780	0.80189923975425
9.5021381299525	0.80169937859447
9.4811024035421	0.80150178835561
9.4601596087094	0.80130647259416
9.4393091309824	0.80111343480410
9.4185503612944	0.80092267841740
9.3978826959248	0.80073420680450
9.3773055364404	0.80054802327482
9.3568182896380	0.80036413107722
9.3364203674868	0.80018253340045
9.3161111870727	0.80000323337367
9.2958901705426	0.79982623406688
9.2757567450495	0.79965153849136
9.2557103426984	0.79947914960020
9.2357504004929	0.79930907028865
9.2158763602828	0.79914130339463
9.1960876687117	0.79897585169916
9.1763837771656	0.79881271792678
9.1567641417227	0.79865190474597
9.1372282231027	0.79849341476962
9.1177754866180	0.79833725055537
9.0984054021244	0.79818341460611
9.0791174439733	0.79803190937034
9.0599110909640	0.79788273724257
9.0407858262967	0.79773590056375
9.0217411375263	0.79759140162165
9.0027765165165	0.79744924265121
8.9838914593947	0.79730942583502
8.9650854665072	0.79717195330358
8.9463580423754	0.79703682713578
8.9277086956522	0.79690404935918
8.9091369390788	0.79677362195046
8.8906422894425	0.79664554683571
8.8722242675348	0.79651982589081
8.8538823981099	0.79639646094180
8.8356162098438	0.79627545376517
8.8174252352941	0.79615680608828
8.7993090108600	0.79604051958961
8.7812670767428	0.79592659589913
8.7632989769073	0.79581503659866
8.7454042590432	0.79570584322211
8.7275824745269	0.79559901725586
8.7098331783847	0.79549456013904
8.6921559292549	0.79539247326385
8.6745502893519	0.79529275797584
8.6570158244297	0.79519541557423
8.6395521037464	0.79510044731218
8.6221587000288	0.79500785439709
8.6048351894374	0.79491763799089
8.5875811515325	0.79482979921026
8.5703961692396	0.79474433912699
8.5532798288160	0.79466125876816
8.5362317198178	0.79458055911646
8.5192514350668	0.79450224111042
8.5023385706183	0.79442630564467
8.4854927257288	0.79435275357019
8.4687135028249	0.79428158569455
8.4520005074711	0.79421280278213
8.4353533483399	0.79414640555438
8.4187716371806	0.79408239469003
8.4022549887892	0.79402077082533
8.3858030209790	0.79396153455426
8.3694153545505	0.79390468642872
8.3530916132627	0.79385022695878
8.3368314238042	0.79379815661286
8.3206344157646	0.79374847581795
8.3045002216066	0.79370118495978
8.2884284766381	0.79365628438301
8.2724188189845	0.79361377439145
8.2564708895621	0.79357365524821
8.2405843320506	0.79353592717589
8.2247587928669	0.79350059035674
8.2089939211391	0.79346764493285
8.1932893686800	0.79343709100629
8.1776447899618	0.79340892863927
8.1620598420909	0.79338315785432
8.1465341847826	0.79335977863441
8.1310674803363	0.79333879092312
8.1156593936113	0.79332019462475
8.1003095920022	0.79330398960448
8.0850177454153	0.79329017568850
8.0697835262450	0.79327875266413
8.0546066093498	0.79326972027994
8.0394866720300	0.79326307824587
8.0244233940043	0.79325882623336
8.0094164573871	0.79325696387544
7.9944655466667	0.79325749076684
7.9795703486825	0.79326040646410
7.9647305526036	0.79326571048565
7.9499458499072	0.79327340231191
7.9352159343568	0.79328348138540
7.9205405019815	0.79329594711077
7.9059192510549	0.79331079885494
7.8913518820742	0.79332803594713
7.8768380977404	0.79334765767897
7.8623776029373	0.79336966330451
7.8479701047120	0.79339405204036
7.8336153122550	0.79342082306567
7.8193129368805	0.79344997552223
7.8050626920073	0.79348150851452
7.7908642931393	0.79351542110974
7.7767174578470	0.79355171233784
7.7626219057483	0.79359038119160
7.7485773584906	0.79363142662663
7.7345835397317	0.79367484756139
7.7206401751223	0.79372064287725
7.7067469922879	0.79376881141850
7.6929037208109	0.79381935199233
7.6791100922131	0.79387226336892
7.6653658399386	0.79392754428137
7.6516706993364	0.79398519342574
7.6380244076433	0.79404520946106
7.6244267039674	0.79410759100933
7.6108773292714	0.79417233665547
7.5973760263558	0.79423944494736
7.5839225398432	0.79430891439582
7.5705166161616	0.79438074347455
7.5571580035291	0.79445493062016
7.5438464519376	0.79453147423210
7.5305817131374	0.79461037267268
7.5173635406219	0.79469162426698
7.5041916896120	0.79477522730286
7.4910659170415	0.79486118003088
7.4779859815415	0.79494948066432
7.4649516434263	0.79504012737902
7.4519626646781	0.79513311831347
7.4390188089330	0.79522845156862
7.4261198414664	0.79532612520791
7.4132655291790	0.79542613725718
7.4004556405826	0.79552848570459
7.3876899457861	0.79563316850058
7.3749682164822	0.79574018355775
7.3622902259332	0.79584952875084
7.3496557489581	0.79596120191660
7.3370645619187	0.79607520085375
7.3245164427071	0.79619152332284
7.3120111707317	0.79631016704621
7.2995485269053	0.79643112970786
7.2871282936315	0.79655440895339
7.2747502547925	0.79668000238984
7.2624141957364	0.79680790758564
7.2501199032648	0.79693812207049
7.2378671656205	0.79707064333521
7.2256557724753	0.79720546883171
7.2134855149182	0.79734259597275
7.2013561854432	0.79748202213194
7.1892675779376	0.79762374464354
7.1772194876706	0.79776776080236
7.1652117112811	0.79791406786363
7.1532440467669	0.79806266304285
7.1413162934731	0.79821354351567
7.1294282520809	0.79836670641774
7.1175797245964	0.79852214884457
7.1057705143399	0.79867986785139
7.0940004259347	0.79883986045299
7.0822692652965	0.79900212362357
7.0705768396226	0.79916665429659
7.0589229573817	0.79933344936461
7.0473074283028	0.79950250567912
7.0357300633654	0.79967382005038
7.0241906747891	0.79984738924728
7.0126890760234	0.80002320999711
7.0012250817375	0.80020127898545
6.9897985078107	0.80038159285595
6.9784091713222	0.80056414821019
6.9670568905415	0.80074894160745
6.9557414849188	0.80093596956458
6.9444627750753	0.80112522855577
6.9332205827937	0.80131671501237
6.9220147310090	0.80151042532274
6.9108450437990	0.80170635583198
6.8997113463751	0.80190450284180
6.8886134650735	0.80210486261029
6.8775512273457	0.80230743135172
6.8665244617499	0.80251220523633
6.8555329979419	0.80271918039014
6.8445766666667	0.80292835289472
6.8336552997493	0.80313971878701
6.8227687300865	0.80335327405905
6.8119167916383	0.80356901465783
6.8010993194192	0.80378693648501
6.7903161494904	0.80400703539674
6.7795671189507	0.80422930720342
6.7688520659291	0.80445374766947
6.7581708295762	0.80468035251313
6.7475232500563	0.80490911740617
6.7369091685393	0.80514003797374
6.7263284271932	0.80537310979404
6.7157808691756	0.80560832839817
6.7052663386267	0.80584568926985
6.6947846806610	0.80608518784517
6.6843357413601	0.80632681951238
6.6739193677649	0.80657057961160
6.6635354078684	0.80681646343464
6.6531837106081	0.80706446622466
6.6428641258586	0.80731458317602
6.6325765044248	0.80756680943396
6.6223206980340	0.80782114009435
6.6120965593295	0.80807757020348
6.6019039418630	0.80833609475775
6.5917427000879	0.80859670870345
6.5816126893524	0.80885940693647
6.5715137658922	0.80912418430206
6.5614457868243	0.80939103559456
6.5514086101399	0.80965995555713
6.5414020946978	0.80993093888148
6.5314261002179	0.81020398020763
6.5214804872743	0.81047907412359
6.5115651172893	0.81075621516514
6.5016798525266	0.81103539781554
6.4918245560849	0.81131661650524
6.4819990918919	0.81159986561163
6.4722033246978	0.81188513945875
6.4624371200690	0.81217243231702
6.4527003443823	0.81246173840296
6.4429928648184	0.81275305187890
6.4333145493562	0.81304636685274
6.4236652667667	0.81334167737761
6.4140448866068	0.81363897745164
6.4044532792138	0.81393826101766
6.3948903156997	0.81423952196289
6.3853558679446	0.81454275411872
6.3758498085921	0.81484795126033
6.3663720110427	0.81515510710652
6.3569223494487	0.81546421531933
6.3475006987084	0.81577526950379
6.3381069344609	0.81608826320764
6.3287409330800	0.81640318992104
6.3194025716695	0.81672004307625
6.3100917280572	0.81703881604739
6.3008082807902	0.81735950215013
6.2915521091291	0.81768209464139
6.2823230930427	0.81800658671907
6.2731211132036	0.81833297152173
6.2639460509820	0.81866124212835
6.2547977884415	0.81899139155801
6.2456762083333	0.81932341276958
6.2365811940919	0.81965729866148
6.2275126298297	0.81999304207136
6.2184704003319	0.82033063577580
6.2094543910522	0.82067007249007
6.2004644881075	0.82101134486777
6.1915005782734	0.82135444550060
6.1825625489792	0.82169936691807
6.1736502883031	0.82204610158716
6.1647636849681	0.82239464191210
6.1559026283368	0.82274498023403
6.1470670084068	0.82309710883075
6.1382567158067	0.82345101991641
6.1294716417910	0.82380670564124
6.1207116782360	0.82416415809129
6.1119767176351	0.82452336928807
6.1032666530945	0.82488433118837
6.0945813783289	0.82524703568389
6.0859207876573	0.82561147460102
6.0772847759984	0.82597763970055
6.0686732388664	0.82634552267735
6.0600860723671	0.82671511516015
6.0515231731934	0.82708640871125
6.0429844386212	0.82745939482621
6.0344697665056	0.82783406493364
6.0259790552764	0.82821041039487
6.0175122039342	0.82858842250372
6.0090691120465	0.82896809248623
6.0006496797438	0.82934941150035
5.9922538077154	0.82973237063575
5.9838813972056	0.83011696091350
5.9755323500100	0.83050317328584
5.9672065684713	0.83089099863588
5.9589039554760	0.83128042777743
5.9506244144502	0.83167145145463
5.9423678493558	0.83206406034181
5.9341341646873	0.83245824504316
5.9259232654675	0.83285399609253
5.9177350572444	0.83325130395317
5.9095694460871	0.83365015901746
5.9014263385827	0.83405055160674
5.8933056418321	0.83445247197100
5.8852072634472	0.83485591028868
5.8771311115468	0.83526085666645
5.8690770947533	0.83566730113895
5.8610451221896	0.83607523366860
5.8530351034752	0.83648464414534
5.8450469487229	0.83689552238645
5.8370805685358	0.83730785813630
5.8291358740035	0.83772164106615
5.8212127766990	0.83813686077396
5.8133111886756	0.83855350678413
5.8054310224632	0.83897156854737
5.7975721910656	0.83939103544044
5.7897346079567	0.83981189676600
5.7819181870781	0.84023414175238
5.7741228428351	0.84065775955340
5.7663484900942	0.84108273924823
5.7585950441798	0.84150906984115
5.7508624208709	0.84193674026139
5.7431505363985	0.84236573936301
5.7354593074421	0.84279605592464
5.7277886511272	0.84322767864941
5.7201384850219	0.84366059616472
5.7125087271341	0.84409479702214
5.7048992959087	0.84453026969722
5.6973101102242	0.84496700258936
5.6897410893908	0.84540498402168
5.6821921531463	0.84584420224087
5.6746632216544	0.84628464541708
5.6671542155009	0.84672630164375
5.6596650556919	0.84716915893755
5.6521956636501	0.84761320523822
5.6447459612126	0.84805842840847
5.6373158706281	0.84850481623391
5.6299053145540	0.84895235642287
5.6225142160540	0.84940103660642
5.6151424985952	0.84985084433817
5.6077900860456	0.85030176709428
5.6004569026714	0.85075379227330
5.5931428731343	0.85120690719618
5.5858479224893	0.85166109910615
5.5785719761816	0.85211635516868
5.5713149600446	0.85257266247144
5.5640768002970	0.85303000802423
5.5568574235403	0.85348837875894
5.5496567567568	0.85394776152957
5.5424747273063	0.85440814311212
5.5353112629247	0.85486951020464
5.5281662917204	0.85533184942718
5.5210397421731	0.85579514732180
5.5139315431304	0.85625939035254
5.5068416238060	0.85672456490549
5.4997699137773	0.85719065728874
5.4927163429828	0.85765765373242
5.4856808417200	0.85812554038877
5.4786633406433	0.85859430333211
5.4716637707611	0.85906392855894
5.4646820634342	0.85953440198794
5.4577181503732	0.86000570946008
5.4507719636364	0.86047783673866
5.4438434356274	0.86095076950938
5.4369324990932	0.86142449338043
5.4300390871219	0.86189899388258
5.4231631331404	0.86237425646928
5.4163045709124	0.86285026651675
5.4094633345363	0.86332700932414
5.4026393584430	0.86380447011358
5.3958325773938	0.86428263403038
5.3890429264785	0.86476148614313
5.3822703411131	0.86524101144387
5.3755147570378	0.86572119484822
5.3687761103152	0.86620202119558
5.3620543373278	0.86668347524926
5.3553493747767	0.86716554169673
5.3486611596789	0.86764820514973
5.3419896293656	0.86813145014454
5.3353347214807	0.86861526114216
5.3286963739780	0.86909962252853
5.3220745251198	0.86958451861476
5.3154691134752	0.87006993363737
5.3088800779175	0.87055585175856
5.3023073576229	0.87104225706641
5.2957508920685	0.87152913357522
5.2892106210303	0.87201646522573
5.2826864845815	0.87250423588543
5.2761784230905	0.87299242934887
5.2696863772192	0.87348102933793
5.2632102879213	0.87397001950216
5.2567500964405	0.87445938341912
5.2503057443082	0.87494910459469
5.2438771733427	0.87543916646343
5.2374643256464	0.87592955238893
5.2310671436050	0.87642024566418
5.2246855698850	0.87691122951198
5.2183195474326	0.87740248708525
5.2119690194715	0.87789400146753
5.2056339295016	0.87838575567332
5.1993142212973	0.87887773264850
5.1930098389052	0.87936991527080
5.1867207266436	0.87986228635024
5.1804468290997	0.88035482862955
5.1741880911288	0.88084752478464
5.1679444578521	0.88134035742511
5.1617158746556	0.88183330909470
5.1555022871883	0.88232636227181
5.1493036413604	0.88281949936999
5.1431198833419	0.88331270273847
5.1369509595613	0.88380595466270
5.1307968167037	0.88429923736489
5.1246574017094	0.88479253300453
5.1185326617722	0.88528582367901
5.1124225443383	0.88577909142417
5.1063269971044	0.88627231821487
5.1002459680163	0.88676548596562
5.0941794052676	0.88725857653119
5.0881272572980	0.88775157170721
5.0820894727920	0.88824445323084
5.0760660006773	0.88873720278136
5.0700567901235	0.88922980198091
5.0640617905405	0.88972223239510
5.0580809515775	0.89021447553368
5.0521142231210	0.89070651285132
5.0461615552937	0.89119832574821
5.0402228984533	0.89168989557084
5.0342982031906	0.89218120361274
5.0283874203287	0.89267223111517
5.0224905009214	0.89316295926793
5.0166073962517	0.89365336921007
5.0107380578305	0.89414344203074
5.0048824373957	0.89463315876988
4.9990404869101	0.89512250041915
4.9932121585610	0.89561144792261
4.9873974047579	0.89609998217765
4.9815961781323	0.89658808403579
4.9758084315353	0.89707573430350
4.9700341180371	0.89756291374313
4.9642731909256	0.89804960307371
4.9585256037049	0.89853578297191
4.9527913100942	0.89902143407288
4.9470702640264	0.89950653697119
4.9413624196473	0.89999107222175
4.9356677313138	0.90047502034073
4.9299861535932	0.90095836180652
4.9243176412615	0.90144107706071
4.9186621493027	0.90192314650901
4.9130196329072	0.90240455052227
4.9073900474709	0.90288526943747
4.9017733485939	0.90336528355872
4.8961694920790	0.90384457315829
4.8905784339315	0.90432311847760
4.8850001303569	0.90480089972833
4.8794345377604	0.90527789709341
4.8738816127459	0.90575409072814
4.8683413121143	0.90622946076121
4.8628135928629	0.90670398729583
4.8572984121841	0.90717765041084
4.8517957274640	0.90765043016176
4.8463054962819	0.90812230658198
4.8408276764088	0.90859325968388
4.8353622258065	0.90906326945994
4.8299091026261	0.90953231588392
4.8244682652076	0.91000037891207
4.8190396720784	0.91046743848422
4.8136232819525	0.91093347452506
4.8082190537289	0.91139846694528
4.8028269464915	0.91186239564282
4.7974469195071	0.91232524050406
4.7920789322251	0.91278698140510
4.7867229442759	0.91324759821295
4.7813789154705	0.91370707078684
4.7760468057989	0.91416537897943
4.7707265754297	0.91462250263814
4.7654181847083	0.91507842160640
4.7601215941569	0.91553311572496
4.7548367644726	0.91598656483320
4.7495636565272	0.91643874877042
4.7443022313657	0.91688964737722
4.7390524502055	0.91733924049677
4.7338142744355	0.91778750797623
4.7285876656151	0.91823442966801
4.7233725854735	0.91867998543125
4.7181689959081	0.91912415513308
4.7129768589844	0.91956691865009
4.7077961369347	0.92000825586967
4.7026267921569	0.92044814669143
4.6974687872140	0.92088657102862
4.6923220848333	0.92132350880953
4.6871866479049	0.92175893997890
4.6820624394815	0.92219284449940
4.6769494227769	0.92262520235305
4.6718475611657	0.92305599354265
4.6667568181818	0.92348519809327
4.6616771575183	0.92391279605370
4.6566085430258	0.92433876749793
4.6515509387122	0.92476309252662
4.6465043087415	0.92518575126860
4.6414686174330	0.92560672388236
4.6364438292607	0.92602599055755
4.6314299088522	0.92644353151649
4.6264268209877	0.92685932701567
4.6214345305997	0.92727335734731
4.6164530027718	0.92768560284084
4.6114822027380	0.92809604386447
4.6065220958820	0.92850466082670
4.6015726477360	0.92891143417788
4.5966338239804	0.92931634441175
4.5917055904426	0.92971937206701
4.5867879130967	0.93012049772886
4.5818807580621	0.93051970203057
4.5769840916031	0.93091696565506
4.5720978801281	0.93131226933645
4.5672220901889	0.93170559386166
4.5623566884797	0.93209692007197
4.5575016418364	0.93248622886461
4.5526569172361	0.93287350119436
4.5478224817961	0.93325871807512
4.5429983027731	0.93364186058152
4.5381843475628	0.93402290985050
4.5333805836988	0.93440184708294
4.5285869788520	0.93477865354519
4.5238035008299	0.93515331057078
4.5190301175761	0.93552579956193
4.5142667971691	0.93589610199118
4.5095135078219	0.93626419940304
4.5047702178813	0.93663007341553
4.5000368958271	0.93699370572187
4.4953135102714	0.93735507809200
4.4906000299581	0.93771417237426
4.4858964237618	0.93807097049695
4.4812026606876	0.93842545447000
4.4765187098701	0.93877760638650
4.4718445405728	0.93912740842439
4.4671801221875	0.93947484284800
4.4625254242334	0.93981989200970
4.4578804163569	0.94016253835147
4.4532450683304	0.94050276440655
4.4486193500519	0.94084055280098
4.4440032315446	0.94117588625527
4.4393966829557	0.94150874758591
4.4347996745562	0.94183911970706
4.4302121767401	0.94216698563206
4.4256341600236	0.94249232847504
4.4210655950450	0.94281513145254
4.4165064525633	0.94313537788503
4.4119567034584	0.94345305119853
4.4074163187298	0.94376813492616
4.4028852694963	0.94408061270972
4.3983635269953	0.94439046830123
4.3938510625824	0.94469768556450
4.3893478477306	0.94500224847666
4.3848538540295	0.94530414112976
4.3803690531853	0.94560334773222
4.3758934170194	0.94589985261045
4.3714269174686	0.94619364021032
4.3669695265841	0.94648469509868
4.3625212165309	0.94677300196490
4.3580819595871	0.94705854562234
4.3536517281441	0.94734131100989
4.3492304947048	0.94762128319340
4.3448182318841	0.94789844736720
4.3404149124077	0.94817278885556
4.3360205091119	0.94844429311415
4.3316349949429	0.94871294573147
4.3272583429561	0.94897873243035
4.3228905263158	0.94924163906932
4.3185315182944	0.94950165164407
4.3141812922723	0.94975875628887
4.3098398217366	0.95001293927792
4.3055070802815	0.95026418702681
4.3011830416069	0.95051248609384
4.2968676795184	0.95075782318145
4.2925609679267	0.95100018513751
4.2882628808468	0.95123955895671
4.2839733923978	0.95147593178189
4.2796924768023	0.95170929090535
4.2754201083856	0.95193962377015
4.2711562615757	0.95216691797143
4.2669009109024	0.95239116125767
4.2626540309967	0.95261234153196
4.2584155965909	0.95283044685328
4.2541855825174	0.95304546543770
4.2499639637085	0.95325738565963
4.2457507151961	0.95346619605305
4.2415458121109	0.95367188531267
4.2373492296820	0.95387444229512
4.2331609432364	0.95407385602014
4.2289809281986	0.95427011567172
4.2248091600902	0.95446321059921
4.2206456145291	0.95465313031848
4.2164902672293	0.95483986451301
4.2123430940003	0.95502340303494
4.2082040707468	0.95520373590622
4.2040731734680	0.95538085331957
4.1999503782572	0.95555474563959
4.1958356613016	0.95572540340373
4.1917289988814	0.95589281732333
4.1876303673697	0.95605697828458
4.1835397432319	0.95621787734948
4.1794571030252	0.95637550575680
4.1753824233983	0.95652985492302
4.1713156810909	0.95668091644321
4.1672568529330	0.95682868209194
4.1632059158450	0.95697314382417
4.1591628468368	0.95711429377605
4.1551276230076	0.95725212426581
4.1511002215453	0.95738662779455
4.1470806197261	0.95751779704702
4.1430687949143	0.95764562489242
4.1390647245616	0.95777010438515
4.1350683862069	0.95789122876551
4.1310797574755	0.95800899146048
4.1270988160793	0.95812338608434
4.1231255398157	0.95823440643939
4.1191599065677	0.95834204651660
4.1152018943034	0.95844630049618
4.1112514810752	0.95854716274830
4.1073086450199	0.95864462783355
4.1033733643581	0.95873869050361
4.0994456173937	0.95882934570174
4.0955253825137	0.95891658856331
4.0916126381875	0.95900041441630
4.0877073629670	0.95908081878180
4.0838095354856	0.95915779737444
4.0799191344584	0.95923134610283
4.0760361386812	0.95930146106997
4.0721605270307	0.95936813857367
4.0682922784638	0.95943137510686
4.0644313720174	0.95949116735797
4.0605777868075	0.95954751221127
4.0567315020298	0.95960040674711
4.0528924969582	0.95964984824226
4.0490607509454	0.95969583417010
4.0452362434219	0.95973836220090
4.0414189538959	0.95977743020200
4.0376088619529	0.95981303623801
4.0338059472551	0.95984517857095
4.0300101895416	0.95987385566040
4.0262215686274	0.95989906616360
4.0224400644036	0.95992080893556
4.0186656568365	0.95993908302911
4.0148983259676	0.95995388769495
4.0111380519133	0.95996522238167
4.0073848148643	0.95997308673573
4.0036385950855	0.95997748060146
3.9998993729153	0.95997840402100
3.9961671287657	0.95997585723420
3.9924418431216	0.95996984067857
3.9887234965407	0.95996035498909
3.9850120696531	0.95994740099816
3.9813075431607	0.95993097973533
3.9776098978373	0.95991109242718
3.9739191145281	0.95988774049708
3.9702351741491	0.95986092556494
3.9665580576872	0.95983064944696
3.9628877461996	0.95979691415536
3.9592242208135	0.95975972189805
3.9555674627260	0.95971907507828
3.9519174532033	0.95967497629434
3.9482741735809	0.95962742833913
3.9446376052632	0.95957643419979
3.9410077297226	0.95952199705725
3.9373845285001	0.95946412028581
3.9337679832043	0.95940280745266
3.9301580755113	0.95933806231738
3.9265547871644	0.95926988883141
3.9229580999738	0.95919829113756
3.9193679958164	0.95912327356941
3.9157844566353	0.95904484065074
3.9122074644395	0.95896299709491
3.9086370013038	0.95887774780427
3.9050730493682	0.95878909786946
3.9015155908381	0.95869705256878
3.8979646079834	0.95860161736750
3.8944200831385	0.95850279791709
3.8908819987021	0.95840060005456
3.8873503371369	0.95829502980164
3.8838250809690	0.95818609336404
3.8803062127880	0.95807379713064
3.8767937152463	0.95795814767265
3.8732875710594	0.95783915174280
3.8697877630050	0.95771681627446
3.8662942739231	0.95759114838077
3.8628070867156	0.95746215535371
3.8593261843460	0.95732984466321
3.8558515498392	0.95719422395618
3.8523831662812	0.95705530105559
3.8489210168186	0.95691308395943
3.8454650846588	0.95676758083974
3.8420153530693	0.95661880004161
3.8385718053777	0.95646675008209
3.8351344249712	0.95631143964918
3.8317031952965	0.95615287760072
3.8282780998595	0.95599107296331
3.8248591222251	0.95582603493119
3.8214462460166	0.95565777286513
3.8180394549159	0.95548629629125
3.8146387326632	0.95531161489985
3.8112440630562	0.95513373854427
3.8078554299505	0.95495267723965
3.8044728172589	0.95476844116171
3.8010962089514	0.95458104064555
3.7977255890550	0.95439048618437
3.7943609416530	0.95419678842820
3.7910022508852	0.95399995818263
3.7876495009476	0.95380000640752
3.7843026760919	0.95359694421565
3.7809617606256	0.95339078287143
3.7776267389113	0.95318153378953
3.7742975953670	0.95296920853355
3.7709743144654	0.95275381881459
3.7676568807339	0.95253537648993
3.7643452787544	0.95231389356157
3.7610394931627	0.95208938217486
3.7577395086488	0.95186185461704
3.7544453099562	0.95163132331580
3.7511568818819	0.95139780083785
3.7478742092762	0.95116129988742
3.7445972770422	0.95092183330480
3.7413260701360	0.95067941406485
3.7380605735661	0.95043405527547
3.7348007723932	0.95018577017611
3.7315466517301	0.94993457213623
3.7282981967417	0.94968047465377
3.7250553926441	0.94942349135359
3.7218182247052	0.94916363598592
3.7185866782436	0.94890092242479
3.7153607386293	0.94863536466644
3.7121403912828	0.94836697682773
3.7089256216751	0.94809577314456
3.7057164153276	0.94782176797025
3.7025127578115	0.94754497577389
3.6993146347483	0.94726541113880
3.6961220318087	0.94698308876079
3.6929349347130	0.94669802344660
3.6897533292308	0.94641023011221
3.6865772011805	0.94611972378119
3.6834065364295	0.94582651958305
3.6802413208937	0.94553063275154
3.6770815405372	0.94523207862299
3.6739271813725	0.94493087263464
3.6707782294600	0.94462703032292
3.6676346709078	0.94432056732176
3.6644964918714	0.94401149936091
3.6613636785540	0.94369984226421
3.6582362172056	0.94338561194787
3.6551140941234	0.94306882441880
3.6519972956511	0.94274949577282
3.6488858081792	0.94242764219300
3.6457796181442	0.94210327994789
3.6426787120292	0.94177642538979
3.6395830763628	0.94144709495303
3.6364926977196	0.94111530515223
3.6334075627197	0.94078107258052
3.6303276580286	0.94044441390786
3.6272529703569	0.94010534587924
3.6241834864603	0.93976388531294
3.6211191931393	0.93942004909880
3.6180600772387	0.93907385419644
3.6150061256481	0.93872531763354
3.6119573253012	0.93837445650405
3.6089136631756	0.93802128796645
3.6058751262930	0.93766582924199
3.6028417017185	0.93730809761296
3.5998133765610	0.93694811042089
3.5967901379724	0.93658588506482
3.5937719731479	0.93622143899953
3.5907588693257	0.93585478973382
3.5877508137865	0.93548595482870
3.5847477938539	0.93511495189571
3.5817497968937	0.93474179859508
3.5787568103140	0.93436651263407
3.5757688215649	0.93398911176516
3.5727858181385	0.93360961378434
3.5698077875685	0.93322803652934
3.5668347174301	0.93284439787791
3.5638665953400	0.93245871574609
3.5609034089559	0.93207100808646
3.5579451459767	0.93168129288640
3.5549917941421	0.93128958816639
3.5520433412322	0.93089591197828
3.5490997750681	0.93050028240354
3.5461610835108	0.93010271755161
3.5432272544616	0.92970323555811
3.5402982758621	0.92930185458320
3.5373741356932	0.92889859280984
3.5344548219759	0.92849346844212
3.5315403227706	0.92808649970354
3.5286306261770	0.92767770483536
3.5257257203340	0.92726710209490
3.5228255934195	0.92685470975385
3.5199302336503	0.92644054609663
3.5170396292820	0.92602462941874
3.5141537686086	0.92560697802506
3.5112726399625	0.92518761022823
3.5083962317145	0.92476654434700
3.5055245322732	0.92434379870461
3.5026575300853	0.92391939162716
3.4997952136353	0.92349334144194
3.4969375714452	0.92306566647591
3.4940845920746	0.92263638505400
3.4912362641202	0.92220551549758
3.4883925762160	0.92177307612282
3.4855535170329	0.92133908523917
3.4827190752788	0.92090356114770
3.4798892396982	0.92046652213963
3.4770639990721	0.92002798649469
3.4742433422181	0.91958797247963
3.4714272579898	0.91914649834666
3.4686157352771	0.91870358233190
3.4658087630058	0.91825924265389
3.4630063301375	0.91781349751208
3.4602084256694	0.91736636508529
3.4574150386345	0.91691786353024
3.4546261581009	0.91646801098007
3.4518417731721	0.91601682554288
3.4490618729867	0.91556432530022
3.4462864467180	0.91511052830567
3.4435154835745	0.91465545258339
3.4407489727993	0.91419911612669
3.4379869036697	0.91374153689660
3.4352292654979	0.91328273282043
3.4324760476300	0.91282272179042
3.4297272394463	0.91236152166232
3.4269828303612	0.91189915025400
3.4242428098230	0.91143562534408
3.4215071673134	0.91097096467058
3.4187758923480	0.91050518592957
3.4160489744758	0.91003830677383
3.4133264032791	0.90957034481150
3.4106081683732	0.90910131760482
3.4078942594066	0.90863124266875
3.4051846660609	0.90816013746973
3.4024793780502	0.90768801942439
3.3997783851213	0.90721490589824
3.3970816770538	0.90674081420446
3.3943892436594	0.90626576160264
3.3917010747822	0.90578976529751
3.3890171602984	0.90531284243775
3.3863374901163	0.90483501011477
3.3836620541761	0.90435628536149
3.3809908424495	0.90387668515117
3.3783238449403	0.90339622639622
3.3756610516834	0.90291492594706
3.3730024527453	0.90243280059091
3.3703480382237	0.90194986705070
3.3676977982476	0.90146614198391
3.3650517229768	0.90098164198148
3.3624098026021	0.90049638356667
3.3597720273451	0.90001038319398
3.3571383874580	0.89952365724807
3.3545088732237	0.89903622204269
3.3518834749553	0.89854809381961
3.3492621829963	0.89805928874760
3.3466449877205	0.89756982292137
3.3440318795315	0.89707971236055
3.3414228488631	0.89658897300869
3.3388178861789	0.89609762073227
3.3362169819720	0.89560567131968
3.3336201267653	0.89511314048031
3.3310273111111	0.89462004384351
