#Parameters = {thARC=0.2; nARC=2.5; thsub=1; p=1; nSub=1.5}
#"Wavelength / um"	"T (146) [Real Part]"
#---------------------------------------
14.989622900000	0.93816847054714
14.937342202292	0.93807270126658
14.885424925521	0.93797561073142
14.833867293419	0.93787720693414
14.782665581854	0.93777749785283
14.731816117936	0.93767649145087
14.681315279138	0.93757419567664
14.631159492435	0.93747061846322
14.581345233463	0.93736576772812
14.531869025691	0.93725965137295
14.482727439614	0.93715227728321
14.433917091960	0.93704365332793
14.385434644914	0.93693378735944
14.337276805356	0.93682268721310
14.289440324118	0.93671036070700
14.241921995249	0.93659681564170
14.194718655303	0.93648205979998
14.147827182633	0.93636610094656
14.101244496707	0.93624894682786
14.054967557431	0.93613060517171
14.008993364486	0.93601108368713
13.963318956684	0.93589039006405
13.917941411328	0.93576853197308
13.872857843591	0.93564551706528
13.828065405904	0.93552135297187
13.783561287356	0.93539604730403
13.739342713107	0.93526960765266
13.695406943810	0.93514204158813
13.651751275046	0.93501335666005
13.608373036768	0.93488356039707
13.565269592760	0.93475266030660
13.522438340099	0.93462066387467
13.479876708633	0.93448757856561
13.437582160466	0.93435341182193
13.395552189455	0.93421817106404
13.353784320713	0.93408186369006
13.312276110124	0.93394449707563
13.271025143869	0.93380607857368
13.230029037952	0.93366661551424
13.189285437747	0.93352611520423
13.148792017544	0.93338458492728
13.108546480105	0.93324203194353
13.068546556234	0.93309846348943
13.028790004346	0.93295388677757
12.989274610052	0.93280830899648
12.949998185745	0.93266173731044
12.910958570198	0.93251417885934
12.872153628167	0.93236564075845
12.833581250000	0.93221613009829
12.795239351259	0.93206565394444
12.757125872340	0.93191421933735
12.719238778108	0.93176183329224
12.681576057530	0.93160850279887
12.644135723323	0.93145423482140
12.606915811606	0.93129903629825
12.569914381551	0.93114291414194
12.533129515050	0.93098587523891
12.496559316382	0.93082792644942
12.460201911887	0.93066907460735
12.424055449648	0.93050932652011
12.388118099174	0.93034868896846
12.352388051092	0.93018716870637
12.316863516845	0.93002477246093
12.281542728390	0.92986150693216
12.246423937908	0.92969737879291
12.211505417515	0.92953239468874
12.176785458976	0.92936656123778
12.142262373431	0.92919988503060
12.107934491115	0.92903237263011
12.073800161095	0.92886403057143
12.039857751004	0.92869486536180
12.006105646776	0.92852488348040
11.972542252396	0.92835409137835
11.939165989646	0.92818249547849
11.905975297855	0.92801010217535
11.872968633663	0.92783691783504
11.840144470774	0.92766294879509
11.807501299724	0.92748820136446
11.775037627651	0.92731268182334
11.742751978065	0.92713639642312
11.710642890625	0.92695935138628
11.678708920919	0.92678155290632
11.646948640249	0.92660300714764
11.615360635413	0.92642372024552
11.583943508501	0.92624369830596
11.552695876686	0.92606294740566
11.521616372022	0.92588147359195
11.490703641242	0.92569928288267
11.459956345566	0.92551638126614
11.429373160503	0.92533277470109
11.398952775665	0.92514846911656
11.368693894577	0.92496347041188
11.338595234493	0.92477778445660
11.308655526217	0.92459141709040
11.278873513920	0.92440437412307
11.249247954972	0.92421666133446
11.219777619760	0.92402828447437
11.190461291527	0.92383924926259
11.161297766195	0.92364956138878
11.132285852209	0.92345922651245
11.103424370370	0.92326825026292
11.074712153676	0.92307663823929
11.046148047163	0.92288439601038
11.017730907755	0.92269152911471
10.989459604106	0.92249804306045
10.961333016453	0.92230394332542
10.933350036470	0.92210923535700
10.905509567115	0.92191392457218
10.877810522496	0.92171801635749
10.850251827723	0.92152151606895
10.822832418773	0.92132442903212
10.795551242348	0.92112676054202
10.768407255747	0.92092851586314
10.741399426729	0.92072970022943
10.714526733381	0.92053031884426
10.687788163993	0.92033037688042
10.661182716927	0.92012987948015
10.634709400497	0.91992883175506
10.608367232838	0.91972723878619
10.582155241793	0.91952510562395
10.556072464789	0.91932243728819
10.530117948718	0.91911923876812
10.504290749825	0.91891551502237
10.478589933590	0.91871127097898
10.453014574616	0.91850651153539
10.427563756522	0.91830124155846
10.402236571825	0.91809546588448
10.377032121841	0.91788918931918
10.351949516575	0.91768241663776
10.326987874612	0.91747515258486
10.302146323024	0.91726740187462
10.277423997257	0.91705916919069
10.252820041040	0.91685045918624
10.228333606278	0.91664127648398
10.203963852961	0.91643162567620
10.179709949066	0.91622151132478
10.155571070461	0.91601093796122
10.131546400811	0.91579991008669
10.107635131490	0.91558843217201
10.083836461487	0.91537650865775
10.060149597315	0.91516414395420
10.036573752929	0.91495134244145
10.013108149633	0.91473810846940
9.9897520159947	0.91452444635782
9.9665045877660	0.91431036039637
9.9433651077944	0.91409585484466
9.9203328259431	0.91388093393226
9.8974069990096	0.91366560185880
9.8745868906456	0.91344986279397
9.8518717712783	0.91323372087757
9.8292609180328	0.91301718021959
9.8067536146549	0.91280024490023
9.7843491514360	0.91258291896997
9.7620468251384	0.91236520644961
9.7398459389214	0.91214711133035
9.7177458022690	0.91192863757379
9.6957457309185	0.91170978911207
9.6738450467893	0.91149056984786
9.6520430779137	0.91127098365445
9.6303391583681	0.91105103437580
9.6087326282051	0.91083072582661
9.5872228333866	0.91061006179241
9.5658091257179	0.91038904602957
9.5444908627826	0.91016768226540
9.5232674078780	0.90994597419822
9.5021381299525	0.90972392549744
9.4811024035421	0.90950153980359
9.4601596087094	0.90927882072842
9.4393091309824	0.90905577185498
9.4185503612944	0.90883239673769
9.3978826959248	0.90860869890239
9.3773055364404	0.90838468184645
9.3568182896380	0.90816034903883
9.3364203674868	0.90793570392017
9.3161111870727	0.90771074990284
9.2958901705426	0.90748549037108
9.2757567450495	0.90725992868102
9.2557103426984	0.90703406816079
9.2357504004929	0.90680791211064
9.2158763602828	0.90658146380294
9.1960876687117	0.90635472648235
9.1763837771656	0.90612770336586
9.1567641417227	0.90590039764291
9.1372282231027	0.90567281247544
9.1177754866180	0.90544495099802
9.0984054021244	0.90521681631793
9.0791174439733	0.90498841151523
9.0599110909640	0.90475973964288
9.0407858262967	0.90453080372682
9.0217411375263	0.90430160676610
9.0027765165165	0.90407215173291
8.9838914593947	0.90384244157274
8.9650854665072	0.90361247920444
8.9463580423754	0.90338226752034
8.9277086956522	0.90315180938634
8.9091369390788	0.90292110764202
8.8906422894425	0.90269016510072
8.8722242675348	0.90245898454967
8.8538823981099	0.90222756875007
8.8356162098438	0.90199592043723
8.8174252352941	0.90176404232062
8.7993090108600	0.90153193708402
8.7812670767428	0.90129960738561
8.7632989769073	0.90106705585807
8.7454042590432	0.90083428510871
8.7275824745269	0.90060129771957
8.7098331783847	0.90036809624751
8.6921559292549	0.90013468322433
8.6745502893519	0.89990106115692
8.6570158244297	0.89966723252729
8.6395521037464	0.89943319979277
8.6221587000288	0.89919896538606
8.6048351894374	0.89896453171537
8.5875811515325	0.89872990116454
8.5703961692396	0.89849507609313
8.5532798288160	0.89826005883657
8.5362317198178	0.89802485170622
8.5192514350668	0.89778945698957
8.5023385706183	0.89755387695027
8.4854927257288	0.89731811382830
8.4687135028249	0.89708216984009
8.4520005074711	0.89684604717860
8.4353533483399	0.89660974801349
8.4187716371806	0.89637327449120
8.4022549887892	0.89613662873506
8.3858030209790	0.89589981284549
8.3694153545505	0.89566282890002
8.3530916132627	0.89542567895346
8.3368314238042	0.89518836503806
8.3206344157646	0.89495088916355
8.3045002216066	0.89471325331733
8.2884284766381	0.89447545946456
8.2724188189845	0.89423750954830
8.2564708895621	0.89399940548962
8.2405843320506	0.89376114918775
8.2247587928669	0.89352274252017
8.2089939211391	0.89328418734277
8.1932893686800	0.89304548548996
8.1776447899618	0.89280663877478
8.1620598420909	0.89256764898906
8.1465341847826	0.89232851790354
8.1310674803363	0.89208924726796
8.1156593936113	0.89184983881125
8.1003095920022	0.89161029424160
8.0850177454153	0.89137061524662
8.0697835262450	0.89113080349347
8.0546066093498	0.89089086062898
8.0394866720300	0.89065078827977
8.0244233940043	0.89041058805240
8.0094164573871	0.89017026153348
7.9944655466667	0.88992981028983
7.9795703486825	0.88968923586858
7.9647305526036	0.88944853979730
7.9499458499072	0.88920772358415
7.9352159343568	0.88896678871802
7.9205405019815	0.88872573666862
7.9059192510549	0.88848456888665
7.8913518820742	0.88824328680392
7.8768380977404	0.88800189183346
7.8623776029373	0.88776038536970
7.8479701047120	0.88751876878855
7.8336153122550	0.88727704344757
7.8193129368805	0.88703521068608
7.8050626920073	0.88679327182532
7.7908642931393	0.88655122816853
7.7767174578470	0.88630908100114
7.7626219057483	0.88606683159089
7.7485773584906	0.88582448118792
7.7345835397317	0.88558203102498
7.7206401751223	0.88533948231747
7.7067469922879	0.88509683626366
7.6929037208109	0.88485409404478
7.6791100922131	0.88461125682514
7.6653658399386	0.88436832575230
7.6516706993364	0.88412530195719
7.6380244076433	0.88388218655422
7.6244267039674	0.88363898064147
7.6108773292714	0.88339568530075
7.5973760263558	0.88315230159779
7.5839225398432	0.88290883058235
7.5705166161616	0.88266527328836
7.5571580035291	0.88242163073406
7.5438464519376	0.88217790392212
7.5305817131374	0.88193409383978
7.5173635406219	0.88169020145897
7.5041916896120	0.88144622773649
7.4910659170415	0.88120217361408
7.4779859815415	0.88095804001859
7.4649516434263	0.88071382786213
7.4519626646781	0.88046953804214
7.4390188089330	0.88022517144161
7.4261198414664	0.87998072892914
7.4132655291790	0.87973621135909
7.4004556405826	0.87949161957176
7.3876899457861	0.87924695439346
7.3749682164822	0.87900221663667
7.3622902259332	0.87875740710019
7.3496557489581	0.87851252656923
7.3370645619187	0.87826757581558
7.3245164427071	0.87802255559774
7.3120111707317	0.87777746666102
7.2995485269053	0.87753230973772
7.2871282936315	0.87728708554720
7.2747502547925	0.87704179479609
7.2624141957364	0.87679643817834
7.2501199032648	0.87655101637542
7.2378671656205	0.87630553005640
7.2256557724753	0.87605997987811
7.2134855149182	0.87581436648527
7.2013561854432	0.87556869051061
7.1892675779376	0.87532295257501
7.1772194876706	0.87507715328760
7.1652117112811	0.87483129324595
7.1532440467669	0.87458537303614
7.1413162934731	0.87433939323292
7.1294282520809	0.87409335439984
7.1175797245964	0.87384725708937
7.1057705143399	0.87360110184302
7.0940004259347	0.87335488919149
7.0822692652965	0.87310861965480
7.0705768396226	0.87286229374238
7.0589229573817	0.87261591195324
7.0473074283028	0.87236947477608
7.0357300633654	0.87212298268942
7.0241906747891	0.87187643616172
7.0126890760234	0.87162983565152
7.0012250817375	0.87138318160755
6.9897985078107	0.87113647446887
6.9784091713222	0.87088971466499
6.9670568905415	0.87064290261601
6.9557414849188	0.87039603873270
6.9444627750753	0.87014912341668
6.9332205827937	0.86990215706051
6.9220147310090	0.86965514004784
6.9108450437990	0.86940807275350
6.8997113463751	0.86916095554365
6.8886134650735	0.86891378877590
6.8775512273457	0.86866657279942
6.8665244617499	0.86841930795506
6.8555329979419	0.86817199457551
6.8445766666667	0.86792463298538
6.8336552997493	0.86767722350132
6.8227687300865	0.86742976643219
6.8119167916383	0.86718226207911
6.8010993194192	0.86693471073565
6.7903161494904	0.86668711268789
6.7795671189507	0.86643946821458
6.7688520659291	0.86619177758725
6.7581708295762	0.86594404107030
6.7475232500563	0.86569625892118
6.7369091685393	0.86544843139043
6.7263284271932	0.86520055872186
6.7157808691756	0.86495264115265
6.7052663386267	0.86470467891344
6.6947846806610	0.86445667222848
6.6843357413601	0.86420862131572
6.6739193677649	0.86396052638696
6.6635354078684	0.86371238764792
6.6531837106081	0.86346420529838
6.6428641258586	0.86321597953231
6.6325765044248	0.86296771053793
6.6223206980340	0.86271939849789
6.6120965593295	0.86247104358932
6.6019039418630	0.86222264598401
6.5917427000879	0.86197420584844
6.5816126893524	0.86172572334395
6.5715137658922	0.86147719862685
6.5614457868243	0.86122863184850
6.5514086101399	0.86098002315543
6.5414020946978	0.86073137268945
6.5314261002179	0.86048268058780
6.5214804872743	0.86023394698317
6.5115651172893	0.85998517200388
6.5016798525266	0.85973635577398
6.4918245560849	0.85948749841331
6.4819990918919	0.85923860003766
6.4722033246978	0.85898966075885
6.4624371200690	0.85874068068484
6.4527003443823	0.85849165991983
6.4429928648184	0.85824259856436
6.4333145493562	0.85799349671543
6.4236652667667	0.85774435446660
6.4140448866068	0.85749517190807
6.4044532792138	0.85724594912682
6.3948903156997	0.85699668620666
6.3853558679446	0.85674738322839
6.3758498085921	0.85649804026986
6.3663720110427	0.85624865740607
6.3569223494487	0.85599923470930
6.3475006987084	0.85574977224917
6.3381069344609	0.85550027009277
6.3287409330800	0.85525072830474
6.3194025716695	0.85500114694738
6.3100917280572	0.85475152608072
6.3008082807902	0.85450186576264
6.2915521091291	0.85425216604898
6.2823230930427	0.85400242699358
6.2731211132036	0.85375264864843
6.2639460509820	0.85350283106374
6.2547977884415	0.85325297428803
6.2456762083333	0.85300307836823
6.2365811940919	0.85275314334977
6.2275126298297	0.85250316927665
6.2184704003319	0.85225315619159
6.2094543910522	0.85200310413606
6.2004644881075	0.85175301315037
6.1915005782734	0.85150288327382
6.1825625489792	0.85125271454471
6.1736502883031	0.85100250700050
6.1647636849681	0.85075226067783
6.1559026283368	0.85050197561266
6.1470670084068	0.85025165184034
6.1382567158067	0.85000128939566
6.1294716417910	0.84975088831299
6.1207116782360	0.84950044862633
6.1119767176351	0.84924997036941
6.1032666530945	0.84899945357575
6.0945813783289	0.84874889827877
6.0859207876573	0.84849830451186
6.0772847759984	0.84824767230846
6.0686732388664	0.84799700170211
6.0600860723671	0.84774629272660
6.0515231731934	0.84749554541599
6.0429844386212	0.84724475980471
6.0344697665056	0.84699393592764
6.0259790552764	0.84674307382016
6.0175122039342	0.84649217351828
6.0090691120465	0.84624123505866
6.0006496797438	0.84599025847872
5.9922538077154	0.84573924381670
5.9838813972056	0.84548819111175
5.9755323500100	0.84523710040398
5.9672065684713	0.84498597173455
5.9589039554760	0.84473480514572
5.9506244144502	0.84448360068096
5.9423678493558	0.84423235838498
5.9341341646873	0.84398107830384
5.9259232654675	0.84372976048498
5.9177350572444	0.84347840497731
5.9095694460871	0.84322701183128
5.9014263385827	0.84297558109894
5.8933056418321	0.84272411283401
5.8852072634472	0.84247260709193
5.8771311115468	0.84222106392997
5.8690770947533	0.84196948340724
5.8610451221896	0.84171786558479
5.8530351034752	0.84146621052566
5.8450469487229	0.84121451829496
5.8370805685358	0.84096278895991
5.8291358740035	0.84071102258989
5.8212127766990	0.84045921925654
5.8133111886756	0.84020737903382
5.8054310224632	0.83995550199800
5.7975721910656	0.83970358822783
5.7897346079567	0.83945163780448
5.7819181870781	0.83919965081170
5.7741228428351	0.83894762733580
5.7663484900942	0.83869556746576
5.7585950441798	0.83844347129326
5.7508624208709	0.83819133891272
5.7431505363985	0.83793917042140
5.7354593074421	0.83768696591942
5.7277886511272	0.83743472550979
5.7201384850219	0.83718244929854
5.7125087271341	0.83693013739468
5.7048992959087	0.83667778991032
5.6973101102242	0.83642540696067
5.6897410893908	0.83617298866415
5.6821921531463	0.83592053514238
5.6746632216544	0.83566804652023
5.6671542155009	0.83541552292592
5.6596650556919	0.83516296449103
5.6521956636501	0.83491037135054
5.6447459612126	0.83465774364290
5.6373158706281	0.83440508151003
5.6299053145540	0.83415238509743
5.6225142160540	0.83389965455418
5.6151424985952	0.83364689003297
5.6077900860456	0.83339409169020
5.6004569026714	0.83314125968596
5.5931428731343	0.83288839418409
5.5858479224893	0.83263549535224
5.5785719761816	0.83238256336190
5.5713149600446	0.83212959838842
5.5640768002970	0.83187660061106
5.5568574235403	0.83162357021304
5.5496567567568	0.83137050738156
5.5424747273063	0.83111741230784
5.5353112629247	0.83086428518717
5.5281662917204	0.83061112621891
5.5210397421731	0.83035793560657
5.5139315431304	0.83010471355779
5.5068416238060	0.82985146028444
5.4997699137773	0.82959817600258
5.4927163429828	0.82934486093254
5.4856808417200	0.82909151529893
5.4786633406433	0.82883813933069
5.4716637707611	0.82858473326109
5.4646820634342	0.82833129732777
5.4577181503732	0.82807783177279
5.4507719636364	0.82782433684263
5.4438434356274	0.82757081278822
5.4369324990932	0.82731725986498
5.4300390871219	0.82706367833284
5.4231631331404	0.82681006845625
5.4163045709124	0.82655643050423
5.4094633345363	0.82630276475036
5.4026393584430	0.82604907147284
5.3958325773938	0.82579535095450
5.3890429264785	0.82554160348278
5.3822703411131	0.82528782934983
5.3755147570378	0.82503402885246
5.3687761103152	0.82478020229218
5.3620543373278	0.82452634997526
5.3553493747767	0.82427247221266
5.3486611596789	0.82401856932016
5.3419896293656	0.82376464161826
5.3353347214807	0.82351068943229
5.3286963739780	0.82325671309238
5.3220745251198	0.82300271293348
5.3154691134752	0.82274868929538
5.3088800779175	0.82249464252271
5.3023073576229	0.82224057296499
5.2957508920685	0.82198648097659
5.2892106210303	0.82173236691679
5.2826864845815	0.82147823114975
5.2761784230905	0.82122407404455
5.2696863772192	0.82096989597520
5.2632102879213	0.82071569732061
5.2567500964405	0.82046147846466
5.2503057443082	0.82020723979615
5.2438771733427	0.81995298170885
5.2374643256464	0.81969870460147
5.2310671436050	0.81944440887771
5.2246855698850	0.81919009494622
5.2183195474326	0.81893576322063
5.2119690194715	0.81868141411956
5.2056339295016	0.81842704806660
5.1993142212973	0.81817266549033
5.1930098389052	0.81791826682431
5.1867207266436	0.81766385250711
5.1804468290997	0.81740942298228
5.1741880911288	0.81715497869835
5.1679444578521	0.81690052010886
5.1617158746556	0.81664604767233
5.1555022871883	0.81639156185226
5.1493036413604	0.81613706311717
5.1431198833419	0.81588255194052
5.1369509595613	0.81562802880079
5.1307968167037	0.81537349418142
5.1246574017094	0.81511894857082
5.1185326617722	0.81486439246237
5.1124225443383	0.81460982635443
5.1063269971044	0.81435525075029
5.1002459680163	0.81410066615822
5.0941794052676	0.81384607309140
5.0881272572980	0.81359147206797
5.0820894727920	0.81333686361099
5.0760660006773	0.81308224824843
5.0700567901235	0.81282762651318
5.0640617905405	0.81257299894302
5.0580809515775	0.81231836608061
5.0521142231210	0.81206372847351
5.0461615552937	0.81180908667413
5.0402228984533	0.81155444123972
5.0342982031906	0.81129979273238
5.0283874203287	0.81104514171905
5.0224905009214	0.81079048877144
5.0166073962517	0.81053583446611
5.0107380578305	0.81028117938436
5.0048824373957	0.81002652411227
4.9990404869101	0.80977186924067
4.9932121585610	0.80951721536512
4.9873974047579	0.80926256308590
4.9815961781323	0.80900791300799
4.9758084315353	0.80875326574102
4.9700341180371	0.80849862189933
4.9642731909256	0.80824398210186
4.9585256037049	0.80798934697218
4.9527913100942	0.80773471713847
4.9470702640264	0.80748009323347
4.9413624196473	0.80722547589451
4.9356677313138	0.80697086576342
4.9299861535932	0.80671626348655
4.9243176412615	0.80646166971477
4.9186621493027	0.80620708510337
4.9130196329072	0.80595251031211
4.9073900474709	0.80569794600516
4.9017733485939	0.80544339285109
4.8961694920790	0.80518885152282
4.8905784339315	0.80493432269762
4.8850001303569	0.80467980705707
4.8794345377604	0.80442530528704
4.8738816127459	0.80417081807767
4.8683413121143	0.80391634612329
4.8628135928629	0.80366189012249
4.8572984121841	0.80340745077798
4.8517957274640	0.80315302879665
4.8463054962819	0.80289862488948
4.8408276764088	0.80264423977155
4.8353622258065	0.80238987416198
4.8299091026261	0.80213552878392
4.8244682652076	0.80188120436450
4.8190396720784	0.80162690163482
4.8136232819525	0.80137262132988
4.8082190537289	0.80111836418861
4.8028269464915	0.80086413095375
4.7974469195071	0.80060992237189
4.7920789322251	0.80035573919341
4.7867229442759	0.80010158217244
4.7813789154705	0.79984745206683
4.7760468057989	0.79959334963809
4.7707265754297	0.79933927565140
4.7654181847083	0.79908523087555
4.7601215941569	0.79883121608289
4.7548367644726	0.79857723204931
4.7495636565272	0.79832327955420
4.7443022313657	0.79806935938039
4.7390524502055	0.79781547231416
4.7338142744355	0.79756161914514
4.7285876656151	0.79730780066632
4.7233725854735	0.79705401767399
4.7181689959081	0.79680027096768
4.7129768589844	0.79654656135016
4.7077961369347	0.79629288962738
4.7026267921569	0.79603925660841
4.6974687872140	0.79578566310542
4.6923220848333	0.79553210993365
4.6871866479049	0.79527859791131
4.6820624394815	0.79502512785963
4.6769494227769	0.79477170060271
4.6718475611657	0.79451831696757
4.6667568181818	0.79426497778403
4.6616771575183	0.79401168388474
4.6566085430258	0.79375843610506
4.6515509387122	0.79350523528306
4.6465043087415	0.79325208225948
4.6414686174330	0.79299897787765
4.6364438292607	0.79274592298347
4.6314299088522	0.79249291842535
4.6264268209877	0.79223996505417
4.6214345305997	0.79198706372325
4.6164530027718	0.79173421528825
4.6114822027380	0.79148142060718
4.6065220958820	0.79122868054031
4.6015726477360	0.79097599595016
4.5966338239804	0.79072336770140
4.5917055904426	0.79047079666087
4.5867879130967	0.79021828369744
4.5818807580621	0.78996582968206
4.5769840916031	0.78971343548762
4.5720978801281	0.78946110198896
4.5672220901889	0.78920883006281
4.5623566884797	0.78895662058769
4.5575016418364	0.78870447444394
4.5526569172361	0.78845239251359
4.5478224817961	0.78820037568037
4.5429983027731	0.78794842482960
4.5381843475628	0.78769654084819
4.5333805836988	0.78744472462457
4.5285869788520	0.78719297704860
4.5238035008299	0.78694129901158
4.5190301175761	0.78668969140616
4.5142667971691	0.78643815512626
4.5095135078219	0.78618669106709
4.5047702178813	0.78593530012503
4.5000368958271	0.78568398319759
4.4953135102714	0.78543274118337
4.4906000299581	0.78518157498200
4.4858964237618	0.78493048549409
4.4812026606876	0.78467947362114
4.4765187098701	0.78442854026554
4.4718445405728	0.78417768633046
4.4671801221875	0.78392691271983
4.4625254242334	0.78367622033827
4.4578804163569	0.78342561009102
4.4532450683304	0.78317508288392
4.4486193500519	0.78292463962332
4.4440032315446	0.78267428121602
4.4393966829557	0.78242400856924
4.4347996745562	0.78217382259055
4.4302121767401	0.78192372418779
4.4256341600236	0.78167371426904
4.4210655950450	0.78142379374256
4.4165064525633	0.78117396351671
4.4119567034584	0.78092422449991
4.4074163187298	0.78067457760057
4.4028852694963	0.78042502372705
4.3983635269953	0.78017556378757
4.3938510625824	0.77992619869017
4.3893478477306	0.77967692934266
4.3848538540295	0.77942775665253
4.3803690531853	0.77917868152691
4.3758934170194	0.77892970487253
4.3714269174686	0.77868082759560
4.3669695265841	0.77843205060180
4.3625212165309	0.77818337479622
4.3580819595871	0.77793480108326
4.3536517281441	0.77768633036661
4.3492304947048	0.77743796354917
4.3448182318841	0.77718970153298
4.3404149124077	0.77694154521917
4.3360205091119	0.77669349550791
4.3316349949429	0.77644555329833
4.3272583429561	0.77619771948845
4.3228905263158	0.77594999497515
4.3185315182944	0.77570238065409
4.3141812922723	0.77545487741962
4.3098398217366	0.77520748616478
4.3055070802815	0.77496020778118
4.3011830416069	0.77471304315897
4.2968676795184	0.77446599318676
4.2925609679267	0.77421905875157
4.2882628808468	0.77397224073877
4.2839733923978	0.77372554003198
4.2796924768023	0.77347895751306
4.2754201083856	0.77323249406203
4.2711562615757	0.77298615055697
4.2669009109024	0.77273992787400
4.2626540309967	0.77249382688721
4.2584155965909	0.77224784846859
4.2541855825174	0.77200199348794
4.2499639637085	0.77175626281287
4.2457507151961	0.77151065730866
4.2415458121109	0.77126517783826
4.2373492296820	0.77101982526220
4.2331609432364	0.77077460043850
4.2289809281986	0.77052950422267
4.2248091600902	0.77028453746758
4.2206456145291	0.77003970102344
4.2164902672293	0.76979499573772
4.2123430940003	0.76955042245507
4.2082040707468	0.76930598201730
4.2040731734680	0.76906167526326
4.1999503782572	0.76881750302882
4.1958356613016	0.76857346614680
4.1917289988814	0.76832956544686
4.1876303673697	0.76808580175551
4.1835397432319	0.76784217589598
4.1794571030252	0.76759868868819
4.1753824233983	0.76735534094870
4.1713156810909	0.76711213349058
4.1672568529330	0.76686906712343
4.1632059158450	0.76662614265325
4.1591628468368	0.76638336088241
4.1551276230076	0.76614072260958
4.1511002215453	0.76589822862965
4.1470806197261	0.76565587973369
4.1430687949143	0.76541367670887
4.1390647245616	0.76517162033839
4.1350683862069	0.76492971140142
4.1310797574755	0.76468795067307
4.1270988160793	0.76444633892427
4.1231255398157	0.76420487692172
4.1191599065677	0.76396356542788
4.1152018943034	0.76372240520083
4.1112514810752	0.76348139699423
4.1073086450199	0.76324054155730
4.1033733643581	0.76299983963469
4.0994456173937	0.76275929196646
4.0955253825137	0.76251889928801
4.0916126381875	0.76227866232997
4.0877073629670	0.76203858181823
4.0838095354856	0.76179865847379
4.0799191344584	0.76155889301271
4.0760361386812	0.76131928614609
4.0721605270307	0.76107983857998
4.0682922784638	0.76084055101530
4.0644313720174	0.76060142414780
4.0605777868075	0.76036245866798
4.0567315020298	0.76012365526105
4.0528924969582	0.75988501460684
4.0490607509454	0.75964653737975
4.0452362434219	0.75940822424869
4.0414189538959	0.75917007587700
4.0376088619529	0.75893209292241
4.0338059472551	0.75869427603697
4.0300101895416	0.75845662586696
4.0262215686274	0.75821914305287
4.0224400644036	0.75798182822932
4.0186656568365	0.75774468202499
4.0148983259676	0.75750770506255
4.0111380519133	0.75727089795862
4.0073848148643	0.75703426132370
4.0036385950855	0.75679779576211
3.9998993729153	0.75656150187190
3.9961671287657	0.75632538024485
3.9924418431216	0.75608943146633
3.9887234965407	0.75585365611530
3.9850120696531	0.75561805476422
3.9813075431607	0.75538262797901
3.9776098978373	0.75514737631895
3.9739191145281	0.75491230033665
3.9702351741491	0.75467740057798
3.9665580576872	0.75444267758204
3.9628877461996	0.75420813188102
3.9592242208135	0.75397376400022
3.9555674627260	0.75373957445795
3.9519174532033	0.75350556376549
3.9482741735809	0.75327173242700
3.9446376052632	0.75303808093948
3.9410077297226	0.75280460979272
3.9373845285001	0.75257131946923
3.9337679832043	0.75233821044416
3.9301580755113	0.75210528318526
3.9265547871644	0.75187253815285
3.9229580999738	0.75163997579970
3.9193679958164	0.75140759657102
3.9157844566353	0.75117540090436
3.9122074644395	0.75094338922959
3.9086370013038	0.75071156196884
3.9050730493682	0.75047991953641
3.9015155908381	0.75024846233872
3.8979646079834	0.75001719077429
3.8944200831385	0.74978610523363
3.8908819987021	0.74955520609922
3.8873503371369	0.74932449374543
3.8838250809690	0.74909396853849
3.8803062127880	0.74886363083639
3.8767937152463	0.74863348098887
3.8732875710594	0.74840351933732
3.8697877630050	0.74817374621478
3.8662942739231	0.74794416194582
3.8628070867156	0.74771476684652
3.8593261843460	0.74748556122441
3.8558515498392	0.74725654537842
3.8523831662812	0.74702771959881
3.8489210168186	0.74679908416713
3.8454650846588	0.74657063935613
3.8420153530693	0.74634238542978
3.8385718053777	0.74611432264313
3.8351344249712	0.74588645124231
3.8317031952965	0.74565877146446
3.8282780998595	0.74543128353766
3.8248591222251	0.74520398768093
3.8214462460166	0.74497688410410
3.8180394549159	0.74474997300783
3.8146387326632	0.74452325458350
3.8112440630562	0.74429672901319
3.8078554299505	0.74407039646963
3.8044728172589	0.74384425711613
3.8010962089514	0.74361831110652
3.7977255890550	0.74339255858515
3.7943609416530	0.74316699968676
3.7910022508852	0.74294163453652
3.7876495009476	0.74271646324989
3.7843026760919	0.74249148593263
3.7809617606256	0.74226670268073
3.7776267389113	0.74204211358036
3.7742975953670	0.74181771870782
3.7709743144654	0.74159351812950
3.7676568807339	0.74136951190180
3.7643452787544	0.74114570007114
3.7610394931627	0.74092208267384
3.7577395086488	0.74069865973613
3.7544453099562	0.74047543127407
3.7511568818819	0.74025239729351
3.7478742092762	0.74002955779005
3.7445972770422	0.73980691274898
3.7413260701360	0.73958446214525
3.7380605735661	0.73936220594341
3.7348007723932	0.73914014409756
3.7315466517301	0.73891827655132
3.7282981967417	0.73869660323778
3.7250553926441	0.73847512407943
3.7218182247052	0.73825383898815
3.7185866782436	0.73803274786516
3.7153607386293	0.73781185060095
3.7121403912828	0.73759114707525
3.7089256216751	0.73737063715701
3.7057164153276	0.73715032070432
3.7025127578115	0.73693019756439
3.6993146347483	0.73671026757347
3.6961220318087	0.73649053055688
3.6929349347130	0.73627098632890
3.6897533292308	0.73605163469275
3.6865772011805	0.73583247544056
3.6834065364295	0.73561350835333
3.6802413208937	0.73539473320085
3.6770815405372	0.73517614974172
3.6739271813725	0.73495775772326
3.6707782294600	0.73473955688149
3.6676346709078	0.73452154694109
3.6644964918714	0.73430372761537
3.6613636785540	0.73408609860621
3.6582362172056	0.73386865960404
3.6551140941234	0.73365141028779
3.6519972956511	0.73343435032486
3.6488858081792	0.73321747937108
3.6457796181442	0.73300079707066
3.6426787120292	0.73278430305621
3.6395830763628	0.73256799694860
3.6364926977196	0.73235187835702
3.6334075627197	0.73213594687891
3.6303276580286	0.73192020209990
3.6272529703569	0.73170464359384
3.6241834864603	0.73148927092268
3.6211191931393	0.73127408363650
3.6180600772387	0.73105908127346
3.6150061256481	0.73084426335976
3.6119573253012	0.73062962940962
3.6089136631756	0.73041517892522
3.6058751262930	0.73020091139669
3.6028417017185	0.72998682630209
3.5998133765610	0.72977292310736
3.5967901379724	0.72955920126627
3.5937719731479	0.72934566022044
3.5907588693257	0.72913229939927
3.5877508137865	0.72891911821993
3.5847477938539	0.72870611608729
3.5817497968937	0.72849329239398
3.5787568103140	0.72828064652026
3.5757688215649	0.72806817783406
3.5727858181385	0.72785588569092
3.5698077875685	0.72764376943399
3.5668347174301	0.72743182839396
3.5638665953400	0.72722006188907
3.5609034089559	0.72700846922509
3.5579451459767	0.72679704969526
3.5549917941421	0.72658580258030
3.5520433412322	0.72637472714834
3.5490997750681	0.72616382265496
3.5461610835108	0.72595308834311
3.5432272544616	0.72574252344311
3.5402982758621	0.72553212717262
3.5373741356932	0.72532189873665
3.5344548219759	0.72511183732747
3.5315403227706	0.72490194212466
3.5286306261770	0.72469221229504
3.5257257203340	0.72448264699268
3.5228255934195	0.72427324535885
3.5199302336503	0.72406400652205
3.5170396292820	0.72385492959792
3.5141537686086	0.72364601368928
3.5112726399625	0.72343725788608
3.5083962317145	0.72322866126542
3.5055245322732	0.72302022289147
3.5026575300853	0.72281194181551
3.4997952136353	0.72260381707589
3.4969375714452	0.72239584769802
3.4940845920746	0.72218803269433
3.4912362641202	0.72198037106431
3.4883925762160	0.72177286179443
3.4855535170329	0.72156550385819
3.4827190752788	0.72135829621603
3.4798892396982	0.72115123781541
3.4770639990721	0.72094432759072
3.4742433422181	0.72073756446330
3.4714272579898	0.72053094734142
3.4686157352771	0.72032447512029
3.4658087630058	0.72011814668203
3.4630063301375	0.71991196089565
3.4602084256694	0.71970591661706
3.4574150386345	0.71950001268907
3.4546261581009	0.71929424794134
3.4518417731721	0.71908862119042
3.4490618729867	0.71888313123971
3.4462864467180	0.71867777687946
3.4435154835745	0.71847255688680
3.4407489727993	0.71826747002565
3.4379869036697	0.71806251504680
3.4352292654979	0.71785769068786
3.4324760476300	0.71765299567329
3.4297272394463	0.71744842871433
3.4269828303612	0.71724398850908
3.4242428098230	0.71703967374244
3.4215071673134	0.71683548308612
3.4187758923480	0.71663141519866
3.4160489744758	0.71642746872540
3.4133264032791	0.71622364229849
3.4106081683732	0.71601993453690
3.4078942594066	0.71581634404641
3.4051846660609	0.71561286941962
3.4024793780502	0.71540950923592
3.3997783851213	0.71520626206156
3.3970816770538	0.71500312644956
3.3943892436594	0.71480010093981
3.3917010747822	0.71459718405900
3.3890171602984	0.71439437432065
3.3863374901163	0.71419167022514
3.3836620541761	0.71398907025968
3.3809908424495	0.71378657289831
3.3783238449403	0.71358417660196
3.3756610516834	0.71338187981840
3.3730024527453	0.71317968098228
3.3703480382237	0.71297757851513
3.3676977982476	0.71277557082535
3.3650517229768	0.71257365630827
3.3624098026021	0.71237183334610
3.3597720273451	0.71217010030799
3.3571383874580	0.71196845555001
3.3545088732237	0.71176689741517
3.3518834749553	0.71156542423344
3.3492621829963	0.71136403432177
3.3466449877205	0.71116272598406
3.3440318795315	0.71096149751125
3.3414228488631	0.71076034718127
3.3388178861789	0.71055927325906
3.3362169819720	0.71035827399663
3.3336201267653	0.71015734763305
3.3310273111111	0.70995649239446
