#Parameters = {thARC=0.2; nARC=2.25; thsub=1; p=1; nSub=1.5}
#"Wavelength / um"	"T (140) [Real Part]"
#---------------------------------------
14.989622900000	0.94796432200002
14.937342202292	0.94792659922625
14.885424925521	0.94788785646985
14.833867293419	0.94784810023365
14.782665581854	0.94780733700587
14.731816117936	0.94776557325988
14.681315279138	0.94772281545401
14.631159492435	0.94767907003135
14.581345233463	0.94763434341955
14.531869025691	0.94758864203058
14.482727439614	0.94754197226060
14.433917091960	0.94749434048969
14.385434644914	0.94744575308170
14.337276805356	0.94739621638406
14.289440324118	0.94734573672756
14.241921995249	0.94729432042618
14.194718655303	0.94724197377691
14.147827182633	0.94718870305955
14.101244496707	0.94713451453654
14.054967557431	0.94707941445277
14.008993364486	0.94702340903542
13.963318956684	0.94696650449376
13.917941411328	0.94690870701900
13.872857843591	0.94685002278409
13.828065405904	0.94679045794360
13.783561287356	0.94673001863348
13.739342713107	0.94666871097097
13.695406943810	0.94660654105440
13.651751275046	0.94654351496302
13.608373036768	0.94647963875686
13.565269592760	0.94641491847658
13.522438340099	0.94634936014327
13.479876708633	0.94628296975836
13.437582160466	0.94621575330344
13.395552189455	0.94614771674011
13.353784320713	0.94607886600981
13.312276110124	0.94600920703375
13.271025143869	0.94593874571267
13.230029037952	0.94586748792679
13.189285437747	0.94579543953562
13.148792017544	0.94572260637782
13.108546480105	0.94564899427111
13.068546556234	0.94557460901208
13.028790004346	0.94549945637612
12.989274610052	0.94542354211726
12.949998185745	0.94534687196803
12.910958570198	0.94526945163936
12.872153628167	0.94519128682048
12.833581250000	0.94511238317873
12.795239351259	0.94503274635953
12.757125872340	0.94495238198618
12.719238778108	0.94487129565982
12.681576057530	0.94478949295926
12.644135723323	0.94470697944092
12.606915811606	0.94462376063868
12.569914381551	0.94453984206380
12.533129515050	0.94445522920481
12.496559316382	0.94436992752741
12.460201911887	0.94428394247435
12.424055449648	0.94419727946538
12.388118099174	0.94410994389710
12.352388051092	0.94402194114290
12.316863516845	0.94393327655286
12.281542728390	0.94384395545365
12.246423937908	0.94375398314846
12.211505417515	0.94366336491690
12.176785458976	0.94357210601491
12.142262373431	0.94348021167471
12.107934491115	0.94338768710467
12.073800161095	0.94329453748928
12.039857751004	0.94320076798903
12.006105646776	0.94310638374037
11.972542252396	0.94301138985563
11.939165989646	0.94291579142292
11.905975297855	0.94281959350610
11.872968633663	0.94272280114467
11.840144470774	0.94262541935377
11.807501299724	0.94252745312403
11.775037627651	0.94242890742158
11.742751978065	0.94232978718795
11.710642890625	0.94223009734003
11.678708920919	0.94212984277000
11.646948640249	0.94202902834528
11.615360635413	0.94192765890847
11.583943508501	0.94182573927733
11.552695876686	0.94172327424469
11.521616372022	0.94162026857841
11.490703641242	0.94151672702136
11.459956345566	0.94141265429133
11.429373160503	0.94130805508104
11.398952775665	0.94120293405806
11.368693894577	0.94109729586478
11.338595234493	0.94099114511837
11.308655526217	0.94088448641076
11.278873513920	0.94077732430859
11.249247954972	0.94066966335318
11.219777619760	0.94056150806047
11.190461291527	0.94045286292107
11.161297766195	0.94034373240014
11.132285852209	0.94023412093742
11.103424370370	0.94012403294719
11.074712153676	0.94001347281823
11.046148047163	0.93990244491382
11.017730907755	0.93979095357173
10.989459604106	0.93967900310417
10.961333016453	0.93956659779777
10.933350036470	0.93945374191362
10.905509567115	0.93934043968718
10.877810522496	0.93922669532833
10.850251827723	0.93911251302132
10.822832418773	0.93899789692477
10.795551242348	0.93888285117169
10.768407255747	0.93876737986942
10.741399426729	0.93865148709967
10.714526733381	0.93853517691849
10.687788163993	0.93841845335630
10.661182716927	0.93830132041783
10.634709400497	0.93818378208220
10.608367232838	0.93806584230284
10.582155241793	0.93794750500756
10.556072464789	0.93782877409851
10.530117948718	0.93770965345223
10.504290749825	0.93759014691960
10.478589933590	0.93747025832590
10.453014574616	0.93734999147079
10.427563756522	0.93722935012834
10.402236571825	0.93710833804704
10.377032121841	0.93698695894980
10.351949516575	0.93686521653397
10.326987874612	0.93674311447138
10.302146323024	0.93662065640832
10.277423997257	0.93649784596560
10.252820041040	0.93637468673854
10.228333606278	0.93625118229700
10.203963852961	0.93612733618542
10.179709949066	0.93600315192281
10.155571070461	0.93587863300281
10.131546400811	0.93575378289369
10.107635131490	0.93562860503843
10.083836461487	0.93550310285465
10.060149597315	0.93537727973476
10.036573752929	0.93525113904590
10.013108149633	0.93512468413001
9.9897520159947	0.93499791830387
9.9665045877660	0.93487084485913
9.9433651077944	0.93474346706232
9.9203328259431	0.93461578815493
9.8974069990096	0.93448781135342
9.8745868906456	0.93435953984927
9.8518717712783	0.93423097680903
9.8292609180328	0.93410212537434
9.8067536146549	0.93397298866199
9.7843491514360	0.93384356976394
9.7620468251384	0.93371387174742
9.7398459389214	0.93358389765491
9.7177458022690	0.93345365050423
9.6957457309185	0.93332313328858
9.6738450467893	0.93319234897658
9.6520430779137	0.93306130051233
9.6303391583681	0.93292999081545
9.6087326282051	0.93279842278114
9.5872228333866	0.93266659928025
9.5658091257179	0.93253452315930
9.5444908627826	0.93240219724057
9.5232674078780	0.93226962432212
9.5021381299525	0.93213680717788
9.4811024035421	0.93200374855769
9.4601596087094	0.93187045118737
9.4393091309824	0.93173691776878
9.4185503612944	0.93160315097986
9.3978826959248	0.93146915347471
9.3773055364404	0.93133492788367
9.3568182896380	0.93120047681333
9.3364203674868	0.93106580284667
9.3161111870727	0.93093090854306
9.2958901705426	0.93079579643834
9.2757567450495	0.93066046904492
9.2557103426984	0.93052492885181
9.2357504004929	0.93038917832472
9.2158763602828	0.93025321990610
9.1960876687117	0.93011705601523
9.1763837771656	0.92998068904829
9.1567641417227	0.92984412137842
9.1372282231027	0.92970735535579
9.1177754866180	0.92957039330772
9.0984054021244	0.92943323753868
9.0791174439733	0.92929589033043
9.0599110909640	0.92915835394204
9.0407858262967	0.92902063061004
9.0217411375263	0.92888272254841
9.0027765165165	0.92874463194873
8.9838914593947	0.92860636098021
8.9650854665072	0.92846791178981
8.9463580423754	0.92832928650228
8.9277086956522	0.92819048722027
8.9091369390788	0.92805151602441
8.8906422894425	0.92791237497336
8.8722242675348	0.92777306610394
8.8538823981099	0.92763359143118
8.8356162098438	0.92749395294843
8.8174252352941	0.92735415262740
8.7993090108600	0.92721419241829
8.7812670767428	0.92707407424988
8.7632989769073	0.92693380002956
8.7454042590432	0.92679337164349
8.7275824745269	0.92665279095662
8.7098331783847	0.92651205981283
8.6921559292549	0.92637118003500
8.6745502893519	0.92623015342510
8.6570158244297	0.92608898176426
8.6395521037464	0.92594766681291
8.6221587000288	0.92580621031081
8.6048351894374	0.92566461397719
8.5875811515325	0.92552287951082
8.5703961692396	0.92538100859012
8.5532798288160	0.92523900287322
8.5362317198178	0.92509686399808
8.5192514350668	0.92495459358260
8.5023385706183	0.92481219322466
8.4854927257288	0.92466966450227
8.4687135028249	0.92452700897364
8.4520005074711	0.92438422817728
8.4353533483399	0.92424132363209
8.4187716371806	0.92409829683748
8.4022549887892	0.92395514927344
8.3858030209790	0.92381188240065
8.3694153545505	0.92366849766057
8.3530916132627	0.92352499647556
8.3368314238042	0.92338138024897
8.3206344157646	0.92323765036522
8.3045002216066	0.92309380818991
8.2884284766381	0.92294985506995
8.2724188189845	0.92280579233361
8.2564708895621	0.92266162129067
8.2405843320506	0.92251734323248
8.2247587928669	0.92237295943209
8.2089939211391	0.92222847114434
8.1932893686800	0.92208387960596
8.1776447899618	0.92193918603569
8.1620598420909	0.92179439163435
8.1465341847826	0.92164949758500
8.1310674803363	0.92150450505296
8.1156593936113	0.92135941518600
8.1003095920022	0.92121422911440
8.0850177454153	0.92106894795104
8.0697835262450	0.92092357279156
8.0546066093498	0.92077810471439
8.0394866720300	0.92063254478094
8.0244233940043	0.92048689403563
8.0094164573871	0.92034115350604
7.9944655466667	0.92019532420301
7.9795703486825	0.92004940712073
7.9647305526036	0.91990340323688
7.9499458499072	0.91975731351269
7.9352159343568	0.91961113889308
7.9205405019815	0.91946488030677
7.9059192510549	0.91931853866636
7.8913518820742	0.91917211486847
7.8768380977404	0.91902560979383
7.8623776029373	0.91887902430739
7.8479701047120	0.91873235925843
7.8336153122550	0.91858561548066
7.8193129368805	0.91843879379236
7.8050626920073	0.91829189499644
7.7908642931393	0.91814491988060
7.7767174578470	0.91799786921738
7.7626219057483	0.91785074376435
7.7485773584906	0.91770354426414
7.7345835397317	0.91755627144459
7.7206401751223	0.91740892601886
7.7067469922879	0.91726150868553
7.6929037208109	0.91711402012871
7.6791100922131	0.91696646101815
7.6653658399386	0.91681883200937
7.6516706993364	0.91667113374373
7.6380244076433	0.91652336684858
7.6244267039674	0.91637553193735
7.6108773292714	0.91622762960968
7.5973760263558	0.91607966045149
7.5839225398432	0.91593162503512
7.5705166161616	0.91578352391947
7.5571580035291	0.91563535765004
7.5438464519376	0.91548712675909
7.5305817131374	0.91533883176576
7.5173635406219	0.91519047317614
7.5041916896120	0.91504205148341
7.4910659170415	0.91489356716795
7.4779859815415	0.91474502069742
7.4649516434263	0.91459641252692
7.4519626646781	0.91444774309908
7.4390188089330	0.91429901284414
7.4261198414664	0.91415022218013
7.4132655291790	0.91400137151290
7.4004556405826	0.91385246123629
7.3876899457861	0.91370349173223
7.3749682164822	0.91355446337082
7.3622902259332	0.91340537651050
7.3496557489581	0.91325623149810
7.3370645619187	0.91310702866898
7.3245164427071	0.91295776834713
7.3120111707317	0.91280845084531
7.2995485269053	0.91265907646513
7.2871282936315	0.91250964549717
7.2747502547925	0.91236015822108
7.2624141957364	0.91221061490571
7.2501199032648	0.91206101580923
7.2378671656205	0.91191136117919
7.2256557724753	0.91176165125270
7.2134855149182	0.91161188625646
7.2013561854432	0.91146206640695
7.1892675779376	0.91131219191050
7.1772194876706	0.91116226296338
7.1652117112811	0.91101227975196
7.1532440467669	0.91086224245278
7.1413162934731	0.91071215123268
7.1294282520809	0.91056200624891
7.1175797245964	0.91041180764921
7.1057705143399	0.91026155557197
7.0940004259347	0.91011125014629
7.0822692652965	0.90996089149212
7.0705768396226	0.90981047972035
7.0589229573817	0.90966001493296
7.0473074283028	0.90950949722305
7.0357300633654	0.90935892667503
7.0241906747891	0.90920830336468
7.0126890760234	0.90905762735928
7.0012250817375	0.90890689871769
6.9897985078107	0.90875611749051
6.9784091713222	0.90860528372013
6.9670568905415	0.90845439744087
6.9557414849188	0.90830345867908
6.9444627750753	0.90815246745324
6.9332205827937	0.90800142377409
6.9220147310090	0.90785032764471
6.9108450437990	0.90769917906064
6.8997113463751	0.90754797800998
6.8886134650735	0.90739672447350
6.8775512273457	0.90724541842475
6.8665244617499	0.90709405983015
6.8555329979419	0.90694264864912
6.8445766666667	0.90679118483415
6.8336552997493	0.90663966833096
6.8227687300865	0.90648809907854
6.8119167916383	0.90633647700930
6.8010993194192	0.90618480204914
6.7903161494904	0.90603307411760
6.7795671189507	0.90588129312793
6.7688520659291	0.90572945898718
6.7581708295762	0.90557757159635
6.7475232500563	0.90542563085044
6.7369091685393	0.90527363663861
6.7263284271932	0.90512158884421
6.7157808691756	0.90496948734497
6.7052663386267	0.90481733201301
6.6947846806610	0.90466512271502
6.6843357413601	0.90451285931231
6.6739193677649	0.90436054166093
6.6635354078684	0.90420816961178
6.6531837106081	0.90405574301068
6.6428641258586	0.90390326169850
6.6325765044248	0.90375072551124
6.6223206980340	0.90359813428016
6.6120965593295	0.90344548783183
6.6019039418630	0.90329278598828
6.5917427000879	0.90314002856705
6.5816126893524	0.90298721538132
6.5715137658922	0.90283434624001
6.5614457868243	0.90268142094786
6.5514086101399	0.90252843930554
6.5414020946978	0.90237540110972
6.5314261002179	0.90222230615320
6.5214804872743	0.90206915422502
6.5115651172893	0.90191594511048
6.5016798525266	0.90176267859131
6.4918245560849	0.90160935444574
6.4819990918919	0.90145597244860
6.4722033246978	0.90130253237139
6.4624371200690	0.90114903398239
6.4527003443823	0.90099547704678
6.4429928648184	0.90084186132668
6.4333145493562	0.90068818658129
6.4236652667667	0.90053445256695
6.4140448866068	0.90038065903726
6.4044532792138	0.90022680574315
6.3948903156997	0.90007289243297
6.3853558679446	0.89991891885259
6.3758498085921	0.89976488474550
6.3663720110427	0.89961078985288
6.3569223494487	0.89945663391371
6.3475006987084	0.89930241666482
6.3381069344609	0.89914813784105
6.3287409330800	0.89899379717524
6.3194025716695	0.89883939439843
6.3100917280572	0.89868492923985
6.3008082807902	0.89853040142705
6.2915521091291	0.89837581068602
6.2823230930427	0.89822115674119
6.2731211132036	0.89806643931560
6.2639460509820	0.89791165813093
6.2547977884415	0.89775681290764
6.2456762083333	0.89760190336498
6.2365811940919	0.89744692922115
6.2275126298297	0.89729189019331
6.2184704003319	0.89713678599774
6.2094543910522	0.89698161634986
6.2004644881075	0.89682638096435
6.1915005782734	0.89667107955520
6.1825625489792	0.89651571183584
6.1736502883031	0.89636027751917
6.1647636849681	0.89620477631766
6.1559026283368	0.89604920794344
6.1470670084068	0.89589357210836
6.1382567158067	0.89573786852409
6.1294716417910	0.89558209690218
6.1207116782360	0.89542625695416
6.1119767176351	0.89527034839160
6.1032666530945	0.89511437092617
6.0945813783289	0.89495832426976
6.0859207876573	0.89480220813454
6.0772847759984	0.89464602223300
6.0686732388664	0.89448976627808
6.0600860723671	0.89433343998322
6.0515231731934	0.89417704306242
6.0429844386212	0.89402057523033
6.0344697665056	0.89386403620234
6.0259790552764	0.89370742569460
6.0175122039342	0.89355074342416
6.0090691120465	0.89339398910898
6.0006496797438	0.89323716246805
5.9922538077154	0.89308026322143
5.9838813972056	0.89292329109033
5.9755323500100	0.89276624579717
5.9672065684713	0.89260912706568
5.9589039554760	0.89245193462093
5.9506244144502	0.89229466818942
5.9423678493558	0.89213732749915
5.9341341646873	0.89197991227967
5.9259232654675	0.89182242226217
5.9177350572444	0.89166485717951
5.9095694460871	0.89150721676634
5.9014263385827	0.89134950075910
5.8933056418321	0.89119170889615
5.8852072634472	0.89103384091777
5.8771311115468	0.89087589656629
5.8690770947533	0.89071787558608
5.8610451221896	0.89055977772368
5.8530351034752	0.89040160272783
5.8450469487229	0.89024335034952
5.8370805685358	0.89008502034208
5.8291358740035	0.88992661246119
5.8212127766990	0.88976812646503
5.8133111886756	0.88960956211424
5.8054310224632	0.88945091917204
5.7975721910656	0.88929219740425
5.7897346079567	0.88913339657940
5.7819181870781	0.88897451646874
5.7741228428351	0.88881555684629
5.7663484900942	0.88865651748894
5.7585950441798	0.88849739817649
5.7508624208709	0.88833819869166
5.7431505363985	0.88817891882022
5.7354593074421	0.88801955835097
5.7277886511272	0.88786011707586
5.7201384850219	0.88770059478999
5.7125087271341	0.88754099129167
5.7048992959087	0.88738130638251
5.6973101102242	0.88722153986743
5.6897410893908	0.88706169155472
5.6821921531463	0.88690176125609
5.6746632216544	0.88674174878674
5.6671542155009	0.88658165396538
5.6596650556919	0.88642147661428
5.6521956636501	0.88626121655934
5.6447459612126	0.88610087363012
5.6373158706281	0.88594044765987
5.6299053145540	0.88577993848562
5.6225142160540	0.88561934594820
5.6151424985952	0.88545866989226
5.6077900860456	0.88529791016635
5.6004569026714	0.88513706662295
5.5931428731343	0.88497613911853
5.5858479224893	0.88481512751355
5.5785719761816	0.88465403167254
5.5713149600446	0.88449285146413
5.5640768002970	0.88433158676109
5.5568574235403	0.88417023744035
5.5496567567568	0.88400880338309
5.5424747273063	0.88384728447472
5.5353112629247	0.88368568060495
5.5281662917204	0.88352399166784
5.5210397421731	0.88336221756179
5.5139315431304	0.88320035818962
5.5068416238060	0.88303841345859
5.4997699137773	0.88287638328045
5.4927163429828	0.88271426757143
5.4856808417200	0.88255206625233
5.4786633406433	0.88238977924851
5.4716637707611	0.88222740648996
5.4646820634342	0.88206494791130
5.4577181503732	0.88190240345182
5.4507719636364	0.88173977305553
5.4438434356274	0.88157705667117
5.4369324990932	0.88141425425223
5.4300390871219	0.88125136575701
5.4231631331404	0.88108839114864
5.4163045709124	0.88092533039509
5.4094633345363	0.88076218346920
5.4026393584430	0.88059895034875
5.3958325773938	0.88043563101641
5.3890429264785	0.88027222545984
5.3822703411131	0.88010873367166
5.3755147570378	0.87994515564951
5.3687761103152	0.87978149139606
5.3620543373278	0.87961774091903
5.3553493747767	0.87945390423123
5.3486611596789	0.87928998135054
5.3419896293656	0.87912597230001
5.3353347214807	0.87896187710778
5.3286963739780	0.87879769580717
5.3220745251198	0.87863342843671
5.3154691134752	0.87846907504010
5.3088800779175	0.87830463566626
5.3023073576229	0.87814011036935
5.2957508920685	0.87797549920881
5.2892106210303	0.87781080224933
5.2826864845815	0.87764601956088
5.2761784230905	0.87748115121875
5.2696863772192	0.87731619730355
5.2632102879213	0.87715115790121
5.2567500964405	0.87698603310303
5.2503057443082	0.87682082300564
5.2438771733427	0.87665552771106
5.2374643256464	0.87649014732671
5.2310671436050	0.87632468196538
5.2246855698850	0.87615913174528
5.2183195474326	0.87599349679005
5.2119690194715	0.87582777722874
5.2056339295016	0.87566197319584
5.1993142212973	0.87549608483130
5.1930098389052	0.87533011228051
5.1867207266436	0.87516405569432
5.1804468290997	0.87499791522907
5.1741880911288	0.87483169104655
5.1679444578521	0.87466538331405
5.1617158746556	0.87449899220432
5.1555022871883	0.87433251789563
5.1493036413604	0.87416596057173
5.1431198833419	0.87399932042187
5.1369509595613	0.87383259764079
5.1307968167037	0.87366579242876
5.1246574017094	0.87349890499152
5.1185326617722	0.87333193554034
5.1124225443383	0.87316488429200
5.1063269971044	0.87299775146876
5.1002459680163	0.87283053729841
5.0941794052676	0.87266324201424
5.0881272572980	0.87249586585504
5.0820894727920	0.87232840906509
5.0760660006773	0.87216087189419
5.0700567901235	0.87199325459763
5.0640617905405	0.87182555743617
5.0580809515775	0.87165778067608
5.0521142231210	0.87148992458909
5.0461615552937	0.87132198945244
5.0402228984533	0.87115397554880
5.0342982031906	0.87098588316633
5.0283874203287	0.87081771259863
5.0224905009214	0.87064946414476
5.0166073962517	0.87048113810920
5.0107380578305	0.87031273480189
5.0048824373957	0.87014425453817
4.9990404869101	0.86997569763878
4.9932121585610	0.86980706442990
4.9873974047579	0.86963835524306
4.9815961781323	0.86946957041519
4.9758084315353	0.86930071028857
4.9700341180371	0.86913177521086
4.9642731909256	0.86896276553502
4.9585256037049	0.86879368161937
4.9527913100942	0.86862452382753
4.9470702640264	0.86845529252840
4.9413624196473	0.86828598809620
4.9356677313138	0.86811661091038
4.9299861535932	0.86794716135565
4.9243176412615	0.86777763982196
4.9186621493027	0.86760804670446
4.9130196329072	0.86743838240351
4.9073900474709	0.86726864732465
4.9017733485939	0.86709884187856
4.8961694920790	0.86692896648109
4.8905784339315	0.86675902155317
4.8850001303569	0.86658900752086
4.8794345377604	0.86641892481529
4.8738816127459	0.86624877387265
4.8683413121143	0.86607855513415
4.8628135928629	0.86590826904603
4.8572984121841	0.86573791605950
4.8517957274640	0.86556749663075
4.8463054962819	0.86539701122090
4.8408276764088	0.86522646029600
4.8353622258065	0.86505584432698
4.8299091026261	0.86488516378964
4.8244682652076	0.86471441916462
4.8190396720784	0.86454361093737
4.8136232819525	0.86437273959812
4.8082190537289	0.86420180564188
4.8028269464915	0.86403080956836
4.7974469195071	0.86385975188201
4.7920789322251	0.86368863309191
4.7867229442759	0.86351745371182
4.7813789154705	0.86334621426010
4.7760468057989	0.86317491525969
4.7707265754297	0.86300355723808
4.7654181847083	0.86283214072730
4.7601215941569	0.86266066626384
4.7548367644726	0.86248913438868
4.7495636565272	0.86231754564719
4.7443022313657	0.86214590058917
4.7390524502055	0.86197419976875
4.7338142744355	0.86180244374439
4.7285876656151	0.86163063307884
4.7233725854735	0.86145876833911
4.7181689959081	0.86128685009643
4.7129768589844	0.86111487892619
4.7077961369347	0.86094285540796
4.7026267921569	0.86077078012541
4.6974687872140	0.86059865366626
4.6923220848333	0.86042647662230
4.6871866479049	0.86025424958929
4.6820624394815	0.86008197316697
4.6769494227769	0.85990964795899
4.6718475611657	0.85973727457287
4.6667568181818	0.85956485362000
4.6616771575183	0.85939238571555
4.6566085430258	0.85921987147845
4.6515509387122	0.85904731153135
4.6465043087415	0.85887470650060
4.6414686174330	0.85870205701616
4.6364438292607	0.85852936371160
4.6314299088522	0.85835662722403
4.6264268209877	0.85818384819407
4.6214345305997	0.85801102726583
4.6164530027718	0.85783816508681
4.6114822027380	0.85766526230791
4.6065220958820	0.85749231958334
4.6015726477360	0.85731933757063
4.5966338239804	0.85714631693052
4.5917055904426	0.85697325832698
4.5867879130967	0.85680016242710
4.5818807580621	0.85662702990109
4.5769840916031	0.85645386142223
4.5720978801281	0.85628065766679
4.5672220901889	0.85610741931401
4.5623566884797	0.85593414704605
4.5575016418364	0.85576084154794
4.5526569172361	0.85558750350753
4.5478224817961	0.85541413361541
4.5429983027731	0.85524073256493
4.5381843475628	0.85506730105210
4.5333805836988	0.85489383977554
4.5285869788520	0.85472034943644
4.5238035008299	0.85454683073853
4.5190301175761	0.85437328438798
4.5142667971691	0.85419971109340
4.5095135078219	0.85402611156575
4.5047702178813	0.85385248651833
4.5000368958271	0.85367883666667
4.4953135102714	0.85350516272852
4.4906000299581	0.85333146542379
4.4858964237618	0.85315774547449
4.4812026606876	0.85298400360469
4.4765187098701	0.85281024054042
4.4718445405728	0.85263645700969
4.4671801221875	0.85246265374237
4.4625254242334	0.85228883147019
4.4578804163569	0.85211499092662
4.4532450683304	0.85194113284687
4.4486193500519	0.85176725796781
4.4440032315446	0.85159336702793
4.4393966829557	0.85141946076726
4.4347996745562	0.85124553992734
4.4302121767401	0.85107160525112
4.4256341600236	0.85089765748296
4.4210655950450	0.85072369736854
4.4165064525633	0.85054972565480
4.4119567034584	0.85037574308989
4.4074163187298	0.85020175042311
4.4028852694963	0.85002774840486
4.3983635269953	0.84985373778655
4.3938510625824	0.84967971932060
4.3893478477306	0.84950569376033
4.3848538540295	0.84933166185989
4.3803690531853	0.84915762437426
4.3758934170194	0.84898358205915
4.3714269174686	0.84880953567093
4.3669695265841	0.84863548596659
4.3625212165309	0.84846143370369
4.3580819595871	0.84828737964026
4.3536517281441	0.84811332453478
4.3492304947048	0.84793926914610
4.3448182318841	0.84776521423336
4.3404149124077	0.84759116055596
4.3360205091119	0.84741710887350
4.3316349949429	0.84724305994568
4.3272583429561	0.84706901453227
4.3228905263158	0.84689497339303
4.3185315182944	0.84672093728766
4.3141812922723	0.84654690697575
4.3098398217366	0.84637288321666
4.3055070802815	0.84619886676953
4.3011830416069	0.84602485839316
4.2968676795184	0.84585085884597
4.2925609679267	0.84567686888594
4.2882628808468	0.84550288927054
4.2839733923978	0.84532892075666
4.2796924768023	0.84515496410055
4.2754201083856	0.84498102005775
4.2711562615757	0.84480708938303
4.2669009109024	0.84463317283035
4.2626540309967	0.84445927115273
4.2584155965909	0.84428538510225
4.2541855825174	0.84411151542996
4.2499639637085	0.84393766288579
4.2457507151961	0.84376382821854
4.2415458121109	0.84359001217575
4.2373492296820	0.84341621550369
4.2331609432364	0.84324243894724
4.2289809281986	0.84306868324989
4.2248091600902	0.84289494915359
4.2206456145291	0.84272123739878
4.2164902672293	0.84254754872421
4.2123430940003	0.84237388386700
4.2082040707468	0.84220024356246
4.2040731734680	0.84202662854409
4.1999503782572	0.84185303954349
4.1958356613016	0.84167947729029
4.1917289988814	0.84150594251210
4.1876303673697	0.84133243593441
4.1835397432319	0.84115895828058
4.1794571030252	0.84098551027169
4.1753824233983	0.84081209262654
4.1713156810909	0.84063870606155
4.1672568529330	0.84046535129072
4.1632059158450	0.84029202902552
4.1591628468368	0.84011873997484
4.1551276230076	0.83994548484495
4.1511002215453	0.83977226433939
4.1470806197261	0.83959907915892
4.1430687949143	0.83942593000145
4.1390647245616	0.83925281756196
4.1350683862069	0.83907974253247
4.1310797574755	0.83890670560192
4.1270988160793	0.83873370745613
4.1231255398157	0.83856074877772
4.1191599065677	0.83838783024605
4.1152018943034	0.83821495253716
4.1112514810752	0.83804211632367
4.1073086450199	0.83786932227474
4.1033733643581	0.83769657105597
4.0994456173937	0.83752386332937
4.0955253825137	0.83735119975328
4.0916126381875	0.83717858098227
4.0877073629670	0.83700600766709
4.0838095354856	0.83683348045462
4.0799191344584	0.83666099998778
4.0760361386812	0.83648856690545
4.0721605270307	0.83631618184244
4.0682922784638	0.83614384542937
4.0644313720174	0.83597155829263
4.0605777868075	0.83579932105433
4.0567315020298	0.83562713433218
4.0528924969582	0.83545499873946
4.0490607509454	0.83528291488493
4.0452362434219	0.83511088337277
4.0414189538959	0.83493890480252
4.0376088619529	0.83476697976899
4.0338059472551	0.83459510886220
4.0300101895416	0.83442329266732
4.0262215686274	0.83425153176457
4.0224400644036	0.83407982672919
4.0186656568365	0.83390817813136
4.0148983259676	0.83373658653610
4.0111380519133	0.83356505250325
4.0073848148643	0.83339357658734
4.0036385950855	0.83322215933759
3.9998993729153	0.83305080129779
3.9961671287657	0.83287950300625
3.9924418431216	0.83270826499573
3.9887234965407	0.83253708779336
3.9850120696531	0.83236597192060
3.9813075431607	0.83219491789313
3.9776098978373	0.83202392622082
3.9739191145281	0.83185299740762
3.9702351741491	0.83168213195155
3.9665580576872	0.83151133034456
3.9628877461996	0.83134059307253
3.9592242208135	0.83116992061514
3.9555674627260	0.83099931344585
3.9519174532033	0.83082877203182
3.9482741735809	0.83065829683380
3.9446376052632	0.83048788830613
3.9410077297226	0.83031754689663
3.9373845285001	0.83014727304652
3.9337679832043	0.82997706719041
3.9301580755113	0.82980692975615
3.9265547871644	0.82963686116485
3.9229580999738	0.82946686183073
3.9193679958164	0.82929693216113
3.9157844566353	0.82912707255637
3.9122074644395	0.82895728340973
3.9086370013038	0.82878756510738
3.9050730493682	0.82861791802829
3.9015155908381	0.82844834254418
3.8979646079834	0.82827883901946
3.8944200831385	0.82810940781113
3.8908819987021	0.82794004926875
3.8873503371369	0.82777076373436
3.8838250809690	0.82760155154242
3.8803062127880	0.82743241301972
3.8767937152463	0.82726334848534
3.8732875710594	0.82709435825059
3.8697877630050	0.82692544261891
3.8662942739231	0.82675660188583
3.8628070867156	0.82658783633890
3.8593261843460	0.82641914625764
3.8558515498392	0.82625053191343
3.8523831662812	0.82608199356949
3.8489210168186	0.82591353148080
3.8454650846588	0.82574514589405
3.8420153530693	0.82557683704753
3.8385718053777	0.82540860517111
3.8351344249712	0.82524045048618
3.8317031952965	0.82507237320554
3.8282780998595	0.82490437353339
3.8248591222251	0.82473645166522
3.8214462460166	0.82456860778779
3.8180394549159	0.82440084207904
3.8146387326632	0.82423315470802
3.8112440630562	0.82406554583485
3.8078554299505	0.82389801561066
3.8044728172589	0.82373056417749
3.8010962089514	0.82356319166827
3.7977255890550	0.82339589820675
3.7943609416530	0.82322868390741
3.7910022508852	0.82306154887543
3.7876495009476	0.82289449320662
3.7843026760919	0.82272751698736
3.7809617606256	0.82256062029452
3.7776267389113	0.82239380319543
3.7742975953670	0.82222706574781
3.7709743144654	0.82206040799968
3.7676568807339	0.82189382998937
3.7643452787544	0.82172733174537
3.7610394931627	0.82156091328635
3.7577395086488	0.82139457462105
3.7544453099562	0.82122831574825
3.7511568818819	0.82106213665670
3.7478742092762	0.82089603732506
3.7445972770422	0.82073001772184
3.7413260701360	0.82056407780535
3.7380605735661	0.82039821752366
3.7348007723932	0.82023243681449
3.7315466517301	0.82006673560520
3.7282981967417	0.81990111381273
3.7250553926441	0.81973557134352
3.7218182247052	0.81957010809347
3.7185866782436	0.81940472394788
3.7153607386293	0.81923941878139
3.7121403912828	0.81907419245794
3.7089256216751	0.81890904483071
3.7057164153276	0.81874397574205
3.7025127578115	0.81857898502343
3.6993146347483	0.81841407249541
3.6961220318087	0.81824923796756
3.6929349347130	0.81808448123842
3.6897533292308	0.81791980209542
3.6865772011805	0.81775520031489
3.6834065364295	0.81759067566193
3.6802413208937	0.81742622789042
3.6770815405372	0.81726185674292
3.6739271813725	0.81709756195067
3.6707782294600	0.81693334323349
3.6676346709078	0.81676920029974
3.6644964918714	0.81660513284632
3.6613636785540	0.81644114055853
3.6582362172056	0.81627722311011
3.6551140941234	0.81611338016312
3.6519972956511	0.81594961136794
3.6488858081792	0.81578591636319
3.6457796181442	0.81562229477570
3.6426787120292	0.81545874622046
3.6395830763628	0.81529527030055
3.6364926977196	0.81513186660713
3.6334075627197	0.81496853471937
3.6303276580286	0.81480527420439
3.6272529703569	0.81464208461725
3.6241834864603	0.81447896550088
3.6211191931393	0.81431591638603
3.6180600772387	0.81415293679125
3.6150061256481	0.81399002622282
3.6119573253012	0.81382718417471
3.6089136631756	0.81366441012854
3.6058751262930	0.81350170355357
3.6028417017185	0.81333906390658
3.5998133765610	0.81317649063190
3.5967901379724	0.81301398316132
3.5937719731479	0.81285154091409
3.5907588693257	0.81268916329684
3.5877508137865	0.81252684970356
3.5847477938539	0.81236459951555
3.5817497968937	0.81220241210140
3.5787568103140	0.81204028681690
3.5757688215649	0.81187822300507
3.5727858181385	0.81171621999606
3.5698077875685	0.81155427710716
3.5668347174301	0.81139239364273
3.5638665953400	0.81123056889415
3.5609034089559	0.81106880213983
3.5579451459767	0.81090709264514
3.5549917941421	0.81074543966238
3.5520433412322	0.81058384243074
3.5490997750681	0.81042230017626
3.5461610835108	0.81026081211184
3.5432272544616	0.81009937743712
3.5402982758621	0.80993799533854
3.5373741356932	0.80977666498922
3.5344548219759	0.80961538554901
3.5315403227706	0.80945415616439
3.5286306261770	0.80929297596846
3.5257257203340	0.80913184408093
3.5228255934195	0.80897075960805
3.5199302336503	0.80880972164261
3.5170396292820	0.80864872926390
3.5141537686086	0.80848778153768
3.5112726399625	0.80832687751613
3.5083962317145	0.80816601623788
3.5055245322732	0.80800519672791
3.5026575300853	0.80784441799756
3.4997952136353	0.80768367904450
3.4969375714452	0.80752297885271
3.4940845920746	0.80736231639242
3.4912362641202	0.80720169062013
3.4883925762160	0.80704110047855
3.4855535170329	0.80688054489661
3.4827190752788	0.80672002278937
3.4798892396982	0.80655953305809
3.4770639990721	0.80639907459011
3.4742433422181	0.80623864625891
3.4714272579898	0.80607824692403
3.4686157352771	0.80591787543108
3.4658087630058	0.80575753061171
3.4630063301375	0.80559721128357
3.4602084256694	0.80543691625034
3.4574150386345	0.80527664430164
3.4546261581009	0.80511639421308
3.4518417731721	0.80495616474620
3.4490618729867	0.80479595464846
3.4462864467180	0.80463576265324
3.4435154835745	0.80447558747979
3.4407489727993	0.80431542783325
3.4379869036697	0.80415528240460
3.4352292654979	0.80399514987068
3.4324760476300	0.80383502889416
3.4297272394463	0.80367491812350
3.4269828303612	0.80351481619300
3.4242428098230	0.80335472172270
3.4215071673134	0.80319463331846
3.4187758923480	0.80303454957189
3.4160489744758	0.80287446906034
3.4133264032791	0.80271439034692
3.4106081683732	0.80255431198048
3.4078942594066	0.80239423249558
3.4051846660609	0.80223415041249
3.4024793780502	0.80207406423722
3.3997783851213	0.80191397246145
3.3970816770538	0.80175387356257
3.3943892436594	0.80159376600366
3.3917010747822	0.80143364823347
3.3890171602984	0.80127351868645
3.3863374901163	0.80111337578271
3.3836620541761	0.80095321792803
3.3809908424495	0.80079304351387
3.3783238449403	0.80063285091734
3.3756610516834	0.80047263850122
3.3730024527453	0.80031240461397
3.3703480382237	0.80015214758968
3.3676977982476	0.79999186574814
3.3650517229768	0.79983155739478
3.3624098026021	0.79967122082069
3.3597720273451	0.79951085430266
3.3571383874580	0.79935045610313
3.3545088732237	0.79919002447020
3.3518834749553	0.79902955763769
3.3492621829963	0.79886905382506
3.3466449877205	0.79870851123749
3.3440318795315	0.79854792806585
3.3414228488631	0.79838730248670
3.3388178861789	0.79822663266233
3.3362169819720	0.79806591674073
3.3336201267653	0.79790515285563
3.3310273111111	0.79774433912650
