#Parameters = {thARC=0.4; nARC=2.5; thsub=1; p=1; nSub=1.5}
#"Wavelength / um"	"T (147) [Real Part]"
#---------------------------------------
14.989622900000	0.88149971911663
14.937342202292	0.88102504879825
14.885424925521	0.88054963200279
14.833867293419	0.88007347617536
14.782665581854	0.87959658875412
14.731816117936	0.87911897717007
14.681315279138	0.87864064884681
14.631159492435	0.87816161120030
14.581345233463	0.87768187163864
14.531869025691	0.87720143756188
14.482727439614	0.87672031636173
14.433917091960	0.87623851542139
14.385434644914	0.87575604211529
14.337276805356	0.87527290380894
14.289440324118	0.87478910785863
14.241921995249	0.87430466161127
14.194718655303	0.87381957240418
14.147827182633	0.87333384756485
14.101244496707	0.87284749441075
14.054967557431	0.87236052024915
14.008993364486	0.87187293237687
13.963318956684	0.87138473808010
13.917941411328	0.87089594463421
13.872857843591	0.87040655930355
13.828065405904	0.86991658934125
13.783561287356	0.86942604198903
13.739342713107	0.86893492447699
13.695406943810	0.86844324402347
13.651751275046	0.86795100783480
13.608373036768	0.86745822310519
13.565269592760	0.86696489701645
13.522438340099	0.86647103673793
13.479876708633	0.86597664942623
13.437582160466	0.86548174222508
13.395552189455	0.86498632226518
13.353784320713	0.86449039666397
13.312276110124	0.86399397252553
13.271025143869	0.86349705694035
13.230029037952	0.86299965698519
13.189285437747	0.86250177972295
13.148792017544	0.86200343220243
13.108546480105	0.86150462145823
13.068546556234	0.86100535451059
13.028790004346	0.86050563836520
12.989274610052	0.86000548001307
12.949998185745	0.85950488643038
12.910958570198	0.85900386457833
12.872153628167	0.85850242140295
12.833581250000	0.85800056383503
12.795239351259	0.85749829878990
12.757125872340	0.85699563316735
12.719238778108	0.85649257385145
12.681576057530	0.85598912771042
12.644135723323	0.85548530159649
12.606915811606	0.85498110234579
12.569914381551	0.85447653677820
12.533129515050	0.85397161169719
12.496559316382	0.85346633388975
12.460201911887	0.85296071012622
12.424055449648	0.85245474716019
12.388118099174	0.85194845172835
12.352388051092	0.85144183055039
12.316863516845	0.85093489032888
12.281542728390	0.85042763774914
12.246423937908	0.84992007947914
12.211505417515	0.84941222216937
12.176785458976	0.84890407245273
12.142262373431	0.84839563694445
12.107934491115	0.84788692224195
12.073800161095	0.84737793492471
12.039857751004	0.84686868155425
12.006105646776	0.84635916867392
11.972542252396	0.84584940280891
11.939165989646	0.84533939046605
11.905975297855	0.84482913813377
11.872968633663	0.84431865228199
11.840144470774	0.84380793936204
11.807501299724	0.84329700580655
11.775037627651	0.84278585802935
11.742751978065	0.84227450242541
11.710642890625	0.84176294537075
11.678708920919	0.84125119322231
11.646948640249	0.84073925231793
11.615360635413	0.84022712897624
11.583943508501	0.83971482949656
11.552695876686	0.83920236015885
11.521616372022	0.83868972722363
11.490703641242	0.83817693693189
11.459956345566	0.83766399550502
11.429373160503	0.83715090914476
11.398952775665	0.83663768403310
11.368693894577	0.83612432633222
11.338595234493	0.83561084218445
11.308655526217	0.83509723771215
11.278873513920	0.83458351901770
11.249247954972	0.83406969218342
11.219777619760	0.83355576327148
11.190461291527	0.83304173832389
11.161297766195	0.83252762336241
11.132285852209	0.83201342438850
11.103424370370	0.83149914738327
11.074712153676	0.83098479830742
11.046148047163	0.83047038310120
11.017730907755	0.82995590768435
10.989459604106	0.82944137795606
10.961333016453	0.82892679979490
10.933350036470	0.82841217905880
10.905509567115	0.82789752158501
10.877810522496	0.82738283319004
10.850251827723	0.82686811966960
10.822832418773	0.82635338679861
10.795551242348	0.82583864033112
10.768407255747	0.82532388600030
10.741399426729	0.82480912951837
10.714526733381	0.82429437657661
10.687788163993	0.82377963284530
10.661182716927	0.82326490397367
10.634709400497	0.82275019558992
10.608367232838	0.82223551330114
10.582155241793	0.82172086269332
10.556072464789	0.82120624933131
10.530117948718	0.82069167875877
10.504290749825	0.82017715649819
10.478589933590	0.81966268805085
10.453014574616	0.81914827889678
10.427563756522	0.81863393449476
10.402236571825	0.81811966028230
10.377032121841	0.81760546167560
10.351949516575	0.81709134406958
10.326987874612	0.81657731283782
10.302146323024	0.81606337333256
10.277423997257	0.81554953088470
10.252820041040	0.81503579080375
10.228333606278	0.81452215837789
10.203963852961	0.81400863887387
10.179709949066	0.81349523753709
10.155571070461	0.81298195959153
10.131546400811	0.81246881023976
10.107635131490	0.81195579466296
10.083836461487	0.81144291802087
10.060149597315	0.81093018545183
10.036573752929	0.81041760207277
10.013108149633	0.80990517297918
9.9897520159947	0.80939290324514
9.9665045877660	0.80888079792331
9.9433651077944	0.80836886204495
9.9203328259431	0.80785710061988
9.8974069990096	0.80734551863653
9.8745868906456	0.80683412106192
9.8518717712783	0.80632291284168
9.8292609180328	0.80581189890006
9.8067536146549	0.80530108413990
9.7843491514360	0.80479047344269
9.7620468251384	0.80428007166855
9.7398459389214	0.80376988365626
9.7177458022690	0.80325991422326
9.6957457309185	0.80275016816564
9.6738450467893	0.80224065025821
9.6520430779137	0.80173136525446
9.6303391583681	0.80122231788661
9.6087326282051	0.80071351286562
9.5872228333866	0.80020495488117
9.5658091257179	0.79969664860175
9.5444908627826	0.79918859867461
9.5232674078780	0.79868080972581
9.5021381299525	0.79817328636026
9.4811024035421	0.79766603316170
9.4601596087094	0.79715905469275
9.4393091309824	0.79665235549492
9.4185503612944	0.79614594008863
9.3978826959248	0.79563981297326
9.3773055364404	0.79513397862716
9.3568182896380	0.79462844150765
9.3364203674868	0.79412320605109
9.3161111870727	0.79361827667288
9.2958901705426	0.79311365776750
9.2757567450495	0.79260935370853
9.2557103426984	0.79210536884869
9.2357504004929	0.79160170751986
9.2158763602828	0.79109837403310
9.1960876687117	0.79059537267874
9.1763837771656	0.79009270772631
9.1567641417227	0.78959038342468
9.1372282231027	0.78908840400202
9.1177754866180	0.78858677366586
9.0984054021244	0.78808549660313
9.0791174439733	0.78758457698019
9.0599110909640	0.78708401894286
9.0407858262967	0.78658382661645
9.0217411375263	0.78608400410583
9.0027765165165	0.78558455549543
8.9838914593947	0.78508548484931
8.9650854665072	0.78458679621115
8.9463580423754	0.78408849360435
8.9277086956522	0.78359058103205
8.9091369390788	0.78309306247712
8.8906422894425	0.78259594190229
8.8722242675348	0.78209922325012
8.8538823981099	0.78160291044305
8.8356162098438	0.78110700738350
8.8174252352941	0.78061151795384
8.7993090108600	0.78011644601647
8.7812670767428	0.77962179541387
8.7632989769073	0.77912756996862
8.7454042590432	0.77863377348346
8.7275824745269	0.77814040974135
8.7098331783847	0.77764748250546
8.6921559292549	0.77715499551930
8.6745502893519	0.77666295250669
8.6570158244297	0.77617135717185
8.6395521037464	0.77568021319943
8.6221587000288	0.77518952425457
8.6048351894374	0.77469929398293
8.5875811515325	0.77420952601078
8.5703961692396	0.77372022394497
8.5532798288160	0.77323139137306
8.5362317198178	0.77274303186334
8.5192514350668	0.77225514896487
8.5023385706183	0.77176774620752
8.4854927257288	0.77128082710208
8.4687135028249	0.77079439514023
8.4520005074711	0.77030845379465
8.4353533483399	0.76982300651905
8.4187716371806	0.76933805674823
8.4022549887892	0.76885360789812
8.3858030209790	0.76836966336584
8.3694153545505	0.76788622652975
8.3530916132627	0.76740330074951
8.3368314238042	0.76692088936614
8.3206344157646	0.76643899570205
8.3045002216066	0.76595762306110
8.2884284766381	0.76547677472869
8.2724188189845	0.76499645397175
8.2564708895621	0.76451666403886
8.2405843320506	0.76403740816026
8.2247587928669	0.76355868954793
8.2089939211391	0.76308051139563
8.1932893686800	0.76260287687898
8.1776447899618	0.76212578915547
8.1620598420909	0.76164925136456
8.1465341847826	0.76117326662773
8.1310674803363	0.76069783804852
8.1156593936113	0.76022296871258
8.1003095920022	0.75974866168778
8.0850177454153	0.75927492002418
8.0697835262450	0.75880174675418
8.0546066093498	0.75832914489251
8.0394866720300	0.75785711743632
8.0244233940043	0.75738566736523
8.0094164573871	0.75691479764137
7.9944655466667	0.75644451120949
7.9795703486825	0.75597481099696
7.9647305526036	0.75550569991386
7.9499458499072	0.75503718085302
7.9352159343568	0.75456925669011
7.9205405019815	0.75410193028367
7.9059192510549	0.75363520447519
7.8913518820742	0.75316908208912
7.8768380977404	0.75270356593302
7.8623776029373	0.75223865879752
7.8479701047120	0.75177436345645
7.8336153122550	0.75131068266689
7.8193129368805	0.75084761916917
7.8050626920073	0.75038517568701
7.7908642931393	0.74992335492755
7.7767174578470	0.74946215958137
7.7626219057483	0.74900159232263
7.7485773584906	0.74854165580904
7.7345835397317	0.74808235268199
7.7206401751223	0.74762368556660
7.7067469922879	0.74716565707173
7.6929037208109	0.74670826979010
7.6791100922131	0.74625152629833
7.6653658399386	0.74579542915699
7.6516706993364	0.74533998091065
7.6380244076433	0.74488518408799
7.6244267039674	0.74443104120182
7.6108773292714	0.74397755474913
7.5973760263558	0.74352472721120
7.5839225398432	0.74307256105361
7.5705166161616	0.74262105872634
7.5571580035291	0.74217022266379
7.5438464519376	0.74172005528488
7.5305817131374	0.74127055899310
7.5173635406219	0.74082173617655
7.5041916896120	0.74037358920803
7.4910659170415	0.73992612044507
7.4779859815415	0.73947933223003
7.4649516434263	0.73903322689012
7.4519626646781	0.73858780673750
7.4390188089330	0.73814307406929
7.4261198414664	0.73769903116770
7.4132655291790	0.73725568030002
7.4004556405826	0.73681302371873
7.3876899457861	0.73637106366154
7.3749682164822	0.73592980235145
7.3622902259332	0.73548924199683
7.3496557489581	0.73504938479145
7.3370645619187	0.73461023291457
7.3245164427071	0.73417178853098
7.3120111707317	0.73373405379106
7.2995485269053	0.73329703083086
7.2871282936315	0.73286072177216
7.2747502547925	0.73242512872250
7.2624141957364	0.73199025377526
7.2501199032648	0.73155609900974
7.2378671656205	0.73112266649119
7.2256557724753	0.73068995827087
7.2134855149182	0.73025797638614
7.2013561854432	0.72982672286049
7.1892675779376	0.72939619970362
7.1772194876706	0.72896640891148
7.1652117112811	0.72853735246636
7.1532440467669	0.72810903233692
7.1413162934731	0.72768145047825
7.1294282520809	0.72725460883197
7.1175797245964	0.72682850932625
7.1057705143399	0.72640315387585
7.0940004259347	0.72597854438226
7.0822692652965	0.72555468273369
7.0705768396226	0.72513157080512
7.0589229573817	0.72470921045844
7.0473074283028	0.72428760354242
7.0357300633654	0.72386675189282
7.0241906747891	0.72344665733244
7.0126890760234	0.72302732167117
7.0012250817375	0.72260874670604
6.9897985078107	0.72219093422132
6.9784091713222	0.72177388598854
6.9670568905415	0.72135760376654
6.9557414849188	0.72094208930159
6.9444627750753	0.72052734432735
6.9332205827937	0.72011337056505
6.9220147310090	0.71970016972343
6.9108450437990	0.71928774349887
6.8997113463751	0.71887609357545
6.8886134650735	0.71846522162494
6.8775512273457	0.71805512930695
6.8665244617499	0.71764581826893
6.8555329979419	0.71723729014621
6.8445766666667	0.71682954656214
6.8336552997493	0.71642258912805
6.8227687300865	0.71601641944336
6.8119167916383	0.71561103909566
6.8010993194192	0.71520644966070
6.7903161494904	0.71480265270249
6.7795671189507	0.71439964977337
6.7688520659291	0.71399744241402
6.7581708295762	0.71359603215355
6.7475232500563	0.71319542050957
6.7369091685393	0.71279560898819
6.7263284271932	0.71239659908413
6.7157808691756	0.71199839228076
6.7052663386267	0.71160099005015
6.6947846806610	0.71120439385313
6.6843357413601	0.71080860513933
6.6739193677649	0.71041362534727
6.6635354078684	0.71001945590438
6.6531837106081	0.70962609822708
6.6428641258586	0.70923355372083
6.6325765044248	0.70884182378015
6.6223206980340	0.70845090978875
6.6120965593295	0.70806081311951
6.6019039418630	0.70767153513456
6.5917427000879	0.70728307718537
6.5816126893524	0.70689544061273
6.5715137658922	0.70650862674689
6.5614457868243	0.70612263690753
6.5514086101399	0.70573747240390
6.5414020946978	0.70535313453479
6.5314261002179	0.70496962458863
6.5214804872743	0.70458694384356
6.5115651172893	0.70420509356743
6.5016798525266	0.70382407501789
6.4918245560849	0.70344388944245
6.4819990918919	0.70306453807850
6.4722033246978	0.70268602215339
6.4624371200690	0.70230834288446
6.4527003443823	0.70193150147913
6.4429928648184	0.70155549913491
6.4333145493562	0.70118033703948
6.4236652667667	0.70080601637071
6.4140448866068	0.70043253829676
6.4044532792138	0.70005990397611
6.3948903156997	0.69968811455757
6.3853558679446	0.69931717118041
6.3758498085921	0.69894707497435
6.3663720110427	0.69857782705963
6.3569223494487	0.69820942854708
6.3475006987084	0.69784188053812
6.3381069344609	0.69747518412488
6.3287409330800	0.69710934039020
6.3194025716695	0.69674435040768
6.3100917280572	0.69638021524177
6.3008082807902	0.69601693594777
6.2915521091291	0.69565451357194
6.2823230930427	0.69529294915148
6.2731211132036	0.69493224371464
6.2639460509820	0.69457239828072
6.2547977884415	0.69421341386016
6.2456762083333	0.69385529145458
6.2365811940919	0.69349803205681
6.2275126298297	0.69314163665095
6.2184704003319	0.69278610621242
6.2094543910522	0.69243144170801
6.2004644881075	0.69207764409594
6.1915005782734	0.69172471432588
6.1825625489792	0.69137265333901
6.1736502883031	0.69102146206809
6.1647636849681	0.69067114143747
6.1559026283368	0.69032169236317
6.1470670084068	0.68997311575292
6.1382567158067	0.68962541250618
6.1294716417910	0.68927858351422
6.1207116782360	0.68893262966018
6.1119767176351	0.68858755181906
6.1032666530945	0.68824335085781
6.0945813783289	0.68790002763539
6.0859207876573	0.68755758300276
6.0772847759984	0.68721601780299
6.0686732388664	0.68687533287125
6.0600860723671	0.68653552903491
6.0515231731934	0.68619660711355
6.0429844386212	0.68585856791899
6.0344697665056	0.68552141225541
6.0259790552764	0.68518514091930
6.0175122039342	0.68484975469957
6.0090691120465	0.68451525437758
6.0006496797438	0.68418164072719
5.9922538077154	0.68384891451477
5.9838813972056	0.68351707649930
5.9755323500100	0.68318612743236
5.9672065684713	0.68285606805823
5.9589039554760	0.68252689911388
5.9506244144502	0.68219862132906
5.9423678493558	0.68187123542631
5.9341341646873	0.68154474212102
5.9259232654675	0.68121914212148
5.9177350572444	0.68089443612891
5.9095694460871	0.68057062483751
5.9014263385827	0.68024770893449
5.8933056418321	0.67992568910015
5.8852072634472	0.67960456600788
5.8771311115468	0.67928434032423
5.8690770947533	0.67896501270894
5.8610451221896	0.67864658381498
5.8530351034752	0.67832905428862
5.8450469487229	0.67801242476944
5.8370805685358	0.67769669589039
5.8291358740035	0.67738186827781
5.8212127766990	0.67706794255151
5.8133111886756	0.67675491932478
5.8054310224632	0.67644279920443
5.7975721910656	0.67613158279088
5.7897346079567	0.67582127067813
5.7819181870781	0.67551186345385
5.7741228428351	0.67520336169940
5.7663484900942	0.67489576598990
5.7585950441798	0.67458907689422
5.7508624208709	0.67428329497508
5.7431505363985	0.67397842078903
5.7354593074421	0.67367445488654
5.7277886511272	0.67337139781203
5.7201384850219	0.67306925010387
5.7125087271341	0.67276801229450
5.7048992959087	0.67246768491037
5.6973101102242	0.67216826847207
5.6897410893908	0.67186976349432
5.6821921531463	0.67157217048600
5.6746632216544	0.67127548995025
5.6671542155009	0.67097972238443
5.6596650556919	0.67068486828022
5.6521956636501	0.67039092812365
5.6447459612126	0.67009790239509
5.6373158706281	0.66980579156935
5.6299053145540	0.66951459611570
5.6225142160540	0.66922431649789
5.6151424985952	0.66893495317419
5.6077900860456	0.66864650659746
5.6004569026714	0.66835897721515
5.5931428731343	0.66807236546937
5.5858479224893	0.66778667179690
5.5785719761816	0.66750189662925
5.5713149600446	0.66721804039268
5.5640768002970	0.66693510350824
5.5568574235403	0.66665308639183
5.5496567567568	0.66637198945421
5.5424747273063	0.66609181310104
5.5353112629247	0.66581255773294
5.5281662917204	0.66553422374549
5.5210397421731	0.66525681152930
5.5139315431304	0.66498032147003
5.5068416238060	0.66470475394843
5.4997699137773	0.66443010934038
5.4927163429828	0.66415638801692
5.4856808417200	0.66388359034428
5.4786633406433	0.66361171668393
5.4716637707611	0.66334076739262
5.4646820634342	0.66307074282239
5.4577181503732	0.66280164332064
5.4507719636364	0.66253346923011
5.4438434356274	0.66226622088899
5.4369324990932	0.66199989863091
5.4300390871219	0.66173450278496
5.4231631331404	0.66147003367577
5.4163045709124	0.66120649162351
5.4094633345363	0.66094387694393
5.4026393584430	0.66068218994843
5.3958325773938	0.66042143094403
5.3890429264785	0.66016160023345
5.3822703411131	0.65990269811514
5.3755147570378	0.65964472488332
5.3687761103152	0.65938768082797
5.3620543373278	0.65913156623492
5.3553493747767	0.65887638138584
5.3486611596789	0.65862212655832
5.3419896293656	0.65836880202584
5.3353347214807	0.65811640805788
5.3286963739780	0.65786494491987
5.3220745251198	0.65761441287330
5.3154691134752	0.65736481217570
5.3088800779175	0.65711614308070
5.3023073576229	0.65686840583805
5.2957508920685	0.65662160069366
5.2892106210303	0.65637572788961
5.2826864845815	0.65613078766424
5.2761784230905	0.65588678025211
5.2696863772192	0.65564370588407
5.2632102879213	0.65540156478731
5.2567500964405	0.65516035718536
5.2503057443082	0.65492008329811
5.2438771733427	0.65468074334189
5.2374643256464	0.65444233752946
5.2310671436050	0.65420486607007
5.2246855698850	0.65396832916946
5.2183195474326	0.65373272702992
5.2119690194715	0.65349805985032
5.2056339295016	0.65326432782611
5.1993142212973	0.65303153114937
5.1930098389052	0.65279967000887
5.1867207266436	0.65256874459006
5.1804468290997	0.65233875507509
5.1741880911288	0.65210970164289
5.1679444578521	0.65188158446918
5.1617158746556	0.65165440372648
5.1555022871883	0.65142815958415
5.1493036413604	0.65120285220843
5.1431198833419	0.65097848176248
5.1369509595613	0.65075504840637
5.1307968167037	0.65053255229714
5.1246574017094	0.65031099358884
5.1185326617722	0.65009037243253
5.1124225443383	0.64987068897631
5.1063269971044	0.64965194336539
5.1002459680163	0.64943413574205
5.0941794052676	0.64921726624575
5.0881272572980	0.64900133501310
5.0820894727920	0.64878634217789
5.0760660006773	0.64857228787117
5.0700567901235	0.64835917222122
5.0640617905405	0.64814699535360
5.0580809515775	0.64793575739119
5.0521142231210	0.64772545845420
5.0461615552937	0.64751609866023
5.0402228984533	0.64730767812424
5.0342982031906	0.64710019695863
5.0283874203287	0.64689365527326
5.0224905009214	0.64668805317544
5.0166073962517	0.64648339077001
5.0107380578305	0.64627966815933
5.0048824373957	0.64607688544333
4.9990404869101	0.64587504271950
4.9932121585610	0.64567414008298
4.9873974047579	0.64547417762653
4.9815961781323	0.64527515544057
4.9758084315353	0.64507707361324
4.9700341180371	0.64487993223037
4.9642731909256	0.64468373137557
4.9585256037049	0.64448847113020
4.9527913100942	0.64429415157342
4.9470702640264	0.64410077278222
4.9413624196473	0.64390833483145
4.9356677313138	0.64371683779384
4.9299861535932	0.64352628174001
4.9243176412615	0.64333666673850
4.9186621493027	0.64314799285584
4.9130196329072	0.64296026015651
4.9073900474709	0.64277346870302
4.9017733485939	0.64258761855588
4.8961694920790	0.64240270977368
4.8905784339315	0.64221874241308
4.8850001303569	0.64203571652887
4.8794345377604	0.64185363217393
4.8738816127459	0.64167248939933
4.8683413121143	0.64149228825431
4.8628135928629	0.64131302878630
4.8572984121841	0.64113471104098
4.8517957274640	0.64095733506228
4.8463054962819	0.64078090089240
4.8408276764088	0.64060540857184
4.8353622258065	0.64043085813944
4.8299091026261	0.64025724963236
4.8244682652076	0.64008458308617
4.8190396720784	0.63991285853481
4.8136232819525	0.63974207601065
4.8082190537289	0.63957223554450
4.8028269464915	0.63940333716564
4.7974469195071	0.63923538090183
4.7920789322251	0.63906836677937
4.7867229442759	0.63890229482306
4.7813789154705	0.63873716505627
4.7760468057989	0.63857297750097
4.7707265754297	0.63840973217771
4.7654181847083	0.63824742910567
4.7601215941569	0.63808606830269
4.7548367644726	0.63792564978528
4.7495636565272	0.63776617356862
4.7443022313657	0.63760763966663
4.7390524502055	0.63745004809196
4.7338142744355	0.63729339885601
4.7285876656151	0.63713769196897
4.7233725854735	0.63698292743981
4.7181689959081	0.63682910527636
4.7129768589844	0.63667622548527
4.7077961369347	0.63652428807204
4.7026267921569	0.63637329304110
4.6974687872140	0.63622324039574
4.6923220848333	0.63607413013822
4.6871866479049	0.63592596226971
4.6820624394815	0.63577873679038
4.6769494227769	0.63563245369937
4.6718475611657	0.63548711299484
4.6667568181818	0.63534271467398
4.6616771575183	0.63519925873302
4.6566085430258	0.63505674516729
4.6515509387122	0.63491517397116
4.6465043087415	0.63477454513816
4.6414686174330	0.63463485866093
4.6364438292607	0.63449611453124
4.6314299088522	0.63435831274007
4.6264268209877	0.63422145327754
4.6214345305997	0.63408553613302
4.6164530027718	0.63395056129508
4.6114822027380	0.63381652875154
4.6065220958820	0.63368343848949
4.6015726477360	0.63355129049530
4.5966338239804	0.63342008475463
4.5917055904426	0.63328982125249
4.5867879130967	0.63316049997318
4.5818807580621	0.63303212090040
4.5769840916031	0.63290468401720
4.5720978801281	0.63277818930603
4.5672220901889	0.63265263674874
4.5623566884797	0.63252802632663
4.5575016418364	0.63240435802041
4.5526569172361	0.63228163181029
4.5478224817961	0.63215984767593
4.5429983027731	0.63203900559650
4.5381843475628	0.63191910555069
4.5333805836988	0.63180014751669
4.5285869788520	0.63168213147228
4.5238035008299	0.63156505739478
4.5190301175761	0.63144892526109
4.5142667971691	0.63133373504771
4.5095135078219	0.63121948673076
4.5047702178813	0.63110618028598
4.5000368958271	0.63099381568876
4.4953135102714	0.63088239291414
4.4906000299581	0.63077191193687
4.4858964237618	0.63066237273135
4.4812026606876	0.63055377527171
4.4765187098701	0.63044611953182
4.4718445405728	0.63033940548525
4.4671801221875	0.63023363310534
4.4625254242334	0.63012880236523
4.4578804163569	0.63002491323779
4.4532450683304	0.62992196569572
4.4486193500519	0.62981995971153
4.4440032315446	0.62971889525756
4.4393966829557	0.62961877230598
4.4347996745562	0.62951959082882
4.4302121767401	0.62942135079797
4.4256341600236	0.62932405218524
4.4210655950450	0.62922769496229
4.4165064525633	0.62913227910072
4.4119567034584	0.62903780457204
4.4074163187298	0.62894427134771
4.4028852694963	0.62885167939913
4.3983635269953	0.62876002869766
4.3938510625824	0.62866931921466
4.3893478477306	0.62857955092146
4.3848538540295	0.62849072378938
4.3803690531853	0.62840283778979
4.3758934170194	0.62831589289405
4.3714269174686	0.62822988907358
4.3669695265841	0.62814482629984
4.3625212165309	0.62806070454437
4.3580819595871	0.62797752377876
4.3536517281441	0.62789528397471
4.3492304947048	0.62781398510399
4.3448182318841	0.62773362713850
4.3404149124077	0.62765421005027
4.3360205091119	0.62757573381142
4.3316349949429	0.62749819839425
4.3272583429561	0.62742160377120
4.3228905263158	0.62734594991486
4.3185315182944	0.62727123679801
4.3141812922723	0.62719746439362
4.3098398217366	0.62712463267482
4.3055070802815	0.62705274161498
4.3011830416069	0.62698179118766
4.2968676795184	0.62691178136666
4.2925609679267	0.62684271212599
4.2882628808468	0.62677458343993
4.2839733923978	0.62670739528299
4.2796924768023	0.62664114762993
4.2754201083856	0.62657584045582
4.2711562615757	0.62651147373596
4.2669009109024	0.62644804744597
4.2626540309967	0.62638556156175
4.2584155965909	0.62632401605949
4.2541855825174	0.62626341091572
4.2499639637085	0.62620374610726
4.2457507151961	0.62614502161128
4.2415458121109	0.62608723740526
4.2373492296820	0.62603039346704
4.2331609432364	0.62597448977480
4.2289809281986	0.62591952630708
4.2248091600902	0.62586550304276
4.2206456145291	0.62581241996113
4.2164902672293	0.62576027704182
4.2123430940003	0.62570907426486
4.2082040707468	0.62565881161066
4.2040731734680	0.62560948906002
4.1999503782572	0.62556110659415
4.1958356613016	0.62551366419467
4.1917289988814	0.62546716184360
4.1876303673697	0.62542159952338
4.1835397432319	0.62537697721686
4.1794571030252	0.62533329490735
4.1753824233983	0.62529055257856
4.1713156810909	0.62524875021464
4.1672568529330	0.62520788780020
4.1632059158450	0.62516796532028
4.1591628468368	0.62512898276037
4.1551276230076	0.62509094010642
4.1511002215453	0.62505383734483
4.1470806197261	0.62501767446247
4.1430687949143	0.62498245144666
4.1390647245616	0.62494816828521
4.1350683862069	0.62491482496637
4.1310797574755	0.62488242147889
4.1270988160793	0.62485095781199
4.1231255398157	0.62482043395537
4.1191599065677	0.62479084989919
4.1152018943034	0.62476220563412
4.1112514810752	0.62473450115130
4.1073086450199	0.62470773644238
4.1033733643581	0.62468191149946
4.0994456173937	0.62465702631516
4.0955253825137	0.62463308088259
4.0916126381875	0.62461007519534
4.0877073629670	0.62458800924749
4.0838095354856	0.62456688303364
4.0799191344584	0.62454669654885
4.0760361386812	0.62452744978870
4.0721605270307	0.62450914274926
4.0682922784638	0.62449177542709
4.0644313720174	0.62447534781924
4.0605777868075	0.62445985992326
4.0567315020298	0.62444531173720
4.0528924969582	0.62443170325959
4.0490607509454	0.62441903448946
4.0452362434219	0.62440730542632
4.0414189538959	0.62439651607019
4.0376088619529	0.62438666642154
4.0338059472551	0.62437775648136
4.0300101895416	0.62436978625110
4.0262215686274	0.62436275573271
4.0224400644036	0.62435666492861
4.0186656568365	0.62435151384169
4.0148983259676	0.62434730247530
4.0111380519133	0.62434403083330
4.0073848148643	0.62434169891998
4.0036385950855	0.62434030674010
3.9998993729153	0.62433985429888
3.9961671287657	0.62434034160201
3.9924418431216	0.62434176865561
3.9887234965407	0.62434413546626
3.9850120696531	0.62434744204096
3.9813075431607	0.62435168838719
3.9776098978373	0.62435687451281
3.9739191145281	0.62436300042615
3.9702351741491	0.62437006613594
3.9665580576872	0.62437807165132
3.9628877461996	0.62438701698185
3.9592242208135	0.62439690213751
3.9555674627260	0.62440772712865
3.9519174532033	0.62441949196602
3.9482741735809	0.62443219666075
3.9446376052632	0.62444584122438
3.9410077297226	0.62446042566877
3.9373845285001	0.62447595000617
3.9337679832043	0.62449241424919
3.9301580755113	0.62450981841078
3.9265547871644	0.62452816250423
3.9229580999738	0.62454744654316
3.9193679958164	0.62456767054151
3.9157844566353	0.62458883451354
3.9122074644395	0.62461093847382
3.9086370013038	0.62463398243720
3.9050730493682	0.62465796641883
3.9015155908381	0.62468289043413
3.8979646079834	0.62470875449879
3.8944200831385	0.62473555862876
3.8908819987021	0.62476330284024
3.8873503371369	0.62479198714964
3.8838250809690	0.62482161157362
3.8803062127880	0.62485217612906
3.8767937152463	0.62488368083303
3.8732875710594	0.62491612570279
3.8697877630050	0.62494951075578
3.8662942739231	0.62498383600961
3.8628070867156	0.62501910148206
3.8593261843460	0.62505530719103
3.8558515498392	0.62509245315457
3.8523831662812	0.62513053939082
3.8489210168186	0.62516956591807
3.8454650846588	0.62520953275465
3.8420153530693	0.62525043991902
3.8385718053777	0.62529228742965
3.8351344249712	0.62533507530509
3.8317031952965	0.62537880356394
3.8282780998595	0.62542347222478
3.8248591222251	0.62546908130623
3.8214462460166	0.62551563082688
3.8180394549159	0.62556312080532
3.8146387326632	0.62561155126006
3.8112440630562	0.62566092220959
3.8078554299505	0.62571123367232
3.8044728172589	0.62576248566656
3.8010962089514	0.62581467821052
3.7977255890550	0.62586781132229
3.7943609416530	0.62592188501983
3.7910022508852	0.62597689932093
3.7876495009476	0.62603285424321
3.7843026760919	0.62608974980409
3.7809617606256	0.62614758602081
3.7776267389113	0.62620636291035
3.7742975953670	0.62626608048945
3.7709743144654	0.62632673877460
3.7676568807339	0.62638833778198
3.7643452787544	0.62645087752750
3.7610394931627	0.62651435802671
3.7577395086488	0.62657877929485
3.7544453099562	0.62664414134676
3.7511568818819	0.62671044419694
3.7478742092762	0.62677768785944
3.7445972770422	0.62684587234791
3.7413260701360	0.62691499767555
3.7380605735661	0.62698506385509
3.7348007723932	0.62705607089878
3.7315466517301	0.62712801881833
3.7282981967417	0.62720090762495
3.7250553926441	0.62727473732927
3.7218182247052	0.62734950794136
3.7185866782436	0.62742521947065
3.7153607386293	0.62750187192599
3.7121403912828	0.62757946531556
3.7089256216751	0.62765799964685
3.7057164153276	0.62773747492669
3.7025127578115	0.62781789116117
3.6993146347483	0.62789924835561
3.6961220318087	0.62798154651460
3.6929349347130	0.62806478564191
3.6897533292308	0.62814896574050
3.6865772011805	0.62823408681246
3.6834065364295	0.62832014885903
3.6802413208937	0.62840715188055
3.6770815405372	0.62849509587643
3.6739271813725	0.62858398084510
3.6707782294600	0.62867380678406
3.6676346709078	0.62876457368977
3.6644964918714	0.62885628155765
3.6613636785540	0.62894893038209
3.6582362172056	0.62904252015635
3.6551140941234	0.62913705087259
3.6519972956511	0.62923252252183
3.6488858081792	0.62932893509391
3.6457796181442	0.62942628857744
3.6426787120292	0.62952458295982
3.6395830763628	0.62962381822719
3.6364926977196	0.62972399436436
3.6334075627197	0.62982511135485
3.6303276580286	0.62992716918080
3.6272529703569	0.63003016782297
3.6241834864603	0.63013410726071
3.6211191931393	0.63023898747192
3.6180600772387	0.63034480843299
3.6150061256481	0.63045157011883
3.6119573253012	0.63055927250280
3.6089136631756	0.63066791555665
3.6058751262930	0.63077749925056
3.6028417017185	0.63088802355304
3.5998133765610	0.63099948843093
3.5967901379724	0.63111189384935
3.5937719731479	0.63122523977169
3.5907588693257	0.63133952615956
3.5877508137865	0.63145475297272
3.5847477938539	0.63157092016914
3.5817497968937	0.63168802770485
3.5787568103140	0.63180607553401
3.5757688215649	0.63192506360877
3.5727858181385	0.63204499187934
3.5698077875685	0.63216586029388
3.5668347174301	0.63228766879849
3.5638665953400	0.63241041733716
3.5609034089559	0.63253410585175
3.5579451459767	0.63265873428196
3.5549917941421	0.63278430256525
3.5520433412322	0.63291081063685
3.5490997750681	0.63303825842970
3.5461610835108	0.63316664587441
3.5432272544616	0.63329597289922
3.5402982758621	0.63342623942997
3.5373741356932	0.63355744539007
3.5344548219759	0.63368959070042
3.5315403227706	0.63382267527942
3.5286306261770	0.63395669904289
3.5257257203340	0.63409166190407
3.5228255934195	0.63422756377355
3.5199302336503	0.63436440455920
3.5170396292820	0.63450218416622
3.5141537686086	0.63464090249701
3.5112726399625	0.63478055945116
3.5083962317145	0.63492115492543
3.5055245322732	0.63506268881366
3.5026575300853	0.63520516100678
3.4997952136353	0.63534857139272
3.4969375714452	0.63549291985641
3.4940845920746	0.63563820627971
3.4912362641202	0.63578443054134
3.4883925762160	0.63593159251692
3.4855535170329	0.63607969207884
3.4827190752788	0.63622872909626
3.4798892396982	0.63637870343505
3.4770639990721	0.63652961495775
3.4742433422181	0.63668146352353
3.4714272579898	0.63683424898813
3.4686157352771	0.63698797120383
3.4658087630058	0.63714263001941
3.4630063301375	0.63729822528005
3.4602084256694	0.63745475682738
3.4574150386345	0.63761222449933
3.4546261581009	0.63777062813015
3.4518417731721	0.63792996755035
3.4490618729867	0.63809024258663
3.4462864467180	0.63825145306187
3.4435154835745	0.63841359879503
3.4407489727993	0.63857667960115
3.4379869036697	0.63874069529128
3.4352292654979	0.63890564567244
3.4324760476300	0.63907153054755
3.4297272394463	0.63923834971540
3.4269828303612	0.63940610297060
3.4242428098230	0.63957479010353
3.4215071673134	0.63974441090028
3.4187758923480	0.63991496514259
3.4160489744758	0.64008645260784
3.4133264032791	0.64025887306896
3.4106081683732	0.64043222629439
3.4078942594066	0.64060651204804
3.4051846660609	0.64078173008923
3.4024793780502	0.64095788017262
3.3997783851213	0.64113496204819
3.3970816770538	0.64131297546118
3.3943892436594	0.64149192015202
3.3917010747822	0.64167179585628
3.3890171602984	0.64185260230464
3.3863374901163	0.64203433922281
3.3836620541761	0.64221700633149
3.3809908424495	0.64240060334633
3.3783238449403	0.64258512997783
3.3756610516834	0.64277058593133
3.3730024527453	0.64295697090696
3.3703480382237	0.64314428459954
3.3676977982476	0.64333252669856
3.3650517229768	0.64352169688812
3.3624098026021	0.64371179484687
3.3597720273451	0.64390282024795
3.3571383874580	0.64409477275895
3.3545088732237	0.64428765204183
3.3518834749553	0.64448145775290
3.3492621829963	0.64467618954272
3.3466449877205	0.64487184705607
3.3440318795315	0.64506842993189
3.3414228488631	0.64526593780323
3.3388178861789	0.64546437029717
3.3362169819720	0.64566372703477
3.3336201267653	0.64586400763105
3.3310273111111	0.64606521169487
