#Parameters = {thARC=0.2; nARC=2.75; thsub=1; p=1; nSub=1.5}
#"Wavelength / um"	"T (152) [Real Part]"
#---------------------------------------
14.989622900000	0.92439810973388
14.937342202292	0.92422097916978
14.885424925521	0.92404218349790
14.833867293419	0.92386173288244
14.782665581854	0.92367963747330
14.731816117936	0.92349590740563
14.681315279138	0.92331055279937
14.631159492435	0.92312358375890
14.581345233463	0.92293501037255
14.531869025691	0.92274484271223
14.482727439614	0.92255309083300
14.433917091960	0.92235976477267
14.385434644914	0.92216487455141
14.337276805356	0.92196843017132
14.289440324118	0.92177044161608
14.241921995249	0.92157091885052
14.194718655303	0.92136987182028
14.147827182633	0.92116731045138
14.101244496707	0.92096324464986
14.054967557431	0.92075768430145
14.008993364486	0.92055063927111
13.963318956684	0.92034211940277
13.917941411328	0.92013213451890
13.872857843591	0.91992069442017
13.828065405904	0.91970780888511
13.783561287356	0.91949348766975
13.739342713107	0.91927774050728
13.695406943810	0.91906057710772
13.651751275046	0.91884200715756
13.608373036768	0.91862204031947
13.565269592760	0.91840068623192
13.522438340099	0.91817795450890
13.479876708633	0.91795385473959
13.437582160466	0.91772839648803
13.395552189455	0.91750158929283
13.353784320713	0.91727344266685
13.312276110124	0.91704396609691
13.271025143869	0.91681316904348
13.230029037952	0.91658106094039
13.189285437747	0.91634765119453
13.148792017544	0.91611294918560
13.108546480105	0.91587696426578
13.068546556234	0.91563970575949
13.028790004346	0.91540118296308
12.989274610052	0.91516140514462
12.949998185745	0.91492038154356
12.910958570198	0.91467812137052
12.872153628167	0.91443463380702
12.833581250000	0.91418992800522
12.795239351259	0.91394401308767
12.757125872340	0.91369689814709
12.719238778108	0.91344859224608
12.681576057530	0.91319910441693
12.644135723323	0.91294844366136
12.606915811606	0.91269661895029
12.569914381551	0.91244363922363
12.533129515050	0.91218951339006
12.496559316382	0.91193425032679
12.460201911887	0.91167785887935
12.424055449648	0.91142034786141
12.388118099174	0.91116172605453
12.352388051092	0.91090200220799
12.316863516845	0.91064118503859
12.281542728390	0.91037928323043
12.246423937908	0.91011630543475
12.211505417515	0.90985226026971
12.176785458976	0.90958715632025
12.142262373431	0.90932100213787
12.107934491115	0.90905380624048
12.073800161095	0.90878557711221
12.039857751004	0.90851632320324
12.006105646776	0.90824605292968
11.972542252396	0.90797477467333
11.939165989646	0.90770249678160
11.905975297855	0.90742922756732
11.872968633663	0.90715497530857
11.840144470774	0.90687974824859
11.807501299724	0.90660355459558
11.775037627651	0.90632640252259
11.742751978065	0.90604830016738
11.710642890625	0.90576925563229
11.678708920919	0.90548927698411
11.646948640249	0.90520837225396
11.615360635413	0.90492654943713
11.583943508501	0.90464381649304
11.552695876686	0.90436018134503
11.521616372022	0.90407565188034
11.490703641242	0.90379023594993
11.459956345566	0.90350394136841
11.429373160503	0.90321677591395
11.398952775665	0.90292874732815
11.368693894577	0.90263986331597
11.338595234493	0.90235013154561
11.308655526217	0.90205955964846
11.278873513920	0.90176815521899
11.249247954972	0.90147592581469
11.219777619760	0.90118287895595
11.190461291527	0.90088902212602
11.161297766195	0.90059436277095
11.132285852209	0.90029890829947
11.103424370370	0.90000266608298
11.074712153676	0.89970564345545
11.046148047163	0.89940784771338
11.017730907755	0.89910928611571
10.989459604106	0.89880996588383
10.961333016453	0.89850989420148
10.933350036470	0.89820907821470
10.905509567115	0.89790752503181
10.877810522496	0.89760524172337
10.850251827723	0.89730223532211
10.822832418773	0.89699851282292
10.795551242348	0.89669408118283
10.768407255747	0.89638894732093
10.741399426729	0.89608311811840
10.714526733381	0.89577660041846
10.687788163993	0.89546940102632
10.661182716927	0.89516152670921
10.634709400497	0.89485298419636
10.608367232838	0.89454378017894
10.582155241793	0.89423392131010
10.556072464789	0.89392341420492
10.530117948718	0.89361226544045
10.504290749825	0.89330048155567
10.478589933590	0.89298806905151
10.453014574616	0.89267503439084
10.427563756522	0.89236138399848
10.402236571825	0.89204712426123
10.377032121841	0.89173226152781
10.351949516575	0.89141680210899
10.326987874612	0.89110075227746
10.302146323024	0.89078411826800
10.277423997257	0.89046690627736
10.252820041040	0.89014912246438
10.228333606278	0.88983077294998
10.203963852961	0.88951186381717
10.179709949066	0.88919240111112
10.155571070461	0.88887239083915
10.131546400811	0.88855183897080
10.107635131490	0.88823075143782
10.083836461487	0.88790913413428
10.060149597315	0.88758699291654
10.036573752929	0.88726433360332
10.013108149633	0.88694116197576
9.9897520159947	0.88661748377744
9.9665045877660	0.88629330471446
9.9433651077944	0.88596863045546
9.9203328259431	0.88564346663168
9.8974069990096	0.88531781883706
9.8745868906456	0.88499169262822
9.8518717712783	0.88466509352458
9.8292609180328	0.88433802700840
9.8067536146549	0.88401049852484
9.7843491514360	0.88368251348205
9.7620468251384	0.88335407725119
9.7398459389214	0.88302519516656
9.7177458022690	0.88269587252560
9.6957457309185	0.88236611458905
9.6738450467893	0.88203592658094
9.6520430779137	0.88170531368872
9.6303391583681	0.88137428106332
9.6087326282051	0.88104283381924
9.5872228333866	0.88071097703460
9.5658091257179	0.88037871575128
9.5444908627826	0.88004605497496
9.5232674078780	0.87971299967521
9.5021381299525	0.87937955478562
9.4811024035421	0.87904572520384
9.4601596087094	0.87871151579169
9.4393091309824	0.87837693137527
9.4185503612944	0.87804197674502
9.3978826959248	0.87770665665588
9.3773055364404	0.87737097582730
9.3568182896380	0.87703493894341
9.3364203674868	0.87669855065310
9.3161111870727	0.87636181557012
9.2958901705426	0.87602473827318
9.2757567450495	0.87568732330607
9.2557103426984	0.87534957517774
9.2357504004929	0.87501149836244
9.2158763602828	0.87467309729983
9.1960876687117	0.87433437639505
9.1763837771656	0.87399534001889
9.1567641417227	0.87365599250784
9.1372282231027	0.87331633816428
9.1177754866180	0.87297638125653
9.0984054021244	0.87263612601899
9.0791174439733	0.87229557665228
9.0599110909640	0.87195473732333
9.0407858262967	0.87161361216554
9.0217411375263	0.87127220527884
9.0027765165165	0.87093052072987
8.9838914593947	0.87058856255209
8.9650854665072	0.87024633474590
8.9463580423754	0.86990384127876
8.9277086956522	0.86956108608533
8.9091369390788	0.86921807306761
8.8906422894425	0.86887480609503
8.8722242675348	0.86853128900463
8.8538823981099	0.86818752560116
8.8356162098438	0.86784351965723
8.8174252352941	0.86749927491343
8.7993090108600	0.86715479507849
8.7812670767428	0.86681008382936
8.7632989769073	0.86646514481143
8.7454042590432	0.86611998163859
8.7275824745269	0.86577459789344
8.7098331783847	0.86542899712735
8.6921559292549	0.86508318286068
8.6745502893519	0.86473715858285
8.6570158244297	0.86439092775255
8.6395521037464	0.86404449379783
8.6221587000288	0.86369786011626
8.6048351894374	0.86335103007510
8.5875811515325	0.86300400701140
8.5703961692396	0.86265679423218
8.5532798288160	0.86230939501457
8.5362317198178	0.86196181260594
8.5192514350668	0.86161405022408
8.5023385706183	0.86126611105731
8.4854927257288	0.86091799826466
8.4687135028249	0.86056971497603
8.4520005074711	0.86022126429227
8.4353533483399	0.85987264928544
8.4187716371806	0.85952387299886
8.4022549887892	0.85917493844733
8.3858030209790	0.85882584861724
8.3694153545505	0.85847660646678
8.3530916132627	0.85812721492601
8.3368314238042	0.85777767689708
8.3206344157646	0.85742799525439
8.3045002216066	0.85707817284468
8.2884284766381	0.85672821248726
8.2724188189845	0.85637811697413
8.2564708895621	0.85602788907012
8.2405843320506	0.85567753151309
8.2247587928669	0.85532704701406
8.2089939211391	0.85497643825738
8.1932893686800	0.85462570790087
8.1776447899618	0.85427485857600
8.1620598420909	0.85392389288804
8.1465341847826	0.85357281341623
8.1310674803363	0.85322162271391
8.1156593936113	0.85287032330872
8.1003095920022	0.85251891770273
8.0850177454153	0.85216740837262
8.0697835262450	0.85181579776982
8.0546066093498	0.85146408832071
8.0394866720300	0.85111228242671
8.0244233940043	0.85076038246454
8.0094164573871	0.85040839078630
7.9944655466667	0.85005630971967
7.9795703486825	0.84970414156805
7.9647305526036	0.84935188861076
7.9499458499072	0.84899955310317
7.9352159343568	0.84864713727686
7.9205405019815	0.84829464333981
7.9059192510549	0.84794207347656
7.8913518820742	0.84758942984832
7.8768380977404	0.84723671459322
7.8623776029373	0.84688392982641
7.8479701047120	0.84653107764024
7.8336153122550	0.84617816010443
7.8193129368805	0.84582517926624
7.8050626920073	0.84547213715059
7.7908642931393	0.84511903576030
7.7767174578470	0.84476587707618
7.7626219057483	0.84441266305725
7.7485773584906	0.84405939564085
7.7345835397317	0.84370607674287
7.7206401751223	0.84335270825784
7.7067469922879	0.84299929205915
7.6929037208109	0.84264582999919
7.6791100922131	0.84229232390952
7.6653658399386	0.84193877560103
7.6516706993364	0.84158518686411
7.6380244076433	0.84123155946881
7.6244267039674	0.84087789516498
7.6108773292714	0.84052419568249
7.5973760263558	0.84017046273133
7.5839225398432	0.83981669800183
7.5705166161616	0.83946290316476
7.5571580035291	0.83910907987157
7.5438464519376	0.83875522975447
7.5305817131374	0.83840135442666
7.5173635406219	0.83804745548246
7.5041916896120	0.83769353449747
7.4910659170415	0.83733959302875
7.4779859815415	0.83698563261496
7.4649516434263	0.83663165477655
7.4519626646781	0.83627766101590
7.4390188089330	0.83592365281747
7.4261198414664	0.83556963164799
7.4132655291790	0.83521559895662
7.4004556405826	0.83486155617507
7.3876899457861	0.83450750471782
7.3749682164822	0.83415344598222
7.3622902259332	0.83379938134870
7.3496557489581	0.83344531218090
7.3370645619187	0.83309123982583
7.3245164427071	0.83273716561404
7.3120111707317	0.83238309085979
7.2995485269053	0.83202901686118
7.2871282936315	0.83167494490030
7.2747502547925	0.83132087624345
7.2624141957364	0.83096681214122
7.2501199032648	0.83061275382870
7.2378671656205	0.83025870252563
7.2256557724753	0.82990465943651
7.2134855149182	0.82955062575083
7.2013561854432	0.82919660264316
7.1892675779376	0.82884259127334
7.1772194876706	0.82848859278663
7.1652117112811	0.82813460831386
7.1532440467669	0.82778063897158
7.1413162934731	0.82742668586223
7.1294282520809	0.82707275007426
7.1175797245964	0.82671883268232
7.1057705143399	0.82636493474740
7.0940004259347	0.82601105731698
7.0822692652965	0.82565720142515
7.0705768396226	0.82530336809283
7.0589229573817	0.82494955832786
7.0473074283028	0.82459577312517
7.0357300633654	0.82424201346695
7.0241906747891	0.82388828032275
7.0126890760234	0.82353457464969
7.0012250817375	0.82318089739255
6.9897985078107	0.82282724948397
6.9784091713222	0.82247363184454
6.9670568905415	0.82212004538301
6.9557414849188	0.82176649099640
6.9444627750753	0.82141296957012
6.9332205827937	0.82105948197818
6.9220147310090	0.82070602908329
6.9108450437990	0.82035261173701
6.8997113463751	0.81999923077990
6.8886134650735	0.81964588704166
6.8775512273457	0.81929258134127
6.8665244617499	0.81893931448715
6.8555329979419	0.81858608727726
6.8445766666667	0.81823290049930
6.8336552997493	0.81787975493080
6.8227687300865	0.81752665133927
6.8119167916383	0.81717359048236
6.8010993194192	0.81682057310798
6.7903161494904	0.81646759995445
6.7795671189507	0.81611467175063
6.7688520659291	0.81576178921604
6.7581708295762	0.81540895306103
6.7475232500563	0.81505616398690
6.7369091685393	0.81470342268604
6.7263284271932	0.81435072984203
6.7157808691756	0.81399808612983
6.7052663386267	0.81364549221589
6.6947846806610	0.81329294875825
6.6843357413601	0.81294045640672
6.6739193677649	0.81258801580299
6.6635354078684	0.81223562758077
6.6531837106081	0.81188329236588
6.6428641258586	0.81153101077645
6.6325765044248	0.81117878342300
6.6223206980340	0.81082661090855
6.6120965593295	0.81047449382883
6.6019039418630	0.81012243277229
6.5917427000879	0.80977042832035
6.5816126893524	0.80941848104741
6.5715137658922	0.80906659152107
6.5614457868243	0.80871476030220
6.5514086101399	0.80836298794506
6.5414020946978	0.80801127499747
6.5314261002179	0.80765962200088
6.5214804872743	0.80730802949051
6.5115651172893	0.80695649799550
6.5016798525266	0.80660502803897
6.4918245560849	0.80625362013820
6.4819990918919	0.80590227480472
6.4722033246978	0.80555099254442
6.4624371200690	0.80519977385767
6.4527003443823	0.80484861923946
6.4429928648184	0.80449752917949
6.4333145493562	0.80414650416232
6.4236652667667	0.80379554466741
6.4140448866068	0.80344465116934
6.4044532792138	0.80309382413782
6.3948903156997	0.80274306403787
6.3853558679446	0.80239237132991
6.3758498085921	0.80204174646988
6.3663720110427	0.80169118990931
6.3569223494487	0.80134070209550
6.3475006987084	0.80099028347156
6.3381069344609	0.80063993447656
6.3287409330800	0.80028965554563
6.3194025716695	0.79993944711005
6.3100917280572	0.79958930959738
6.3008082807902	0.79923924343153
6.2915521091291	0.79888924903290
6.2823230930427	0.79853932681849
6.2731211132036	0.79818947720195
6.2639460509820	0.79783970059373
6.2547977884415	0.79748999740117
6.2456762083333	0.79714036802858
6.2365811940919	0.79679081287738
6.2275126298297	0.79644133234616
6.2184704003319	0.79609192683080
6.2094543910522	0.79574259672457
6.2004644881075	0.79539334241819
6.1915005782734	0.79504416429999
6.1825625489792	0.79469506275594
6.1736502883031	0.79434603816980
6.1647636849681	0.79399709092318
6.1559026283368	0.79364822139562
6.1470670084068	0.79329942996474
6.1382567158067	0.79295071700627
6.1294716417910	0.79260208289417
6.1207116782360	0.79225352800072
6.1119767176351	0.79190505269661
6.1032666530945	0.79155665735100
6.0945813783289	0.79120834233167
6.0859207876573	0.79086010800504
6.0772847759984	0.79051195473628
6.0686732388664	0.79016388288942
6.0600860723671	0.78981589282740
6.0515231731934	0.78946798491218
6.0429844386212	0.78912015950479
6.0344697665056	0.78877241696547
6.0259790552764	0.78842475765366
6.0175122039342	0.78807718192819
6.0090691120465	0.78772969014728
6.0006496797438	0.78738228266864
5.9922538077154	0.78703495984957
5.9838813972056	0.78668772204700
5.9755323500100	0.78634056961761
5.9672065684713	0.78599350291786
5.9589039554760	0.78564652230411
5.9506244144502	0.78529962813266
5.9423678493558	0.78495282075985
5.9341341646873	0.78460610054211
5.9259232654675	0.78425946783603
5.9177350572444	0.78391292299848
5.9095694460871	0.78356646638661
5.9014263385827	0.78322009835797
5.8933056418321	0.78287381927055
5.8852072634472	0.78252762948289
5.8771311115468	0.78218152935410
5.8690770947533	0.78183551924393
5.8610451221896	0.78148959951289
5.8530351034752	0.78114377052224
5.8450469487229	0.78079803263412
5.8370805685358	0.78045238621157
5.8291358740035	0.78010683161861
5.8212127766990	0.77976136922030
5.8133111886756	0.77941599938281
5.8054310224632	0.77907072247347
5.7975721910656	0.77872553886081
5.7897346079567	0.77838044891468
5.7819181870781	0.77803545300624
5.7741228428351	0.77769055150805
5.7663484900942	0.77734574479414
5.7585950441798	0.77700103324003
5.7508624208709	0.77665641722282
5.7431505363985	0.77631189712122
5.7354593074421	0.77596747331561
5.7277886511272	0.77562314618811
5.7201384850219	0.77527891612260
5.7125087271341	0.77493478350480
5.7048992959087	0.77459074872232
5.6973101102242	0.77424681216467
5.6897410893908	0.77390297422337
5.6821921531463	0.77355923529195
5.6746632216544	0.77321559576601
5.6671542155009	0.77287205604329
5.6596650556919	0.77252861652369
5.6521956636501	0.77218527760930
5.6447459612126	0.77184203970451
5.6373158706281	0.77149890321597
5.6299053145540	0.77115586855271
5.6225142160540	0.77081293612611
5.6151424985952	0.77047010635002
5.6077900860456	0.77012737964071
5.6004569026714	0.76978475641701
5.5931428731343	0.76944223710026
5.5858479224893	0.76909982211441
5.5785719761816	0.76875751188601
5.5713149600446	0.76841530684430
5.5640768002970	0.76807320742120
5.5568574235403	0.76773121405137
5.5496567567568	0.76738932717224
5.5424747273063	0.76704754722405
5.5353112629247	0.76670587464984
5.5281662917204	0.76636430989558
5.5210397421731	0.76602285341008
5.5139315431304	0.76568150564512
5.5068416238060	0.76534026705544
5.4997699137773	0.76499913809877
5.4927163429828	0.76465811923583
5.4856808417200	0.76431721093045
5.4786633406433	0.76397641364948
5.4716637707611	0.76363572786292
5.4646820634342	0.76329515404387
5.4577181503732	0.76295469266861
5.4507719636364	0.76261434421657
5.4438434356274	0.76227410917043
5.4369324990932	0.76193398801606
5.4300390871219	0.76159398124259
5.4231631331404	0.76125408934245
5.4163045709124	0.76091431281133
5.4094633345363	0.76057465214826
5.4026393584430	0.76023510785559
5.3958325773938	0.75989568043904
5.3890429264785	0.75955637040769
5.3822703411131	0.75921717827401
5.3755147570378	0.75887810455391
5.3687761103152	0.75853914976667
5.3620543373278	0.75820031443507
5.3553493747767	0.75786159908530
5.3486611596789	0.75752300424705
5.3419896293656	0.75718453045348
5.3353347214807	0.75684617824126
5.3286963739780	0.75650794815054
5.3220745251198	0.75616984072503
5.3154691134752	0.75583185651196
5.3088800779175	0.75549399606210
5.3023073576229	0.75515625992976
5.2957508920685	0.75481864867285
5.2892106210303	0.75448116285281
5.2826864845815	0.75414380303469
5.2761784230905	0.75380656978711
5.2696863772192	0.75346946368229
5.2632102879213	0.75313248529605
5.2567500964405	0.75279563520781
5.2503057443082	0.75245891400060
5.2438771733427	0.75212232226107
5.2374643256464	0.75178586057947
5.2310671436050	0.75144952954970
5.2246855698850	0.75111332976925
5.2183195474326	0.75077726183925
5.2119690194715	0.75044132636445
5.2056339295016	0.75010552395323
5.1993142212973	0.74976985521759
5.1930098389052	0.74943432077316
5.1867207266436	0.74909892123918
5.1804468290997	0.74876365723852
5.1741880911288	0.74842852939766
5.1679444578521	0.74809353834671
5.1617158746556	0.74775868471938
5.1555022871883	0.74742396915298
5.1493036413604	0.74708939228842
5.1431198833419	0.74675495477023
5.1369509595613	0.74642065724650
5.1307968167037	0.74608650036891
5.1246574017094	0.74575248479274
5.1185326617722	0.74541861117679
5.1124225443383	0.74508488018347
5.1063269971044	0.74475129247870
5.1002459680163	0.74441784873197
5.0941794052676	0.74408454961626
5.0881272572980	0.74375139580812
5.0820894727920	0.74341838798758
5.0760660006773	0.74308552683815
5.0700567901235	0.74275281304686
5.0640617905405	0.74242024730418
5.0580809515775	0.74208783030407
5.0521142231210	0.74175556274389
5.0461615552937	0.74142344532447
5.0402228984533	0.74109147875004
5.0342982031906	0.74075966372821
5.0283874203287	0.74042800096999
5.0224905009214	0.74009649118977
5.0166073962517	0.73976513510525
5.0107380578305	0.73943393343749
5.0048824373957	0.73910288691086
4.9990404869101	0.73877199625301
4.9932121585610	0.73844126219488
4.9873974047579	0.73811068547066
4.9815961781323	0.73778026681776
4.9758084315353	0.73745000697683
4.9700341180371	0.73711990669170
4.9642731909256	0.73678996670936
4.9585256037049	0.73646018777998
4.9527913100942	0.73613057065682
4.9470702640264	0.73580111609628
4.9413624196473	0.73547182485781
4.9356677313138	0.73514269770394
4.9299861535932	0.73481373540020
4.9243176412615	0.73448493871516
4.9186621493027	0.73415630842036
4.9130196329072	0.73382784529029
4.9073900474709	0.73349955010238
4.9017733485939	0.73317142363694
4.8961694920790	0.73284346667719
4.8905784339315	0.73251568000916
4.8850001303569	0.73218806442172
4.8794345377604	0.73186062070654
4.8738816127459	0.73153334965803
4.8683413121143	0.73120625207336
4.8628135928629	0.73087932875236
4.8572984121841	0.73055258049758
4.8517957274640	0.73022600811419
4.8463054962819	0.72989961240996
4.8408276764088	0.72957339419527
4.8353622258065	0.72924735428301
4.8299091026261	0.72892149348861
4.8244682652076	0.72859581262999
4.8190396720784	0.72827031252750
4.8136232819525	0.72794499400392
4.8082190537289	0.72761985788439
4.8028269464915	0.72729490499643
4.7974469195071	0.72697013616986
4.7920789322251	0.72664555223677
4.7867229442759	0.72632115403151
4.7813789154705	0.72599694239062
4.7760468057989	0.72567291815282
4.7707265754297	0.72534908215898
4.7654181847083	0.72502543525203
4.7601215941569	0.72470197827701
4.7548367644726	0.72437871208094
4.7495636565272	0.72405563751286
4.7443022313657	0.72373275542373
4.7390524502055	0.72341006666644
4.7338142744355	0.72308757209574
4.7285876656151	0.72276527256821
4.7233725854735	0.72244316894222
4.7181689959081	0.72212126207791
4.7129768589844	0.72179955283712
4.7077961369347	0.72147804208334
4.7026267921569	0.72115673068171
4.6974687872140	0.72083561949898
4.6923220848333	0.72051470940340
4.6871866479049	0.72019400126476
4.6820624394815	0.71987349595431
4.6769494227769	0.71955319434471
4.6718475611657	0.71923309731000
4.6667568181818	0.71891320572557
4.6616771575183	0.71859352046808
4.6566085430258	0.71827404241546
4.6515509387122	0.71795477244684
4.6465043087415	0.71763571144249
4.6414686174330	0.71731686028383
4.6364438292607	0.71699821985334
4.6314299088522	0.71667979103450
4.6264268209877	0.71636157471182
4.6214345305997	0.71604357177071
4.6164530027718	0.71572578309749
4.6114822027380	0.71540820957930
4.6065220958820	0.71509085210411
4.6015726477360	0.71477371156064
4.5966338239804	0.71445678883828
4.5917055904426	0.71414008482712
4.5867879130967	0.71382360041784
4.5818807580621	0.71350733650169
4.5769840916031	0.71319129397043
4.5720978801281	0.71287547371631
4.5672220901889	0.71255987663198
4.5623566884797	0.71224450361046
4.5575016418364	0.71192935554511
4.5526569172361	0.71161443332956
4.5478224817961	0.71129973785767
4.5429983027731	0.71098527002345
4.5381843475628	0.71067103072108
4.5333805836988	0.71035702084480
4.5285869788520	0.71004324128886
4.5238035008299	0.70972969294753
4.5190301175761	0.70941637671497
4.5142667971691	0.70910329348524
4.5095135078219	0.70879044415222
4.5047702178813	0.70847782960957
4.5000368958271	0.70816545075068
4.4953135102714	0.70785330846861
4.4906000299581	0.70754140365606
4.4858964237618	0.70722973720528
4.4812026606876	0.70691831000805
4.4765187098701	0.70660712295564
4.4718445405728	0.70629617693871
4.4671801221875	0.70598547284730
4.4625254242334	0.70567501157076
4.4578804163569	0.70536479399772
4.4532450683304	0.70505482101600
4.4486193500519	0.70474509351257
4.4440032315446	0.70443561237354
4.4393966829557	0.70412637848405
4.4347996745562	0.70381739272822
4.4302121767401	0.70350865598915
4.4256341600236	0.70320016914882
4.4210655950450	0.70289193308805
4.4165064525633	0.70258394868645
4.4119567034584	0.70227621682234
4.4074163187298	0.70196873837276
4.4028852694963	0.70166151421335
4.3983635269953	0.70135454521831
4.3938510625824	0.70104783226039
4.3893478477306	0.70074137621079
4.3848538540295	0.70043517793910
4.3803690531853	0.70012923831330
4.3758934170194	0.69982355819964
4.3714269174686	0.69951813846265
4.3669695265841	0.69921297996502
4.3625212165309	0.69890808356760
4.3580819595871	0.69860345012931
4.3536517281441	0.69829908050711
4.3492304947048	0.69799497555592
4.3448182318841	0.69769113612860
4.3404149124077	0.69738756307585
4.3360205091119	0.69708425724619
4.3316349949429	0.69678121948591
4.3272583429561	0.69647845063897
4.3228905263158	0.69617595154700
4.3185315182944	0.69587372304920
4.3141812922723	0.69557176598231
4.3098398217366	0.69527008118056
4.3055070802815	0.69496866947559
4.3011830416069	0.69466753169641
4.2968676795184	0.69436666866934
4.2925609679267	0.69406608121796
4.2882628808468	0.69376577016307
4.2839733923978	0.69346573632257
4.2796924768023	0.69316598051151
4.2754201083856	0.69286650354192
4.2711562615757	0.69256730622286
4.2669009109024	0.69226838936026
4.2626540309967	0.69196975375697
4.2584155965909	0.69167140021262
4.2541855825174	0.69137332952362
4.2499639637085	0.69107554248305
4.2457507151961	0.69077803988067
4.2415458121109	0.69048082250282
4.2373492296820	0.69018389113237
4.2331609432364	0.68988724654866
4.2289809281986	0.68959088952748
4.2248091600902	0.68929482084097
4.2206456145291	0.68899904125759
4.2164902672293	0.68870355154205
4.2123430940003	0.68840835245527
4.2082040707468	0.68811344475432
4.2040731734680	0.68781882919234
4.1999503782572	0.68752450651853
4.1958356613016	0.68723047747806
4.1917289988814	0.68693674281201
4.1876303673697	0.68664330325737
4.1835397432319	0.68635015954690
4.1794571030252	0.68605731240914
4.1753824233983	0.68576476256833
4.1713156810909	0.68547251074437
4.1672568529330	0.68518055765272
4.1632059158450	0.68488890400443
4.1591628468368	0.68459755050598
4.1551276230076	0.68430649785931
4.1511002215453	0.68401574676173
4.1470806197261	0.68372529790585
4.1430687949143	0.68343515197958
4.1390647245616	0.68314530966599
4.1350683862069	0.68285577164335
4.1310797574755	0.68256653858500
4.1270988160793	0.68227761115933
4.1231255398157	0.68198899002974
4.1191599065677	0.68170067585453
4.1152018943034	0.68141266928693
4.1112514810752	0.68112497097495
4.1073086450199	0.68083758156139
4.1033733643581	0.68055050168379
4.0994456173937	0.68026373197433
4.0955253825137	0.67997727305982
4.0916126381875	0.67969112556159
4.0877073629670	0.67940529009553
4.0838095354856	0.67911976727193
4.0799191344584	0.67883455769551
4.0760361386812	0.67854966196532
4.0721605270307	0.67826508067470
4.0682922784638	0.67798081441122
4.0644313720174	0.67769686375665
4.0605777868075	0.67741322928688
4.0567315020298	0.67712991157188
4.0528924969582	0.67684691117564
4.0490607509454	0.67656422865613
4.0452362434219	0.67628186456523
4.0414189538959	0.67599981944869
4.0376088619529	0.67571809384609
4.0338059472551	0.67543668829076
4.0300101895416	0.67515560330973
4.0262215686274	0.67487483942370
4.0224400644036	0.67459439714698
4.0186656568365	0.67431427698743
4.0148983259676	0.67403447944642
4.0111380519133	0.67375500501876
4.0073848148643	0.67347585419266
4.0036385950855	0.67319702744969
3.9998993729153	0.67291852526473
3.9961671287657	0.67264034810588
3.9924418431216	0.67236249643444
3.9887234965407	0.67208497070489
3.9850120696531	0.67180777136476
3.9813075431607	0.67153089885466
3.9776098978373	0.67125435360817
3.9739191145281	0.67097813605185
3.9702351741491	0.67070224660511
3.9665580576872	0.67042668568025
3.9628877461996	0.67015145368233
3.9592242208135	0.66987655100919
3.9555674627260	0.66960197805134
3.9519174532033	0.66932773519195
3.9482741735809	0.66905382280679
3.9446376052632	0.66878024126420
3.9410077297226	0.66850699092498
3.9373845285001	0.66823407214242
3.9337679832043	0.66796148526222
3.9301580755113	0.66768923062240
3.9265547871644	0.66741730855333
3.9229580999738	0.66714571937762
3.9193679958164	0.66687446341012
3.9157844566353	0.66660354095781
3.9122074644395	0.66633295231982
3.9086370013038	0.66606269778736
3.9050730493682	0.66579277764363
3.9015155908381	0.66552319216386
3.8979646079834	0.66525394161518
3.8944200831385	0.66498502625662
3.8908819987021	0.66471644633904
3.8873503371369	0.66444820210513
3.8838250809690	0.66418029378930
3.8803062127880	0.66391272161767
3.8767937152463	0.66364548580804
3.8732875710594	0.66337858656980
3.8697877630050	0.66311202410393
3.8662942739231	0.66284579860293
3.8628070867156	0.66257991025079
3.8593261843460	0.66231435922292
3.8558515498392	0.66204914568614
3.8523831662812	0.66178426979863
3.8489210168186	0.66151973170984
3.8454650846588	0.66125553156053
3.8420153530693	0.66099166948265
3.8385718053777	0.66072814559934
3.8351344249712	0.66046496002487
3.8317031952965	0.66020211286461
3.8282780998595	0.65993960421497
3.8248591222251	0.65967743416339
3.8214462460166	0.65941560278826
3.8180394549159	0.65915411015891
3.8146387326632	0.65889295633553
3.8112440630562	0.65863214136918
3.8078554299505	0.65837166530171
3.8044728172589	0.65811152816574
3.8010962089514	0.65785172998461
3.7977255890550	0.65759227077235
3.7943609416530	0.65733315053361
3.7910022508852	0.65707436926366
3.7876495009476	0.65681592694835
3.7843026760919	0.65655782356401
3.7809617606256	0.65630005907751
3.7776267389113	0.65604263344613
3.7742975953670	0.65578554661757
3.7709743144654	0.65552879852991
3.7676568807339	0.65527238911154
3.7643452787544	0.65501631828118
3.7610394931627	0.65476058594778
3.7577395086488	0.65450519201053
3.7544453099562	0.65425013635880
3.7511568818819	0.65399541887210
3.7478742092762	0.65374103942006
3.7445972770422	0.65348699786239
3.7413260701360	0.65323329404883
3.7380605735661	0.65297992781914
3.7348007723932	0.65272689900305
3.7315466517301	0.65247420742020
3.7282981967417	0.65222185288017
3.7250553926441	0.65196983518237
3.7218182247052	0.65171815411607
3.7185866782436	0.65146680946032
3.7153607386293	0.65121580098395
3.7121403912828	0.65096512844551
3.7089256216751	0.65071479159326
3.7057164153276	0.65046479016513
3.7025127578115	0.65021512388865
3.6993146347483	0.64996579248101
3.6961220318087	0.64971679564892
3.6929349347130	0.64946813308866
3.6897533292308	0.64921980448600
3.6865772011805	0.64897180951620
3.6834065364295	0.64872414784396
3.6802413208937	0.64847681912339
3.6770815405372	0.64822982299801
3.6739271813725	0.64798315910067
3.6707782294600	0.64773682705356
3.6676346709078	0.64749082646818
3.6644964918714	0.64724515694526
3.6613636785540	0.64699981807483
3.6582362172056	0.64675480943608
3.6551140941234	0.64651013059741
3.6519972956511	0.64626578111639
3.6488858081792	0.64602176053969
3.6457796181442	0.64577806840310
3.6426787120292	0.64553470423150
3.6395830763628	0.64529166753879
3.6364926977196	0.64504895782793
3.6334075627197	0.64480657459086
3.6303276580286	0.64456451730849
3.6272529703569	0.64432278545069
3.6241834864603	0.64408137847626
3.6211191931393	0.64384029583288
3.6180600772387	0.64359953695712
3.6150061256481	0.64335910127442
3.6119573253012	0.64311898819901
3.6089136631756	0.64287919713396
3.6058751262930	0.64263972747111
3.6028417017185	0.64240057859107
3.5998133765610	0.64216174986318
3.5967901379724	0.64192324064551
3.5937719731479	0.64168505028481
3.5907588693257	0.64144717811653
3.5877508137865	0.64120962346477
3.5847477938539	0.64097238564224
3.5817497968937	0.64073546395029
3.5787568103140	0.64049885767888
3.5757688215649	0.64026256610651
3.5727858181385	0.64002658850027
3.5698077875685	0.63979092411577
3.5668347174301	0.63955557219716
3.5638665953400	0.63932053197707
3.5609034089559	0.63908580267665
3.5579451459767	0.63885138350550
3.5549917941421	0.63861727366166
3.5520433412322	0.63838347233164
3.5490997750681	0.63814997869035
3.5461610835108	0.63791679190112
3.5432272544616	0.63768391111565
3.5402982758621	0.63745133547403
3.5373741356932	0.63721906410471
3.5344548219759	0.63698709612450
3.5315403227706	0.63675543063853
3.5286306261770	0.63652406674025
3.5257257203340	0.63629300351143
3.5228255934195	0.63606224002211
3.5199302336503	0.63583177533066
3.5170396292820	0.63560160848368
3.5141537686086	0.63537173851604
3.5112726399625	0.63514216445088
3.5083962317145	0.63491288529957
3.5055245322732	0.63468390006169
3.5026575300853	0.63445520772506
3.4997952136353	0.63422680726572
3.4969375714452	0.63399869764788
3.4940845920746	0.63377087782398
3.4912362641202	0.63354334673461
3.4883925762160	0.63331610330856
3.4855535170329	0.63308914646279
3.4827190752788	0.63286247510241
3.4798892396982	0.63263608812070
3.4770639990721	0.63240998439909
3.4742433422181	0.63218416280715
3.4714272579898	0.63195862220258
3.4686157352771	0.63173336143125
3.4658087630058	0.63150837932712
3.4630063301375	0.63128367471231
3.4602084256694	0.63105924639704
3.4574150386345	0.63083509317966
3.4546261581009	0.63061121384665
3.4518417731721	0.63038760717258
3.4490618729867	0.63016427192016
3.4462864467180	0.62994120684019
3.4435154835745	0.62971841067161
3.4407489727993	0.62949588214144
3.4379869036697	0.62927361996484
3.4352292654979	0.62905162284505
3.4324760476300	0.62882988947345
3.4297272394463	0.62860841852953
3.4269828303612	0.62838720868088
3.4242428098230	0.62816625858322
3.4215071673134	0.62794556688039
3.4187758923480	0.62772513220436
3.4160489744758	0.62750495317521
3.4133264032791	0.62728502840116
3.4106081683732	0.62706535647858
3.4078942594066	0.62684593599195
3.4051846660609	0.62662676551392
3.4024793780502	0.62640784360528
3.3997783851213	0.62618916881499
3.3970816770538	0.62597073968016
3.3943892436594	0.62575255472609
3.3917010747822	0.62553461246625
3.3890171602984	0.62531691140229
3.3863374901163	0.62509945002407
3.3836620541761	0.62488222680964
3.3809908424495	0.62466524022530
3.3783238449403	0.62444848872553
3.3756610516834	0.62423197075307
3.3730024527453	0.62401568473892
3.3703480382237	0.62379962910231
3.3676977982476	0.62358380225077
3.3650517229768	0.62336820258008
3.3624098026021	0.62315282847435
3.3597720273451	0.62293767830598
3.3571383874580	0.62272275043569
3.3545088732237	0.62250804321256
3.3518834749553	0.62229355497401
3.3492621829963	0.62207928404582
3.3466449877205	0.62186522874217
3.3440318795315	0.62165138736564
3.3414228488631	0.62143775820721
3.3388178861789	0.62122433954632
3.3362169819720	0.62101112965085
3.3336201267653	0.62079812677716
3.3310273111111	0.62058532917009
