#Parameters = {thARC=0.2; nARC=1.25; thsub=1; p=1; nSub=1.75}
#"Wavelength / um"	"T (170) [Real Part]"
#---------------------------------------
14.989622900000	0.92634357511456
14.937342202292	0.92639236304206
14.885424925521	0.92644044076388
14.833867293419	0.92648781402177
14.782665581854	0.92653448854427
14.731816117936	0.92658047004651
14.681315279138	0.92662576423001
14.631159492435	0.92667037678258
14.581345233463	0.92671431337806
14.531869025691	0.92675757967620
14.482727439614	0.92680018132248
14.433917091960	0.92684212394792
14.385434644914	0.92688341316894
14.337276805356	0.92692405458717
14.289440324118	0.92696405378932
14.241921995249	0.92700341634698
14.194718655303	0.92704214781646
14.147827182633	0.92708025373868
14.101244496707	0.92711773963896
14.054967557431	0.92715461102688
14.008993364486	0.92719087339613
13.963318956684	0.92722653222437
13.917941411328	0.92726159297305
13.872857843591	0.92729606108728
13.828065405904	0.92732994199570
13.783561287356	0.92736324111028
13.739342713107	0.92739596382625
13.695406943810	0.92742811552188
13.651751275046	0.92745970155842
13.608373036768	0.92749072727987
13.565269592760	0.92752119801294
13.522438340099	0.92755111906684
13.479876708633	0.92758049573318
13.437582160466	0.92760933328583
13.395552189455	0.92763763698079
13.353784320713	0.92766541205607
13.312276110124	0.92769266373155
13.271025143869	0.92771939720885
13.230029037952	0.92774561767123
13.189285437747	0.92777133028345
13.148792017544	0.92779654019165
13.108546480105	0.92782125252322
13.068546556234	0.92784547238674
13.028790004346	0.92786920487178
12.989274610052	0.92789245504884
12.949998185745	0.92791522796924
12.910958570198	0.92793752866497
12.872153628167	0.92795936214862
12.833581250000	0.92798073341326
12.795239351259	0.92800164743234
12.757125872340	0.92802210915955
12.719238778108	0.92804212352878
12.681576057530	0.92806169545397
12.644135723323	0.92808082982901
12.606915811606	0.92809953152769
12.569914381551	0.92811780540355
12.533129515050	0.92813565628982
12.496559316382	0.92815308899930
12.460201911887	0.92817010832429
12.424055449648	0.92818671903651
12.388118099174	0.92820292588696
12.352388051092	0.92821873360591
12.316863516845	0.92823414690274
12.281542728390	0.92824917046590
12.246423937908	0.92826380896283
12.211505417515	0.92827806703985
12.176785458976	0.92829194932211
12.142262373431	0.92830546041349
12.107934491115	0.92831860489656
12.073800161095	0.92833138733245
12.039857751004	0.92834381226083
12.006105646776	0.92835588419980
11.972542252396	0.92836760764586
11.939165989646	0.92837898707379
11.905975297855	0.92839002693665
11.872968633663	0.92840073166563
11.840144470774	0.92841110567009
11.807501299724	0.92842115333738
11.775037627651	0.92843087903288
11.742751978065	0.92844028709989
11.710642890625	0.92844938185959
11.678708920919	0.92845816761096
11.646948640249	0.92846664863075
11.615360635413	0.92847482917342
11.583943508501	0.92848271347109
11.552695876686	0.92849030573347
11.521616372022	0.92849761014783
11.490703641242	0.92850463087897
11.459956345566	0.92851137206911
11.429373160503	0.92851783783793
11.398952775665	0.92852403228245
11.368693894577	0.92852995947703
11.338595234493	0.92853562347332
11.308655526217	0.92854102830023
11.278873513920	0.92854617796387
11.249247954972	0.92855107644752
11.219777619760	0.92855572771161
11.190461291527	0.92856013569367
11.161297766195	0.92856430430831
11.132285852209	0.92856823744717
11.103424370370	0.92857193897891
11.074712153676	0.92857541274916
11.046148047163	0.92857866258053
11.017730907755	0.92858169227254
10.989459604106	0.92858450560160
10.961333016453	0.92858710632104
10.933350036470	0.92858949816101
10.905509567115	0.92859168482851
10.877810522496	0.92859367000737
10.850251827723	0.92859545735821
10.822832418773	0.92859705051843
10.795551242348	0.92859845310218
10.768407255747	0.92859966870040
10.741399426729	0.92860070088074
10.714526733381	0.92860155318758
10.687788163993	0.92860222914201
10.661182716927	0.92860273224184
10.634709400497	0.92860306596156
10.608367232838	0.92860323375236
10.582155241793	0.92860323904210
10.556072464789	0.92860308523535
10.530117948718	0.92860277571330
10.504290749825	0.92860231383387
10.478589933590	0.92860170293159
10.453014574616	0.92860094631772
10.427563756522	0.92860004728014
10.402236571825	0.92859900908343
10.377032121841	0.92859783496884
10.351949516575	0.92859652815430
10.326987874612	0.92859509183441
10.302146323024	0.92859352918048
10.277423997257	0.92859184334052
10.252820041040	0.92859003743922
10.228333606278	0.92858811457802
10.203963852961	0.92858607783508
10.179709949066	0.92858393026528
10.155571070461	0.92858167490028
10.131546400811	0.92857931474848
10.107635131490	0.92857685279508
10.083836461487	0.92857429200208
10.060149597315	0.92857163530829
10.036573752929	0.92856888562934
10.013108149633	0.92856604585774
9.9897520159947	0.92856311886284
9.9665045877660	0.92856010749092
9.9433651077944	0.92855701456514
9.9203328259431	0.92855384288563
9.8974069990096	0.92855059522946
9.8745868906456	0.92854727435071
9.8518717712783	0.92854388298046
9.8292609180328	0.92854042382683
9.8067536146549	0.92853689957503
9.7843491514360	0.92853331288734
9.7620468251384	0.92852966640320
9.7398459389214	0.92852596273919
9.7177458022690	0.92852220448908
9.6957457309185	0.92851839422388
9.6738450467893	0.92851453449185
9.6520430779137	0.92851062781853
9.6303391583681	0.92850667670682
9.6087326282051	0.92850268363696
9.5872228333866	0.92849865106659
9.5658091257179	0.92849458143081
9.5444908627826	0.92849047714217
9.5232674078780	0.92848634059078
9.5021381299525	0.92848217414426
9.4811024035421	0.92847798014788
9.4601596087094	0.92847376092451
9.4393091309824	0.92846951877475
9.4185503612944	0.92846525597689
9.3978826959248	0.92846097478702
9.3773055364404	0.92845667743905
9.3568182896380	0.92845236614474
9.3364203674868	0.92844804309380
9.3161111870727	0.92844371045387
9.2958901705426	0.92843937037061
9.2757567450495	0.92843502496776
9.2557103426984	0.92843067634715
9.2357504004929	0.92842632658878
9.2158763602828	0.92842197775087
9.1960876687117	0.92841763186991
9.1763837771656	0.92841329096071
9.1567641417227	0.92840895701644
9.1372282231027	0.92840463200873
9.1177754866180	0.92840031788767
9.0984054021244	0.92839601658191
9.0791174439733	0.92839172999869
9.0599110909640	0.92838746002391
9.0407858262967	0.92838320852219
9.0217411375263	0.92837897733691
9.0027765165165	0.92837476829032
8.9838914593947	0.92837058318351
8.9650854665072	0.92836642379659
8.9463580423754	0.92836229188864
8.9277086956522	0.92835818919784
8.9091369390788	0.92835411744151
8.8906422894425	0.92835007831619
8.8722242675348	0.92834607349767
8.8538823981099	0.92834210464110
8.8356162098438	0.92833817338102
8.8174252352941	0.92833428133145
8.7993090108600	0.92833043008592
8.7812670767428	0.92832662121759
8.7632989769073	0.92832285627929
8.7454042590432	0.92831913680359
8.7275824745269	0.92831546430285
8.7098331783847	0.92831184026933
8.6921559292549	0.92830826617523
8.6745502893519	0.92830474347279
8.6570158244297	0.92830127359432
8.6395521037464	0.92829785795231
8.6221587000288	0.92829449793947
8.6048351894374	0.92829119492883
8.5875811515325	0.92828795027383
8.5703961692396	0.92828476530832
8.5532798288160	0.92828164134672
8.5362317198178	0.92827857968405
8.5192514350668	0.92827558159601
8.5023385706183	0.92827264833906
8.4854927257288	0.92826978115051
8.4687135028249	0.92826698124857
8.4520005074711	0.92826424983245
8.4353533483399	0.92826158808244
8.4187716371806	0.92825899715996
8.4022549887892	0.92825647820768
8.3858030209790	0.92825403234957
8.3694153545505	0.92825166069099
8.3530916132627	0.92824936431876
8.3368314238042	0.92824714430127
8.3206344157646	0.92824500168854
8.3045002216066	0.92824293751228
8.2884284766381	0.92824095278602
8.2724188189845	0.92823904850517
8.2564708895621	0.92823722564709
8.2405843320506	0.92823548517120
8.2247587928669	0.92823382801904
8.2089939211391	0.92823225511436
8.1932893686800	0.92823076736323
8.1776447899618	0.92822936565409
8.1620598420909	0.92822805085785
8.1465341847826	0.92822682382799
8.1310674803363	0.92822568540061
8.1156593936113	0.92822463639455
8.1003095920022	0.92822367761149
8.0850177454153	0.92822280983597
8.0697835262450	0.92822203383556
8.0546066093498	0.92822135036089
8.0394866720300	0.92822076014577
8.0244233940043	0.92822026390725
8.0094164573871	0.92821986234574
7.9944655466667	0.92821955614509
7.9795703486825	0.92821934597267
7.9647305526036	0.92821923247945
7.9499458499072	0.92821921630014
7.9352159343568	0.92821929805322
7.9205405019815	0.92821947834107
7.9059192510549	0.92821975775003
7.8913518820742	0.92822013685055
7.8768380977404	0.92822061619720
7.8623776029373	0.92822119632884
7.8479701047120	0.92822187776865
7.8336153122550	0.92822266102426
7.8193129368805	0.92822354658785
7.8050626920073	0.92822453493619
7.7908642931393	0.92822562653081
7.7767174578470	0.92822682181802
7.7626219057483	0.92822812122906
7.7485773584906	0.92822952518016
7.7345835397317	0.92823103407264
7.7206401751223	0.92823264829304
7.7067469922879	0.92823436821314
7.6929037208109	0.92823619419015
7.6791100922131	0.92823812656672
7.6653658399386	0.92824016567109
7.6516706993364	0.92824231181715
7.6380244076433	0.92824456530457
7.6244267039674	0.92824692641888
7.6108773292714	0.92824939543155
7.5973760263558	0.92825197260012
7.5839225398432	0.92825465816826
7.5705166161616	0.92825745236590
7.5571580035291	0.92826035540931
7.5438464519376	0.92826336750120
7.5305817131374	0.92826648883082
7.5173635406219	0.92826971957404
7.5041916896120	0.92827305989348
7.4910659170415	0.92827650993858
7.4779859815415	0.92828006984571
7.4649516434263	0.92828373973828
7.4519626646781	0.92828751972680
7.4390188089330	0.92829140990902
7.4261198414664	0.92829541037000
7.4132655291790	0.92829952118224
7.4004556405826	0.92830374240574
7.3876899457861	0.92830807408812
7.3749682164822	0.92831251626473
7.3622902259332	0.92831706895871
7.3496557489581	0.92832173218113
7.3370645619187	0.92832650593109
7.3245164427071	0.92833139019578
7.3120111707317	0.92833638495061
7.2995485269053	0.92834149015929
7.2871282936315	0.92834670577398
7.2747502547925	0.92835203173529
7.2624141957364	0.92835746797251
7.2501199032648	0.92836301440359
7.2378671656205	0.92836867093530
7.2256557724753	0.92837443746335
7.2134855149182	0.92838031387242
7.2013561854432	0.92838630003633
7.1892675779376	0.92839239581809
7.1772194876706	0.92839860107003
7.1652117112811	0.92840491563391
7.1532440467669	0.92841133934096
7.1413162934731	0.92841787201205
7.1294282520809	0.92842451345775
7.1175797245964	0.92843126347845
7.1057705143399	0.92843812186445
7.0940004259347	0.92844508839605
7.0822692652965	0.92845216284367
7.0705768396226	0.92845934496795
7.0589229573817	0.92846663451983
7.0473074283028	0.92847403124066
7.0357300633654	0.92848153486232
7.0241906747891	0.92848914510729
7.0126890760234	0.92849686168876
7.0012250817375	0.92850468431075
6.9897985078107	0.92851261266817
6.9784091713222	0.92852064644697
6.9670568905415	0.92852878532418
6.9557414849188	0.92853702896808
6.9444627750753	0.92854537703824
6.9332205827937	0.92855382918566
6.9220147310090	0.92856238505282
6.9108450437990	0.92857104427385
6.8997113463751	0.92857980647458
6.8886134650735	0.92858867127265
6.8775512273457	0.92859763827761
6.8665244617499	0.92860670709103
6.8555329979419	0.92861587730658
6.8445766666667	0.92862514851015
6.8336552997493	0.92863452027993
6.8227687300865	0.92864399218653
6.8119167916383	0.92865356379307
6.8010993194192	0.92866323465525
6.7903161494904	0.92867300432152
6.7795671189507	0.92868287233311
6.7688520659291	0.92869283822414
6.7581708295762	0.92870290152175
6.7475232500563	0.92871306174619
6.7369091685393	0.92872331841089
6.7263284271932	0.92873367102259
6.7157808691756	0.92874411908142
6.7052663386267	0.92875466208100
6.6947846806610	0.92876529950856
6.6843357413601	0.92877603084499
6.6739193677649	0.92878685556499
6.6635354078684	0.92879777313714
6.6531837106081	0.92880878302399
6.6428641258586	0.92881988468220
6.6325765044248	0.92883107756256
6.6223206980340	0.92884236111017
6.6120965593295	0.92885373476449
6.6019039418630	0.92886519795944
6.5917427000879	0.92887675012350
6.5816126893524	0.92888839067983
6.5715137658922	0.92890011904631
6.5614457868243	0.92891193463570
6.5514086101399	0.92892383685571
6.5414020946978	0.92893582510906
6.5314261002179	0.92894789879363
6.5214804872743	0.92896005730253
6.5115651172893	0.92897230002420
6.5016798525266	0.92898462634250
6.4918245560849	0.92899703563679
6.4819990918919	0.92900952728206
6.4722033246978	0.92902210064901
6.4624371200690	0.92903475510412
6.4527003443823	0.92904749000977
6.4429928648184	0.92906030472432
6.4333145493562	0.92907319860223
6.4236652667667	0.92908617099411
6.4140448866068	0.92909922124684
6.4044532792138	0.92911234870366
6.3948903156997	0.92912555270426
6.3853558679446	0.92913883258488
6.3758498085921	0.92915218767836
6.3663720110427	0.92916561731432
6.3569223494487	0.92917912081914
6.3475006987084	0.92919269751615
6.3381069344609	0.92920634672564
6.3287409330800	0.92922006776503
6.3194025716695	0.92923385994890
6.3100917280572	0.92924772258907
6.3008082807902	0.92926165499478
6.2915521091291	0.92927565647266
6.2823230930427	0.92928972632690
6.2731211132036	0.92930386385934
6.2639460509820	0.92931806836949
6.2547977884415	0.92933233915469
6.2456762083333	0.92934667551017
6.2365811940919	0.92936107672913
6.2275126298297	0.92937554210284
6.2184704003319	0.92939007092073
6.2094543910522	0.92940466247046
6.2004644881075	0.92941931603802
6.1915005782734	0.92943403090782
6.1825625489792	0.92944880636275
6.1736502883031	0.92946364168431
6.1647636849681	0.92947853615264
6.1559026283368	0.92949348904667
6.1470670084068	0.92950849964414
6.1382567158067	0.92952356722172
6.1294716417910	0.92953869105510
6.1207116782360	0.92955387041904
6.1119767176351	0.92956910458749
6.1032666530945	0.92958439283365
6.0945813783289	0.92959973443008
6.0859207876573	0.92961512864872
6.0772847759984	0.92963057476104
6.0686732388664	0.92964607203811
6.0600860723671	0.92966161975064
6.0515231731934	0.92967721716910
6.0429844386212	0.92969286356379
6.0344697665056	0.92970855820489
6.0259790552764	0.92972430036262
6.0175122039342	0.92974008930721
6.0090691120465	0.92975592430908
6.0006496797438	0.92977180463886
5.9922538077154	0.92978772956746
5.9838813972056	0.92980369836621
5.9755323500100	0.92981971030687
5.9672065684713	0.92983576466174
5.9589039554760	0.92985186070374
5.9506244144502	0.92986799770647
5.9423678493558	0.92988417494429
5.9341341646873	0.92990039169241
5.9259232654675	0.92991664722696
5.9177350572444	0.92993294082503
5.9095694460871	0.92994927176479
5.9014263385827	0.92996563932556
5.8933056418321	0.92998204278785
5.8852072634472	0.92999848143347
5.8771311115468	0.93001495454556
5.8690770947533	0.93003146140872
5.8610451221896	0.93004800130903
5.8530351034752	0.93006457353413
5.8450469487229	0.93008117737333
5.8370805685358	0.93009781211764
5.8291358740035	0.93011447705985
5.8212127766990	0.93013117149460
5.8133111886756	0.93014789471844
5.8054310224632	0.93016464602994
5.7975721910656	0.93018142472970
5.7897346079567	0.93019823012046
5.7819181870781	0.93021506150715
5.7741228428351	0.93023191819694
5.7663484900942	0.93024879949937
5.7585950441798	0.93026570472631
5.7508624208709	0.93028263319215
5.7431505363985	0.93029958421377
5.7354593074421	0.93031655711062
5.7277886511272	0.93033355120484
5.7201384850219	0.93035056582126
5.7125087271341	0.93036760028749
5.7048992959087	0.93038465393399
5.6973101102242	0.93040172609410
5.6897410893908	0.93041881610416
5.6821921531463	0.93043592330349
5.6746632216544	0.93045304703453
5.6671542155009	0.93047018664285
5.6596650556919	0.93048734147724
5.6521956636501	0.93050451088974
5.6447459612126	0.93052169423571
5.6373158706281	0.93053889087391
5.6299053145540	0.93055610016653
5.6225142160540	0.93057332147924
5.6151424985952	0.93059055418130
5.6077900860456	0.93060779764554
5.6004569026714	0.93062505124849
5.5931428731343	0.93064231437037
5.5858479224893	0.93065958639520
5.5785719761816	0.93067686671080
5.5713149600446	0.93069415470891
5.5640768002970	0.93071144978517
5.5568574235403	0.93072875133923
5.5496567567568	0.93074605877478
5.5424747273063	0.93076337149958
5.5353112629247	0.93078068892556
5.5281662917204	0.93079801046883
5.5210397421731	0.93081533554974
5.5139315431304	0.93083266359294
5.5068416238060	0.93084999402742
5.4997699137773	0.93086732628656
5.4927163429828	0.93088465980816
5.4856808417200	0.93090199403454
5.4786633406433	0.93091932841252
5.4716637707611	0.93093666239351
5.4646820634342	0.93095399543354
5.4577181503732	0.93097132699331
5.4507719636364	0.93098865653823
5.4438434356274	0.93100598353847
5.4369324990932	0.93102330746899
5.4300390871219	0.93104062780960
5.4231631331404	0.93105794404501
5.4163045709124	0.93107525566482
5.4094633345363	0.93109256216362
5.4026393584430	0.93110986304101
5.3958325773938	0.93112715780164
5.3890429264785	0.93114444595523
5.3822703411131	0.93116172701664
5.3755147570378	0.93117900050589
5.3687761103152	0.93119626594820
5.3620543373278	0.93121352287404
5.3553493747767	0.93123077081914
5.3486611596789	0.93124800932455
5.3419896293656	0.93126523793667
5.3353347214807	0.93128245620727
5.3286963739780	0.93129966369355
5.3220745251198	0.93131685995815
5.3154691134752	0.93133404456920
5.3088800779175	0.93135121710035
5.3023073576229	0.93136837713076
5.2957508920685	0.93138552424522
5.2892106210303	0.93140265803410
5.2826864845815	0.93141977809342
5.2761784230905	0.93143688402485
5.2696863772192	0.93145397543577
5.2632102879213	0.93147105193930
5.2567500964405	0.93148811315429
5.2503057443082	0.93150515870538
5.2438771733427	0.93152218822302
5.2374643256464	0.93153920134349
5.2310671436050	0.93155619770892
5.2246855698850	0.93157317696735
5.2183195474326	0.93159013877269
5.2119690194715	0.93160708278481
5.2056339295016	0.93162400866951
5.1993142212973	0.93164091609860
5.1930098389052	0.93165780474985
5.1867207266436	0.93167467430707
5.1804468290997	0.93169152446010
5.1741880911288	0.93170835490485
5.1679444578521	0.93172516534329
5.1617158746556	0.93174195548351
5.1555022871883	0.93175872503969
5.1493036413604	0.93177547373217
5.1431198833419	0.93179220128742
5.1369509595613	0.93180890743806
5.1307968167037	0.93182559192294
5.1246574017094	0.93184225448705
5.1185326617722	0.93185889488163
5.1124225443383	0.93187551286412
5.1063269971044	0.93189210819822
5.1002459680163	0.93190868065385
5.0941794052676	0.93192523000722
5.0881272572980	0.93194175604079
5.0820894727920	0.93195825854332
5.0760660006773	0.93197473730984
5.0700567901235	0.93199119214172
5.0640617905405	0.93200762284660
5.0580809515775	0.93202402923847
5.0521142231210	0.93204041113763
5.0461615552937	0.93205676837071
5.0402228984533	0.93207310077071
5.0342982031906	0.93208940817693
5.0283874203287	0.93210569043506
5.0224905009214	0.93212194739713
5.0166073962517	0.93213817892151
5.0107380578305	0.93215438487297
5.0048824373957	0.93217056512262
4.9990404869101	0.93218671954794
4.9932121585610	0.93220284803278
4.9873974047579	0.93221895046734
4.9815961781323	0.93223502674823
4.9758084315353	0.93225107677838
4.9700341180371	0.93226710046712
4.9642731909256	0.93228309773013
4.9585256037049	0.93229906848946
4.9527913100942	0.93231501267350
4.9470702640264	0.93233093021702
4.9413624196473	0.93234682106112
4.9356677313138	0.93236268515326
4.9299861535932	0.93237852244724
4.9243176412615	0.93239433290319
4.9186621493027	0.93241011648755
4.9130196329072	0.93242587317310
4.9073900474709	0.93244160293894
4.9017733485939	0.93245730577044
4.8961694920790	0.93247298165930
4.8905784339315	0.93248863060347
4.8850001303569	0.93250425260720
4.8794345377604	0.93251984768098
4.8738816127459	0.93253541584157
4.8683413121143	0.93255095711194
4.8628135928629	0.93256647152131
4.8572984121841	0.93258195910510
4.8517957274640	0.93259741990492
4.8463054962819	0.93261285396857
4.8408276764088	0.93262826135002
4.8353622258065	0.93264364210937
4.8299091026261	0.93265899631287
4.8244682652076	0.93267432403286
4.8190396720784	0.93268962534782
4.8136232819525	0.93270490034227
4.8082190537289	0.93272014910681
4.8028269464915	0.93273537173805
4.7974469195071	0.93275056833866
4.7920789322251	0.93276573901728
4.7867229442759	0.93278088388853
4.7813789154705	0.93279600307298
4.7760468057989	0.93281109669714
4.7707265754297	0.93282616489341
4.7654181847083	0.93284120780011
4.7601215941569	0.93285622556136
4.7548367644726	0.93287121832716
4.7495636565272	0.93288618625330
4.7443022313657	0.93290112950134
4.7390524502055	0.93291604823860
4.7338142744355	0.93293094263814
4.7285876656151	0.93294581287869
4.7233725854735	0.93296065914465
4.7181689959081	0.93297548162608
4.7129768589844	0.93299028051863
4.7077961369347	0.93300505602353
4.7026267921569	0.93301980834754
4.6974687872140	0.93303453770296
4.6923220848333	0.93304924430756
4.6871866479049	0.93306392838453
4.6820624394815	0.93307859016253
4.6769494227769	0.93309322987554
4.6718475611657	0.93310784776291
4.6667568181818	0.93312244406931
4.6616771575183	0.93313701904466
4.6566085430258	0.93315157294414
4.6515509387122	0.93316610602809
4.6465043087415	0.93318061856204
4.6414686174330	0.93319511081664
4.6364438292607	0.93320958306762
4.6314299088522	0.93322403559573
4.6264268209877	0.93323846868677
4.6214345305997	0.93325288263144
4.6164530027718	0.93326727772543
4.6114822027380	0.93328165426924
4.6065220958820	0.93329601256826
4.6015726477360	0.93331035293264
4.5966338239804	0.93332467567730
4.5917055904426	0.93333898112184
4.5867879130967	0.93335326959055
4.5818807580621	0.93336754141232
4.5769840916031	0.93338179692060
4.5720978801281	0.93339603645337
4.5672220901889	0.93341026035310
4.5623566884797	0.93342446896667
4.5575016418364	0.93343866264534
4.5526569172361	0.93345284174471
4.5478224817961	0.93346700662465
4.5429983027731	0.93348115764928
4.5381843475628	0.93349529518689
4.5333805836988	0.93350941960989
4.5285869788520	0.93352353129480
4.5238035008299	0.93353763062214
4.5190301175761	0.93355171797641
4.5142667971691	0.93356579374604
4.5095135078219	0.93357985832333
4.5047702178813	0.93359391210438
4.5000368958271	0.93360795548907
4.4953135102714	0.93362198888096
4.4906000299581	0.93363601268728
4.4858964237618	0.93365002731884
4.4812026606876	0.93366403319000
4.4765187098701	0.93367803071858
4.4718445405728	0.93369202032585
4.4671801221875	0.93370600243640
4.4625254242334	0.93371997747816
4.4578804163569	0.93373394588229
4.4532450683304	0.93374790808314
4.4486193500519	0.93376186451819
4.4440032315446	0.93377581562796
4.4393966829557	0.93378976185600
4.4347996745562	0.93380370364879
4.4302121767401	0.93381764145569
4.4256341600236	0.93383157572887
4.4210655950450	0.93384550692325
4.4165064525633	0.93385943549647
4.4119567034584	0.93387336190874
4.4074163187298	0.93388728662288
4.4028852694963	0.93390121010418
4.3983635269953	0.93391513282037
4.3938510625824	0.93392905524152
4.3893478477306	0.93394297784003
4.3848538540295	0.93395690109050
4.3803690531853	0.93397082546971
4.3758934170194	0.93398475145652
4.3714269174686	0.93399867953182
4.3669695265841	0.93401261017847
4.3625212165309	0.93402654388119
4.3580819595871	0.93404048112654
4.3536517281441	0.93405442240280
4.3492304947048	0.93406836819997
4.3448182318841	0.93408231900960
4.3404149124077	0.93409627532481
4.3360205091119	0.93411023764018
4.3316349949429	0.93412420645165
4.3272583429561	0.93413818225650
4.3228905263158	0.93415216555324
4.3185315182944	0.93416615684156
4.3141812922723	0.93418015662223
4.3098398217366	0.93419416539705
4.3055070802815	0.93420818366875
4.3011830416069	0.93422221194094
4.2968676795184	0.93423625071802
4.2925609679267	0.93425030050510
4.2882628808468	0.93426436180793
4.2839733923978	0.93427843513283
4.2796924768023	0.93429252098661
4.2754201083856	0.93430661987645
4.2711562615757	0.93432073230990
4.2669009109024	0.93433485879474
4.2626540309967	0.93434899983892
4.2584155965909	0.93436315595049
4.2541855825174	0.93437732763749
4.2499639637085	0.93439151540791
4.2457507151961	0.93440571976958
4.2415458121109	0.93441994123011
4.2373492296820	0.93443418029677
4.2331609432364	0.93444843747646
4.2289809281986	0.93446271327560
4.2248091600902	0.93447700820004
4.2206456145291	0.93449132275499
4.2164902672293	0.93450565744494
4.2123430940003	0.93452001277357
4.2082040707468	0.93453438924366
4.2040731734680	0.93454878735701
4.1999503782572	0.93456320761436
4.1958356613016	0.93457765051532
4.1917289988814	0.93459211655824
4.1876303673697	0.93460660624016
4.1835397432319	0.93462112005672
4.1794571030252	0.93463565850207
4.1753824233983	0.93465022206878
4.1713156810909	0.93466481124775
4.1672568529330	0.93467942652813
4.1632059158450	0.93469406839723
4.1591628468368	0.93470873734044
4.1551276230076	0.93472343384113
4.1511002215453	0.93473815838055
4.1470806197261	0.93475291143778
4.1430687949143	0.93476769348960
4.1390647245616	0.93478250501043
4.1350683862069	0.93479734647222
4.1310797574755	0.93481221834438
4.1270988160793	0.93482712109365
4.1231255398157	0.93484205518407
4.1191599065677	0.93485702107683
4.1152018943034	0.93487201923022
4.1112514810752	0.93488705009953
4.1073086450199	0.93490211413693
4.1033733643581	0.93491721179142
4.0994456173937	0.93493234350870
4.0955253825137	0.93494750973111
4.0916126381875	0.93496271089752
4.0877073629670	0.93497794744324
4.0838095354856	0.93499321979991
4.0799191344584	0.93500852839544
4.0760361386812	0.93502387365391
4.0721605270307	0.93503925599542
4.0682922784638	0.93505467583610
4.0644313720174	0.93507013358791
4.0605777868075	0.93508562965862
4.0567315020298	0.93510116445166
4.0528924969582	0.93511673836609
4.0490607509454	0.93513235179643
4.0452362434219	0.93514800513262
4.0414189538959	0.93516369875990
4.0376088619529	0.93517943305873
4.0338059472551	0.93519520840466
4.0300101895416	0.93521102516829
4.0262215686274	0.93522688371511
4.0224400644036	0.93524278440545
4.0186656568365	0.93525872759437
4.0148983259676	0.93527471363156
4.0111380519133	0.93529074286122
4.0073848148643	0.93530681562202
4.0036385950855	0.93532293224695
3.9998993729153	0.93533909306323
3.9961671287657	0.93535529839225
3.9924418431216	0.93537154854943
3.9887234965407	0.93538784384413
3.9850120696531	0.93540418457956
3.9813075431607	0.93542057105270
3.9776098978373	0.93543700355415
3.9739191145281	0.93545348236809
3.9702351741491	0.93547000777214
3.9665580576872	0.93548658003728
3.9628877461996	0.93550319942773
3.9592242208135	0.93551986620089
3.9555674627260	0.93553658060719
3.9519174532033	0.93555334289006
3.9482741735809	0.93557015328573
3.9446376052632	0.93558701202325
3.9410077297226	0.93560391932427
3.9373845285001	0.93562087540304
3.9337679832043	0.93563788046626
3.9301580755113	0.93565493471297
3.9265547871644	0.93567203833450
3.9229580999738	0.93568919151430
3.9193679958164	0.93570639442792
3.9157844566353	0.93572364724283
3.9122074644395	0.93574095011839
3.9086370013038	0.93575830320569
3.9050730493682	0.93577570664749
3.9015155908381	0.93579316057810
3.8979646079834	0.93581066512330
3.8944200831385	0.93582822040020
3.8908819987021	0.93584582651719
3.8873503371369	0.93586348357379
3.8838250809690	0.93588119166059
3.8803062127880	0.93589895085912
3.8767937152463	0.93591676124177
3.8732875710594	0.93593462287167
3.8697877630050	0.93595253580261
3.8662942739231	0.93597050007891
3.8628070867156	0.93598851573536
3.8593261843460	0.93600658279708
3.8558515498392	0.93602470127944
3.8523831662812	0.93604287118797
3.8489210168186	0.93606109251821
3.8454650846588	0.93607936525568
3.8420153530693	0.93609768937572
3.8385718053777	0.93611606484341
3.8351344249712	0.93613449161349
3.8317031952965	0.93615296963021
3.8282780998595	0.93617149882729
3.8248591222251	0.93619007912777
3.8214462460166	0.93620871044394
3.8180394549159	0.93622739267721
3.8146387326632	0.93624612571804
3.8112440630562	0.93626490944583
3.8078554299505	0.93628374372881
3.8044728172589	0.93630262842395
3.8010962089514	0.93632156337684
3.7977255890550	0.93634054842162
3.7943609416530	0.93635958338087
3.7910022508852	0.93637866806551
3.7876495009476	0.93639780227467
3.7843026760919	0.93641698579563
3.7809617606256	0.93643621840372
3.7776267389113	0.93645549986218
3.7742975953670	0.93647482992212
3.7709743144654	0.93649420832236
3.7676568807339	0.93651363478938
3.7643452787544	0.93653310903717
3.7610394931627	0.93655263076720
3.7577395086488	0.93657219966826
3.7544453099562	0.93659181541638
3.7511568818819	0.93661147767475
3.7478742092762	0.93663118609359
3.7445972770422	0.93665094031009
3.7413260701360	0.93667073994828
3.7380605735661	0.93669058461892
3.7348007723932	0.93671047391947
3.7315466517301	0.93673040743392
3.7282981967417	0.93675038473272
3.7250553926441	0.93677040537269
3.7218182247052	0.93679046889691
3.7185866782436	0.93681057483465
3.7153607386293	0.93683072270123
3.7121403912828	0.93685091199795
3.7089256216751	0.93687114221199
3.7057164153276	0.93689141281634
3.7025127578115	0.93691172326965
3.6993146347483	0.93693207301617
3.6961220318087	0.93695246148566
3.6929349347130	0.93697288809327
3.6897533292308	0.93699335223947
3.6865772011805	0.93701385330994
3.6834065364295	0.93703439067547
3.6802413208937	0.93705496369190
3.6770815405372	0.93707557169998
3.6739271813725	0.93709621402532
3.6707782294600	0.93711688997825
3.6676346709078	0.93713759885378
3.6644964918714	0.93715833993147
3.6613636785540	0.93717911247534
3.6582362172056	0.93719991573380
3.6551140941234	0.93722074893954
3.6519972956511	0.93724161130945
3.6488858081792	0.93726250204451
3.6457796181442	0.93728342032971
3.6426787120292	0.93730436533399
3.6395830763628	0.93732533621009
3.6364926977196	0.93734633209451
3.6334075627197	0.93736735210739
3.6303276580286	0.93738839535245
3.6272529703569	0.93740946091687
3.6241834864603	0.93743054787122
3.6211191931393	0.93745165526937
3.6180600772387	0.93747278214841
3.6150061256481	0.93749392752853
3.6119573253012	0.93751509041300
3.6089136631756	0.93753626978799
3.6058751262930	0.93755746462257
3.6028417017185	0.93757867386858
3.5998133765610	0.93759989646055
3.5967901379724	0.93762113131562
3.5937719731479	0.93764237733346
3.5907588693257	0.93766363339618
3.5877508137865	0.93768489836824
3.5847477938539	0.93770617109638
3.5817497968937	0.93772745040954
3.5787568103140	0.93774873511876
3.5757688215649	0.93777002401710
3.5727858181385	0.93779131587959
3.5698077875685	0.93781260946310
3.5668347174301	0.93783390350630
3.5638665953400	0.93785519672957
3.5609034089559	0.93787648783492
3.5579451459767	0.93789777550587
3.5549917941421	0.93791905840747
3.5520433412322	0.93794033518610
3.5490997750681	0.93796160446950
3.5461610835108	0.93798286486663
3.5432272544616	0.93800411496760
3.5402982758621	0.93802535334363
3.5373741356932	0.93804657854692
3.5344548219759	0.93806778911064
3.5315403227706	0.93808898354879
3.5286306261770	0.93811016035618
3.5257257203340	0.93813131800832
3.5228255934195	0.93815245496136
3.5199302336503	0.93817356965204
3.5170396292820	0.93819466049758
3.5141537686086	0.93821572589563
3.5112726399625	0.93823676422421
3.5083962317145	0.93825777384162
3.5055245322732	0.93827875308638
3.5026575300853	0.93829970027715
3.4997952136353	0.93832061371271
3.4969375714452	0.93834149167181
3.4940845920746	0.93836233241318
3.4912362641202	0.93838313417543
3.4883925762160	0.93840389517699
3.4855535170329	0.93842461361603
3.4827190752788	0.93844528767043
3.4798892396982	0.93846591549768
3.4770639990721	0.93848649523486
3.4742433422181	0.93850702499854
3.4714272579898	0.93852750288471
3.4686157352771	0.93854792696878
3.4658087630058	0.93856829530547
3.4630063301375	0.93858860592875
3.4602084256694	0.93860885685180
3.4574150386345	0.93862904606697
3.4546261581009	0.93864917154567
3.4518417731721	0.93866923123835
3.4490618729867	0.93868922307446
3.4462864467180	0.93870914496236
3.4435154835745	0.93872899478928
3.4407489727993	0.93874877042127
3.4379869036697	0.93876846970314
3.4352292654979	0.93878809045842
3.4324760476300	0.93880763048931
3.4297272394463	0.93882708757660
3.4269828303612	0.93884645947968
3.4242428098230	0.93886574393642
3.4215071673134	0.93888493866317
3.4187758923480	0.93890404135472
3.4160489744758	0.93892304968421
3.4133264032791	0.93894196130311
3.4106081683732	0.93896077384120
3.4078942594066	0.93897948490649
3.4051846660609	0.93899809208518
3.4024793780502	0.93901659294164
3.3997783851213	0.93903498501836
3.3970816770538	0.93905326583591
3.3943892436594	0.93907143289287
3.3917010747822	0.93908948366586
3.3890171602984	0.93910741560945
3.3863374901163	0.93912522615612
3.3836620541761	0.93914291271627
3.3809908424495	0.93916047267813
3.3783238449403	0.93917790340778
3.3756610516834	0.93919520224907
3.3730024527453	0.93921236652362
3.3703480382237	0.93922939353078
3.3676977982476	0.93924628054759
3.3650517229768	0.93926302482877
3.3624098026021	0.93927962360668
3.3597720273451	0.93929607409129
3.3571383874580	0.93931237347017
3.3545088732237	0.93932851890844
3.3518834749553	0.93934450754877
3.3492621829963	0.93936033651135
3.3466449877205	0.93937600289387
3.3440318795315	0.93939150377149
3.3414228488631	0.93940683619681
3.3388178861789	0.93942199719989
3.3362169819720	0.93943698378821
3.3336201267653	0.93945179294664
3.3310273111111	0.93946642163743
