#Parameters = {thARC=0; nARC=1.75; thsub=1; p=1; nSub=1.75}
#"Wavelength / um"	"T (181) [Real Part]"
#---------------------------------------
14.989622900000	0.92561983542677
14.937342202292	0.92564341324214
14.885424925521	0.92566658130146
14.833867293419	0.92568934310396
14.782665581854	0.92571170213670
14.731816117936	0.92573366187456
14.681315279138	0.92575522578017
14.631159492435	0.92577639730384
14.581345233463	0.92579717988352
14.531869025691	0.92581757694472
14.482727439614	0.92583759190051
14.433917091960	0.92585722815139
14.385434644914	0.92587648908530
14.337276805356	0.92589537807752
14.289440324118	0.92591389849067
14.241921995249	0.92593205367461
14.194718655303	0.92594984696641
14.147827182633	0.92596728169032
14.101244496707	0.92598436115769
14.054967557431	0.92600108866692
14.008993364486	0.92601746750347
13.963318956684	0.92603350093974
13.917941411328	0.92604919223507
13.872857843591	0.92606454463567
13.828065405904	0.92607956137462
13.783561287356	0.92609424567176
13.739342713107	0.92610860073371
13.695406943810	0.92612262975381
13.651751275046	0.92613633591204
13.608373036768	0.92614972237505
13.565269592760	0.92616279229607
13.522438340099	0.92617554881488
13.479876708633	0.92618799505779
13.437582160466	0.92620013413758
13.395552189455	0.92621196915350
13.353784320713	0.92622350319119
13.312276110124	0.92623473932268
13.271025143869	0.92624568060633
13.230029037952	0.92625633008683
13.189285437747	0.92626669079513
13.148792017544	0.92627676574845
13.108546480105	0.92628655795021
13.068546556234	0.92629607039001
13.028790004346	0.92630530604363
12.989274610052	0.92631426787297
12.949998185745	0.92632295882603
12.910958570198	0.92633138183688
12.872153628167	0.92633953982564
12.833581250000	0.92634743569848
12.795239351259	0.92635507234753
12.757125872340	0.92636245265092
12.719238778108	0.92636957947272
12.681576057530	0.92637645566292
12.644135723323	0.92638308405745
12.606915811606	0.92638946747808
12.569914381551	0.92639560873248
12.533129515050	0.92640151061416
12.496559316382	0.92640717590243
12.460201911887	0.92641260736245
12.424055449648	0.92641780774512
12.388118099174	0.92642277978715
12.352388051092	0.92642752621100
12.316863516845	0.92643204972486
12.281542728390	0.92643635302265
12.246423937908	0.92644043878399
12.211505417515	0.92644430967423
12.176785458976	0.92644796834437
12.142262373431	0.92645141743109
12.107934491115	0.92645465955674
12.073800161095	0.92645769732932
12.039857751004	0.92646053334245
12.006105646776	0.92646317017540
11.972542252396	0.92646561039304
11.939165989646	0.92646785654587
11.905975297855	0.92646991116997
11.872968633663	0.92647177678706
11.840144470774	0.92647345590439
11.807501299724	0.92647495101484
11.775037627651	0.92647626459686
11.742751978065	0.92647739911444
11.710642890625	0.92647835701719
11.678708920919	0.92647914074024
11.646948640249	0.92647975270432
11.615360635413	0.92648019531570
11.583943508501	0.92648047096621
11.552695876686	0.92648058203325
11.521616372022	0.92648053087976
11.490703641242	0.92648031985426
11.459956345566	0.92647995129080
11.429373160503	0.92647942750902
11.398952775665	0.92647875081409
11.368693894577	0.92647792349678
11.338595234493	0.92647694783340
11.308655526217	0.92647582608585
11.278873513920	0.92647456050158
11.249247954972	0.92647315331364
11.219777619760	0.92647160674066
11.190461291527	0.92646992298686
11.161297766195	0.92646810424206
11.132285852209	0.92646615268169
11.103424370370	0.92646407046677
11.074712153676	0.92646185974397
11.046148047163	0.92645952264556
11.017730907755	0.92645706128948
10.989459604106	0.92645447777928
10.961333016453	0.92645177420420
10.933350036470	0.92644895263914
10.905509567115	0.92644601514467
10.877810522496	0.92644296376706
10.850251827723	0.92643980053828
10.822832418773	0.92643652747602
10.795551242348	0.92643314658371
10.768407255747	0.92642965985050
10.741399426729	0.92642606925133
10.714526733381	0.92642237674688
10.687788163993	0.92641858428365
10.661182716927	0.92641469379392
10.634709400497	0.92641070719582
10.608367232838	0.92640662639328
10.582155241793	0.92640245327612
10.556072464789	0.92639818972002
10.530117948718	0.92639383758654
10.504290749825	0.92638939872317
10.478589933590	0.92638487496333
10.453014574616	0.92638026812636
10.427563756522	0.92637558001761
10.402236571825	0.92637081242839
10.377032121841	0.92636596713603
10.351949516575	0.92636104590390
10.326987874612	0.92635605048143
10.302146323024	0.92635098260410
10.277423997257	0.92634584399352
10.252820041040	0.92634063635740
10.228333606278	0.92633536138962
10.203963852961	0.92633002077022
10.179709949066	0.92632461616543
10.155571070461	0.92631914922771
10.131546400811	0.92631362159577
10.107635131490	0.92630803489458
10.083836461487	0.92630239073543
10.060149597315	0.92629669071591
10.036573752929	0.92629093641999
10.013108149633	0.92628512941799
9.9897520159947	0.92627927126666
9.9665045877660	0.92627336350919
9.9433651077944	0.92626740767523
9.9203328259431	0.92626140528091
9.8974069990096	0.92625535782891
9.8745868906456	0.92624926680844
9.8518717712783	0.92624313369531
9.8292609180328	0.92623695995195
9.8067536146549	0.92623074702743
9.7843491514360	0.92622449635748
9.7620468251384	0.92621820936457
9.7398459389214	0.92621188745790
9.7177458022690	0.92620553203344
9.6957457309185	0.92619914447396
9.6738450467893	0.92619272614910
9.6520430779137	0.92618627841535
9.6303391583681	0.92617980261611
9.6087326282051	0.92617330008173
9.5872228333866	0.92616677212954
9.5658091257179	0.92616022006387
9.5444908627826	0.92615364517612
9.5232674078780	0.92614704874474
9.5021381299525	0.92614043203534
9.4811024035421	0.92613379630065
9.4601596087094	0.92612714278062
9.4393091309824	0.92612047270241
9.4185503612944	0.92611378728046
9.3978826959248	0.92610708771651
9.3773055364404	0.92610037519965
9.3568182896380	0.92609365090634
9.3364203674868	0.92608691600046
9.3161111870727	0.92608017163336
9.2958901705426	0.92607341894388
9.2757567450495	0.92606665905841
9.2557103426984	0.92605989309089
9.2357504004929	0.92605312214290
9.2158763602828	0.92604634730367
9.1960876687117	0.92603956965014
9.1763837771656	0.92603279024697
9.1567641417227	0.92602601014662
9.1372282231027	0.92601923038936
9.1177754866180	0.92601245200333
9.0984054021244	0.92600567600456
9.0791174439733	0.92599890339706
9.0599110909640	0.92599213517281
9.0407858262967	0.92598537231182
9.0217411375263	0.92597861578219
9.0027765165165	0.92597186654013
8.9838914593947	0.92596512553004
8.9650854665072	0.92595839368449
8.9463580423754	0.92595167192432
8.9277086956522	0.92594496115868
8.9091369390788	0.92593826228504
8.8906422894425	0.92593157618926
8.8722242675348	0.92592490374566
8.8538823981099	0.92591824581699
8.8356162098438	0.92591160325457
8.8174252352941	0.92590497689824
8.7993090108600	0.92589836757650
8.7812670767428	0.92589177610648
8.7632989769073	0.92588520329403
8.7454042590432	0.92587864993375
8.7275824745269	0.92587211680905
8.7098331783847	0.92586560469217
8.6921559292549	0.92585911434427
8.6745502893519	0.92585264651543
8.6570158244297	0.92584620194472
8.6395521037464	0.92583978136028
8.6221587000288	0.92583338547931
8.6048351894374	0.92582701500814
8.5875811515325	0.92582067064231
8.5703961692396	0.92581435306657
8.5532798288160	0.92580806295495
8.5362317198178	0.92580180097085
8.5192514350668	0.92579556776699
8.5023385706183	0.92578936398557
8.4854927257288	0.92578319025824
8.4687135028249	0.92577704720619
8.4520005074711	0.92577093544020
8.4353533483399	0.92576485556065
8.4187716371806	0.92575880815763
8.4022549887892	0.92575279381095
8.3858030209790	0.92574681309019
8.3694153545505	0.92574086655477
8.3530916132627	0.92573495475401
8.3368314238042	0.92572907822714
8.3206344157646	0.92572323750337
8.3045002216066	0.92571743310199
8.2884284766381	0.92571166553232
8.2724188189845	0.92570593529387
8.2564708895621	0.92570024287631
8.2405843320506	0.92569458875958
8.2247587928669	0.92568897341389
8.2089939211391	0.92568339729982
8.1932893686800	0.92567786086833
8.1776447899618	0.92567236456087
8.1620598420909	0.92566690880936
8.1465341847826	0.92566149403629
8.1310674803363	0.92565612065478
8.1156593936113	0.92565078906859
8.1003095920022	0.92564549967221
8.0850177454153	0.92564025285090
8.0697835262450	0.92563504898076
8.0546066093498	0.92562988842874
8.0394866720300	0.92562477155276
8.0244233940043	0.92561969870169
8.0094164573871	0.92561467021545
7.9944655466667	0.92560968642508
7.9795703486825	0.92560474765273
7.9647305526036	0.92559985421179
7.9499458499072	0.92559500640687
7.9352159343568	0.92559020453391
7.9205405019815	0.92558544888022
7.9059192510549	0.92558073972453
7.8913518820742	0.92557607733703
7.8768380977404	0.92557146197944
7.8623776029373	0.92556689390509
7.8479701047120	0.92556237335892
7.8336153122550	0.92555790057758
7.8193129368805	0.92555347578945
7.8050626920073	0.92554909921474
7.7908642931393	0.92554477106551
7.7767174578470	0.92554049154571
7.7626219057483	0.92553626085130
7.7485773584906	0.92553207917023
7.7345835397317	0.92552794668255
7.7206401751223	0.92552386356044
7.7067469922879	0.92551982996826
7.6929037208109	0.92551584606265
7.6791100922131	0.92551191199251
7.6653658399386	0.92550802789913
7.6516706993364	0.92550419391618
7.6380244076433	0.92550041016985
7.6244267039674	0.92549667677880
7.6108773292714	0.92549299385430
7.5973760263558	0.92548936150026
7.5839225398432	0.92548577981327
7.5705166161616	0.92548224888267
7.5571580035291	0.92547876879062
7.5438464519376	0.92547533961211
7.5305817131374	0.92547196141508
7.5173635406219	0.92546863426042
7.5041916896120	0.92546535820206
7.4910659170415	0.92546213328700
7.4779859815415	0.92545895955539
7.4649516434263	0.92545583704059
7.4519626646781	0.92545276576919
7.4390188089330	0.92544974576111
7.4261198414664	0.92544677702961
7.4132655291790	0.92544385958139
7.4004556405826	0.92544099341663
7.3876899457861	0.92543817852903
7.3749682164822	0.92543541490590
7.3622902259332	0.92543270252816
7.3496557489581	0.92543004137047
7.3370645619187	0.92542743140123
7.3245164427071	0.92542487258265
7.3120111707317	0.92542236487084
7.2995485269053	0.92541990821579
7.2871282936315	0.92541750256151
7.2747502547925	0.92541514784603
7.2624141957364	0.92541284400150
7.2501199032648	0.92541059095418
7.2378671656205	0.92540838862457
7.2256557724753	0.92540623692743
7.2134855149182	0.92540413577182
7.2013561854432	0.92540208506120
7.1892675779376	0.92540008469344
7.1772194876706	0.92539813456092
7.1652117112811	0.92539623455053
7.1532440467669	0.92539438454379
7.1413162934731	0.92539258441686
7.1294282520809	0.92539083404061
7.1175797245964	0.92538913328069
7.1057705143399	0.92538748199756
7.0940004259347	0.92538588004654
7.0822692652965	0.92538432727793
7.0705768396226	0.92538282353697
7.0589229573817	0.92538136866398
7.0473074283028	0.92537996249435
7.0357300633654	0.92537860485865
7.0241906747891	0.92537729558265
7.0126890760234	0.92537603448739
7.0012250817375	0.92537482138922
6.9897985078107	0.92537365609987
6.9784091713222	0.92537253842652
6.9670568905415	0.92537146817182
6.9557414849188	0.92537044513395
6.9444627750753	0.92536946910671
6.9332205827937	0.92536853987953
6.9220147310090	0.92536765723757
6.9108450437990	0.92536682096174
6.8997113463751	0.92536603082874
6.8886134650735	0.92536528661119
6.8775512273457	0.92536458807758
6.8665244617499	0.92536393499243
6.8555329979419	0.92536332711626
6.8445766666667	0.92536276420567
6.8336552997493	0.92536224601345
6.8227687300865	0.92536177228852
6.8119167916383	0.92536134277611
6.8010993194192	0.92536095721770
6.7903161494904	0.92536061535118
6.7795671189507	0.92536031691080
6.7688520659291	0.92536006162731
6.7581708295762	0.92535984922797
6.7475232500563	0.92535967943660
6.7369091685393	0.92535955197365
6.7263284271932	0.92535946655626
6.7157808691756	0.92535942289828
6.7052663386267	0.92535942071036
6.6947846806610	0.92535945969999
6.6843357413601	0.92535953957152
6.6739193677649	0.92535966002628
6.6635354078684	0.92535982076257
6.6531837106081	0.92536002147575
6.6428641258586	0.92536026185827
6.6325765044248	0.92536054159974
6.6223206980340	0.92536086038697
6.6120965593295	0.92536121790402
6.6019039418630	0.92536161383226
6.5917427000879	0.92536204785043
6.5816126893524	0.92536251963467
6.5715137658922	0.92536302885858
6.5614457868243	0.92536357519328
6.5514086101399	0.92536415830745
6.5414020946978	0.92536477786739
6.5314261002179	0.92536543353707
6.5214804872743	0.92536612497817
6.5115651172893	0.92536685185013
6.5016798525266	0.92536761381023
6.4918245560849	0.92536841051361
6.4819990918919	0.92536924161330
6.4722033246978	0.92537010676036
6.4624371200690	0.92537100560381
6.4527003443823	0.92537193779077
6.4429928648184	0.92537290296647
6.4333145493562	0.92537390077431
6.4236652667667	0.92537493085591
6.4140448866068	0.92537599285115
6.4044532792138	0.92537708639823
6.3948903156997	0.92537821113370
6.3853558679446	0.92537936669254
6.3758498085921	0.92538055270820
6.3663720110427	0.92538176881261
6.3569223494487	0.92538301463628
6.3475006987084	0.92538428980832
6.3381069344609	0.92538559395649
6.3287409330800	0.92538692670726
6.3194025716695	0.92538828768584
6.3100917280572	0.92538967651624
6.3008082807902	0.92539109282133
6.2915521091291	0.92539253622283
6.2823230930427	0.92539400634144
6.2731211132036	0.92539550279682
6.2639460509820	0.92539702520767
6.2547977884415	0.92539857319177
6.2456762083333	0.92540014636601
6.2365811940919	0.92540174434645
6.2275126298297	0.92540336674839
6.2184704003319	0.92540501318636
6.2094543910522	0.92540668327421
6.2004644881075	0.92540837662514
6.1915005782734	0.92541009285174
6.1825625489792	0.92541183156605
6.1736502883031	0.92541359237959
6.1647636849681	0.92541537490341
6.1559026283368	0.92541717874813
6.1470670084068	0.92541900352401
6.1382567158067	0.92542084884094
6.1294716417910	0.92542271430853
6.1207116782360	0.92542459953615
6.1119767176351	0.92542650413294
6.1032666530945	0.92542842770790
6.0945813783289	0.92543036986989
6.0859207876573	0.92543233022769
6.0772847759984	0.92543430839006
6.0686732388664	0.92543630396574
6.0600860723671	0.92543831656355
6.0515231731934	0.92544034579238
6.0429844386212	0.92544239126124
6.0344697665056	0.92544445257933
6.0259790552764	0.92544652935606
6.0175122039342	0.92544862120109
6.0090691120465	0.92545072772438
6.0006496797438	0.92545284853623
5.9922538077154	0.92545498324728
5.9838813972056	0.92545713146865
5.9755323500100	0.92545929281185
5.9672065684713	0.92546146688893
5.9589039554760	0.92546365331245
5.9506244144502	0.92546585169556
5.9423678493558	0.92546806165201
5.9341341646873	0.92547028279621
5.9259232654675	0.92547251474325
5.9177350572444	0.92547475710896
5.9095694460871	0.92547700950993
5.9014263385827	0.92547927156355
5.8933056418321	0.92548154288806
5.8852072634472	0.92548382310257
5.8771311115468	0.92548611182710
5.8690770947533	0.92548840868265
5.8610451221896	0.92549071329117
5.8530351034752	0.92549302527566
5.8450469487229	0.92549534426019
5.8370805685358	0.92549766986990
5.8291358740035	0.92550000173108
5.8212127766990	0.92550233947119
5.8133111886756	0.92550468271888
5.8054310224632	0.92550703110405
5.7975721910656	0.92550938425786
5.7897346079567	0.92551174181280
5.7819181870781	0.92551410340268
5.7741228428351	0.92551646866268
5.7663484900942	0.92551883722942
5.7585950441798	0.92552120874093
5.7508624208709	0.92552358283672
5.7431505363985	0.92552595915783
5.7354593074421	0.92552833734682
5.7277886511272	0.92553071704783
5.7201384850219	0.92553309790660
5.7125087271341	0.92553547957051
5.7048992959087	0.92553786168860
5.6973101102242	0.92554024391163
5.6897410893908	0.92554262589206
5.6821921531463	0.92554500728415
5.6746632216544	0.92554738774391
5.6671542155009	0.92554976692920
5.6596650556919	0.92555214449973
5.6521956636501	0.92555452011707
5.6447459612126	0.92555689344473
5.6373158706281	0.92555926414814
5.6299053145540	0.92556163189470
5.6225142160540	0.92556399635381
5.6151424985952	0.92556635719691
5.6077900860456	0.92556871409747
5.6004569026714	0.92557106673105
5.5931428731343	0.92557341477534
5.5858479224893	0.92557575791013
5.5785719761816	0.92557809581739
5.5713149600446	0.92558042818129
5.5640768002970	0.92558275468821
5.5568574235403	0.92558507502676
5.5496567567568	0.92558738888783
5.5424747273063	0.92558969596460
5.5353112629247	0.92559199595258
5.5281662917204	0.92559428854960
5.5210397421731	0.92559657345587
5.5139315431304	0.92559885037401
5.5068416238060	0.92560111900903
5.4997699137773	0.92560337906840
5.4927163429828	0.92560563026204
5.4856808417200	0.92560787230237
5.4786633406433	0.92561010490431
5.4716637707611	0.92561232778533
5.4646820634342	0.92561454066544
5.4577181503732	0.92561674326723
5.4507719636364	0.92561893531588
5.4438434356274	0.92562111653922
5.4369324990932	0.92562328666771
5.4300390871219	0.92562544543444
5.4231631331404	0.92562759257524
5.4163045709124	0.92562972782860
5.4094633345363	0.92563185093575
5.4026393584430	0.92563396164068
5.3958325773938	0.92563605969011
5.3890429264785	0.92563814483356
5.3822703411131	0.92564021682336
5.3755147570378	0.92564227541465
5.3687761103152	0.92564432036541
5.3620543373278	0.92564635143646
5.3553493747767	0.92564836839152
5.3486611596789	0.92565037099720
5.3419896293656	0.92565235902298
5.3353347214807	0.92565433224132
5.3286963739780	0.92565629042758
5.3220745251198	0.92565823336009
5.3154691134752	0.92566016082015
5.3088800779175	0.92566207259207
5.3023073576229	0.92566396846313
5.2957508920685	0.92566584822364
5.2892106210303	0.92566771166697
5.2826864845815	0.92566955858950
5.2761784230905	0.92567138879069
5.2696863772192	0.92567320207308
5.2632102879213	0.92567499824229
5.2567500964405	0.92567677710704
5.2503057443082	0.92567853847916
5.2438771733427	0.92568028217363
5.2374643256464	0.92568200800855
5.2310671436050	0.92568371580518
5.2246855698850	0.92568540538792
5.2183195474326	0.92568707658438
5.2119690194715	0.92568872922533
5.2056339295016	0.92569036314474
5.1993142212973	0.92569197817978
5.1930098389052	0.92569357417086
5.1867207266436	0.92569515096158
5.1804468290997	0.92569670839880
5.1741880911288	0.92569824633261
5.1679444578521	0.92569976461636
5.1617158746556	0.92570126310665
5.1555022871883	0.92570274166337
5.1493036413604	0.92570420014966
5.1431198833419	0.92570563843197
5.1369509595613	0.92570705638001
5.1307968167037	0.92570845386682
5.1246574017094	0.92570983076872
5.1185326617722	0.92571118696535
5.1124225443383	0.92571252233967
5.1063269971044	0.92571383677796
5.1002459680163	0.92571513016981
5.0941794052676	0.92571640240818
5.0881272572980	0.92571765338932
5.0820894727920	0.92571888301287
5.0760660006773	0.92572009118177
5.0700567901235	0.92572127780233
5.0640617905405	0.92572244278423
5.0580809515775	0.92572358604046
5.0521142231210	0.92572470748741
5.0461615552937	0.92572580704481
5.0402228984533	0.92572688463575
5.0342982031906	0.92572794018670
5.0283874203287	0.92572897362748
5.0224905009214	0.92572998489128
5.0166073962517	0.92573097391466
5.0107380578305	0.92573194063755
5.0048824373957	0.92573288500324
4.9990404869101	0.92573380695839
4.9932121585610	0.92573470645305
4.9873974047579	0.92573558344060
4.9815961781323	0.92573643787780
4.9758084315353	0.92573726972479
4.9700341180371	0.92573807894506
4.9642731909256	0.92573886550545
4.9585256037049	0.92573962937617
4.9527913100942	0.92574037053079
4.9470702640264	0.92574108894623
4.9413624196473	0.92574178460274
4.9356677313138	0.92574245748395
4.9299861535932	0.92574310757679
4.9243176412615	0.92574373487157
4.9186621493027	0.92574433936190
4.9130196329072	0.92574492104474
4.9073900474709	0.92574547992036
4.9017733485939	0.92574601599234
4.8961694920790	0.92574652926760
4.8905784339315	0.92574701975633
4.8850001303569	0.92574748747205
4.8794345377604	0.92574793243155
4.8738816127459	0.92574835465491
4.8683413121143	0.92574875416550
4.8628135928629	0.92574913098994
4.8572984121841	0.92574948515812
4.8517957274640	0.92574981670319
4.8463054962819	0.92575012566155
4.8408276764088	0.92575041207280
4.8353622258065	0.92575067597981
4.8299091026261	0.92575091742865
4.8244682652076	0.92575113646858
4.8190396720784	0.92575133315209
4.8136232819525	0.92575150753482
4.8082190537289	0.92575165967562
4.8028269464915	0.92575178963649
4.7974469195071	0.92575189748256
4.7920789322251	0.92575198328214
4.7867229442759	0.92575204710664
4.7813789154705	0.92575208903061
4.7760468057989	0.92575210913168
4.7707265754297	0.92575210749058
4.7654181847083	0.92575208419113
4.7601215941569	0.92575203932019
4.7548367644726	0.92575197296770
4.7495636565272	0.92575188522660
4.7443022313657	0.92575177619289
4.7390524502055	0.92575164596554
4.7338142744355	0.92575149464653
4.7285876656151	0.92575132234082
4.7233725854735	0.92575112915633
4.7181689959081	0.92575091520390
4.7129768589844	0.92575068059732
4.7077961369347	0.92575042545330
4.7026267921569	0.92575014989141
4.6974687872140	0.92574985403413
4.6923220848333	0.92574953800678
4.6871866479049	0.92574920193753
4.6820624394815	0.92574884595737
4.6769494227769	0.92574847020009
4.6718475611657	0.92574807480228
4.6667568181818	0.92574765990328
4.6616771575183	0.92574722564518
4.6566085430258	0.92574677217282
4.6515509387122	0.92574629963372
4.6465043087415	0.92574580817811
4.6414686174330	0.92574529795885
4.6364438292607	0.92574476913150
4.6314299088522	0.92574422185420
4.6264268209877	0.92574365628772
4.6214345305997	0.92574307259540
4.6164530027718	0.92574247094315
4.6114822027380	0.92574185149940
4.6065220958820	0.92574121443511
4.6015726477360	0.92574055992374
4.5966338239804	0.92573988814119
4.5917055904426	0.92573919926584
4.5867879130967	0.92573849347846
4.5818807580621	0.92573777096225
4.5769840916031	0.92573703190277
4.5720978801281	0.92573627648791
4.5672220901889	0.92573550490791
4.5623566884797	0.92573471735531
4.5575016418364	0.92573391402491
4.5526569172361	0.92573309511376
4.5478224817961	0.92573226082114
4.5429983027731	0.92573141134852
4.5381843475628	0.92573054689954
4.5333805836988	0.92572966767999
4.5285869788520	0.92572877389776
4.5238035008299	0.92572786576284
4.5190301175761	0.92572694348729
4.5142667971691	0.92572600728517
4.5095135078219	0.92572505737259
4.5047702178813	0.92572409396759
4.5000368958271	0.92572311729020
4.4953135102714	0.92572212756233
4.4906000299581	0.92572112500780
4.4858964237618	0.92572010985229
4.4812026606876	0.92571908232331
4.4765187098701	0.92571804265016
4.4718445405728	0.92571699106392
4.4671801221875	0.92571592779740
4.4625254242334	0.92571485308513
4.4578804163569	0.92571376716331
4.4532450683304	0.92571267026977
4.4486193500519	0.92571156264399
4.4440032315446	0.92571044452699
4.4393966829557	0.92570931616139
4.4347996745562	0.92570817779127
4.4302121767401	0.92570702966225
4.4256341600236	0.92570587202135
4.4210655950450	0.92570470511706
4.4165064525633	0.92570352919922
4.4119567034584	0.92570234451904
4.4074163187298	0.92570115132903
4.4028852694963	0.92569994988300
4.3983635269953	0.92569874043601
4.3938510625824	0.92569752324433
4.3893478477306	0.92569629856539
4.3848538540295	0.92569506665781
4.3803690531853	0.92569382778128
4.3758934170194	0.92569258219658
4.3714269174686	0.92569133016553
4.3669695265841	0.92569007195094
4.3625212165309	0.92568880781660
4.3580819595871	0.92568753802722
4.3536517281441	0.92568626284840
4.3492304947048	0.92568498254661
4.3448182318841	0.92568369738912
4.3404149124077	0.92568240764399
4.3360205091119	0.92568111358002
4.3316349949429	0.92567981546672
4.3272583429561	0.92567851357426
4.3228905263158	0.92567720817344
4.3185315182944	0.92567589953565
4.3141812922723	0.92567458793283
4.3098398217366	0.92567327363744
4.3055070802815	0.92567195692239
4.3011830416069	0.92567063806105
4.2968676795184	0.92566931732717
4.2925609679267	0.92566799499485
4.2882628808468	0.92566667133851
4.2839733923978	0.92566534663284
4.2796924768023	0.92566402115276
4.2754201083856	0.92566269517337
4.2711562615757	0.92566136896996
4.2669009109024	0.92566004281787
4.2626540309967	0.92565871699257
4.2584155965909	0.92565739176949
4.2541855825174	0.92565606742411
4.2499639637085	0.92565474423181
4.2457507151961	0.92565342246787
4.2415458121109	0.92565210240744
4.2373492296820	0.92565078432550
4.2331609432364	0.92564946849676
4.2289809281986	0.92564815519569
4.2248091600902	0.92564684469644
4.2206456145291	0.92564553727280
4.2164902672293	0.92564423319814
4.2123430940003	0.92564293274543
4.2082040707468	0.92564163618710
4.2040731734680	0.92564034379508
4.1999503782572	0.92563905584070
4.1958356613016	0.92563777259468
4.1917289988814	0.92563649432708
4.1876303673697	0.92563522130722
4.1835397432319	0.92563395380369
4.1794571030252	0.92563269208426
4.1753824233983	0.92563143641586
4.1713156810909	0.92563018706453
4.1672568529330	0.92562894429535
4.1632059158450	0.92562770837244
4.1591628468368	0.92562647955887
4.1551276230076	0.92562525811664
4.1511002215453	0.92562404430662
4.1470806197261	0.92562283838851
4.1430687949143	0.92562164062079
4.1390647245616	0.92562045126068
4.1350683862069	0.92561927056408
4.1310797574755	0.92561809878553
4.1270988160793	0.92561693617818
4.1231255398157	0.92561578299370
4.1191599065677	0.92561463948227
4.1152018943034	0.92561350589251
4.1112514810752	0.92561238247146
4.1073086450199	0.92561126946449
4.1033733643581	0.92561016711528
4.0994456173937	0.92560907566579
4.0955253825137	0.92560799535614
4.0916126381875	0.92560692642466
4.0877073629670	0.92560586910774
4.0838095354856	0.92560482363987
4.0799191344584	0.92560379025352
4.0760361386812	0.92560276917915
4.0721605270307	0.92560176064512
4.0682922784638	0.92560076487762
4.0644313720174	0.92559978210071
4.0605777868075	0.92559881253617
4.0567315020298	0.92559785640351
4.0528924969582	0.92559691391989
4.0490607509454	0.92559598530010
4.0452362434219	0.92559507075646
4.0414189538959	0.92559417049884
4.0376088619529	0.92559328473453
4.0338059472551	0.92559241366826
4.0300101895416	0.92559155750210
4.0262215686274	0.92559071643544
4.0224400644036	0.92558989066492
4.0186656568365	0.92558908038436
4.0148983259676	0.92558828578479
4.0111380519133	0.92558750705427
4.0073848148643	0.92558674437798
4.0036385950855	0.92558599793804
3.9998993729153	0.92558526791356
3.9961671287657	0.92558455448051
3.9924418431216	0.92558385781173
3.9887234965407	0.92558317807683
3.9850120696531	0.92558251544216
3.9813075431607	0.92558187007077
3.9776098978373	0.92558124212234
3.9739191145281	0.92558063175311
3.9702351741491	0.92558003911588
3.9665580576872	0.92557946435989
3.9628877461996	0.92557890763083
3.9592242208135	0.92557836907075
3.9555674627260	0.92557784881802
3.9519174532033	0.92557734700727
3.9482741735809	0.92557686376934
3.9446376052632	0.92557639923123
3.9410077297226	0.92557595351604
3.9373845285001	0.92557552674293
3.9337679832043	0.92557511902706
3.9301580755113	0.92557473047950
3.9265547871644	0.92557436120726
3.9229580999738	0.92557401131315
3.9193679958164	0.92557368089579
3.9157844566353	0.92557337004950
3.9122074644395	0.92557307886431
3.9086370013038	0.92557280742584
3.9050730493682	0.92557255581529
3.9015155908381	0.92557232410939
3.8979646079834	0.92557211238031
3.8944200831385	0.92557192069562
3.8908819987021	0.92557174911827
3.8873503371369	0.92557159770649
3.8838250809690	0.92557146651375
3.8803062127880	0.92557135558872
3.8767937152463	0.92557126497519
3.8732875710594	0.92557119471205
3.8697877630050	0.92557114483320
3.8662942739231	0.92557111536753
3.8628070867156	0.92557110633883
3.8593261843460	0.92557111776575
3.8558515498392	0.92557114966178
3.8523831662812	0.92557120203513
3.8489210168186	0.92557127488872
3.8454650846588	0.92557136822012
3.8420153530693	0.92557148202149
3.8385718053777	0.92557161627952
3.8351344249712	0.92557177097540
3.8317031952965	0.92557194608471
3.8282780998595	0.92557214157745
3.8248591222251	0.92557235741789
3.8214462460166	0.92557259356459
3.8180394549159	0.92557284997032
3.8146387326632	0.92557312658200
3.8112440630562	0.92557342334063
3.8078554299505	0.92557374018129
3.8044728172589	0.92557407703301
3.8010962089514	0.92557443381878
3.7977255890550	0.92557481045547
3.7943609416530	0.92557520685377
3.7910022508852	0.92557562291814
3.7876495009476	0.92557605854675
3.7843026760919	0.92557651363145
3.7809617606256	0.92557698805768
3.7776267389113	0.92557748170445
3.7742975953670	0.92557799444425
3.7709743144654	0.92557852614301
3.7676568807339	0.92557907666008
3.7643452787544	0.92557964584812
3.7610394931627	0.92558023355307
3.7577395086488	0.92558083961411
3.7544453099562	0.92558146386356
3.7511568818819	0.92558210612691
3.7478742092762	0.92558276622267
3.7445972770422	0.92558344396236
3.7413260701360	0.92558413915048
3.7380605735661	0.92558485158442
3.7348007723932	0.92558558105439
3.7315466517301	0.92558632734344
3.7282981967417	0.92558709022731
3.7250553926441	0.92558786947447
3.7218182247052	0.92558866484597
3.7185866782436	0.92558947609548
3.7153607386293	0.92559030296918
3.7121403912828	0.92559114520570
3.7089256216751	0.92559200253610
3.7057164153276	0.92559287468382
3.7025127578115	0.92559376136456
3.6993146347483	0.92559466228633
3.6961220318087	0.92559557714931
3.6929349347130	0.92559650564582
3.6897533292308	0.92559744746030
3.6865772011805	0.92559840226922
3.6834065364295	0.92559936974104
3.6802413208937	0.92560034953614
3.6770815405372	0.92560134130681
3.6739271813725	0.92560234469716
3.6707782294600	0.92560335934307
3.6676346709078	0.92560438487214
3.6644964918714	0.92560542090367
3.6613636785540	0.92560646704855
3.6582362172056	0.92560752290925
3.6551140941234	0.92560858807975
3.6519972956511	0.92560966214551
3.6488858081792	0.92561074468339
3.6457796181442	0.92561183526160
3.6426787120292	0.92561293343967
3.6395830763628	0.92561403876838
3.6364926977196	0.92561515078973
3.6334075627197	0.92561626903685
3.6303276580286	0.92561739303399
3.6272529703569	0.92561852229644
3.6241834864603	0.92561965633050
3.6211191931393	0.92562079463340
3.6180600772387	0.92562193669331
3.6150061256481	0.92562308198919
3.6119573253012	0.92562422999085
3.6089136631756	0.92562538015882
3.6058751262930	0.92562653194432
3.6028417017185	0.92562768478924
3.5998133765610	0.92562883812606
3.5967901379724	0.92562999137779
3.5937719731479	0.92563114395796
3.5907588693257	0.92563229527054
3.5877508137865	0.92563344470990
3.5847477938539	0.92563459166075
3.5817497968937	0.92563573549813
3.5787568103140	0.92563687558729
3.5757688215649	0.92563801128371
3.5727858181385	0.92563914193304
3.5698077875685	0.92564026687101
3.5668347174301	0.92564138542341
3.5638665953400	0.92564249690607
3.5609034089559	0.92564360062475
3.5579451459767	0.92564469587514
3.5549917941421	0.92564578194281
3.5520433412322	0.92564685810313
3.5490997750681	0.92564792362127
3.5461610835108	0.92564897775210
3.5432272544616	0.92565001974020
3.5402982758621	0.92565104881977
3.5373741356932	0.92565206421459
3.5344548219759	0.92565306513801
3.5315403227706	0.92565405079285
3.5286306261770	0.92565502037141
3.5257257203340	0.92565597305536
3.5228255934195	0.92565690801578
3.5199302336503	0.92565782441302
3.5170396292820	0.92565872139673
3.5141537686086	0.92565959810579
3.5112726399625	0.92566045366824
3.5083962317145	0.92566128720129
3.5055245322732	0.92566209781123
3.5026575300853	0.92566288459339
3.4997952136353	0.92566364663215
3.4969375714452	0.92566438300081
3.4940845920746	0.92566509276164
3.4912362641202	0.92566577496574
3.4883925762160	0.92566642865310
3.4855535170329	0.92566705285247
3.4827190752788	0.92566764658138
3.4798892396982	0.92566820884606
3.4770639990721	0.92566873864143
3.4742433422181	0.92566923495101
3.4714272579898	0.92566969674695
3.4686157352771	0.92567012298993
3.4658087630058	0.92567051262915
3.4630063301375	0.92567086460226
3.4602084256694	0.92567117783538
3.4574150386345	0.92567145124299
3.4546261581009	0.92567168372793
3.4518417731721	0.92567187418138
3.4490618729867	0.92567202148276
3.4462864467180	0.92567212449975
3.4435154835745	0.92567218208822
3.4407489727993	0.92567219309223
3.4379869036697	0.92567215634393
3.4352292654979	0.92567207066358
3.4324760476300	0.92567193485949
3.4297272394463	0.92567174772798
3.4269828303612	0.92567150805337
3.4242428098230	0.92567121460789
3.4215071673134	0.92567086615172
3.4187758923480	0.92567046143288
3.4160489744758	0.92566999918726
3.4133264032791	0.92566947813853
3.4106081683732	0.92566889699815
3.4078942594066	0.92566825446530
3.4051846660609	0.92566754922689
3.4024793780502	0.92566677995749
3.3997783851213	0.92566594531930
3.3970816770538	0.92566504396213
3.3943892436594	0.92566407452338
3.3917010747822	0.92566303562798
3.3890171602984	0.92566192588838
3.3863374901163	0.92566074390451
3.3836620541761	0.92565948826375
3.3809908424495	0.92565815754089
3.3783238449403	0.92565675029813
3.3756610516834	0.92565526508503
3.3730024527453	0.92565370043847
3.3703480382237	0.92565205488264
3.3676977982476	0.92565032692902
3.3650517229768	0.92564851507631
3.3624098026021	0.92564661781047
3.3597720273451	0.92564463360462
3.3571383874580	0.92564256091906
3.3545088732237	0.92564039820123
3.3518834749553	0.92563814388569
3.3492621829963	0.92563579639409
3.3466449877205	0.92563335413514
3.3440318795315	0.92563081550458
3.3414228488631	0.92562817888520
3.3388178861789	0.92562544264674
3.3362169819720	0.92562260514594
3.3336201267653	0.92561966472648
3.3310273111111	0.92561661971895
