#Parameters = {thARC=0; nARC=2.5; thsub=1; p=1; nSub=1.75}
#"Wavelength / um"	"T (199) [Real Part]"
#---------------------------------------
14.989622900000	0.92561983552212
14.937342202292	0.92564341333756
14.885424925521	0.92566658139696
14.833867293419	0.92568934319952
14.782665581854	0.92571170223233
14.731816117936	0.92573366197025
14.681315279138	0.92575522587592
14.631159492435	0.92577639739965
14.581345233463	0.92579717997938
14.531869025691	0.92581757704065
14.482727439614	0.92583759199649
14.433917091960	0.92585722824741
14.385434644914	0.92587648918137
14.337276805356	0.92589537817363
14.289440324118	0.92591389858682
14.241921995249	0.92593205377080
14.194718655303	0.92594984706264
14.147827182633	0.92596728178658
14.101244496707	0.92598436125398
14.054967557431	0.92600108876324
14.008993364486	0.92601746759982
13.963318956684	0.92603350103611
13.917941411328	0.92604919233145
13.872857843591	0.92606454473208
13.828065405904	0.92607956147103
13.783561287356	0.92609424576819
13.739342713107	0.92610860083015
13.695406943810	0.92612262985026
13.651751275046	0.92613633600850
13.608373036768	0.92614972247151
13.565269592760	0.92616279239253
13.522438340099	0.92617554891133
13.479876708633	0.92618799515423
13.437582160466	0.92620013423402
13.395552189455	0.92621196924993
13.353784320713	0.92622350328761
13.312276110124	0.92623473941908
13.271025143869	0.92624568070271
13.230029037952	0.92625633018319
13.189285437747	0.92626669089148
13.148792017544	0.92627676584477
13.108546480105	0.92628655804650
13.068546556234	0.92629607048627
13.028790004346	0.92630530613986
12.989274610052	0.92631426796916
12.949998185745	0.92632295892218
12.910958570198	0.92633138193299
12.872153628167	0.92633953992171
12.833581250000	0.92634743579450
12.795239351259	0.92635507244351
12.757125872340	0.92636245274684
12.719238778108	0.92636957956859
12.681576057530	0.92637645575874
12.644135723323	0.92638308415320
12.606915811606	0.92638946757378
12.569914381551	0.92639560882812
12.533129515050	0.92640151070973
12.496559316382	0.92640717599793
12.460201911887	0.92641260745787
12.424055449648	0.92641780784048
12.388118099174	0.92642277988243
12.352388051092	0.92642752630620
12.316863516845	0.92643204981998
12.281542728390	0.92643635311769
12.246423937908	0.92644043887895
12.211505417515	0.92644430976910
12.176785458976	0.92644796843914
12.142262373431	0.92645141752577
12.107934491115	0.92645465965133
12.073800161095	0.92645769742381
12.039857751004	0.92646053343684
12.006105646776	0.92646317026968
11.972542252396	0.92646561048722
11.939165989646	0.92646785663994
11.905975297855	0.92646991126394
11.872968633663	0.92647177688091
11.840144470774	0.92647345599813
11.807501299724	0.92647495110846
11.775037627651	0.92647626469036
11.742751978065	0.92647739920782
11.710642890625	0.92647835711044
11.678708920919	0.92647914083337
11.646948640249	0.92647975279732
11.615360635413	0.92648019540857
11.583943508501	0.92648047105895
11.552695876686	0.92648058212585
11.521616372022	0.92648053097222
11.490703641242	0.92648031994658
11.459956345566	0.92647995138297
11.429373160503	0.92647942760104
11.398952775665	0.92647875090597
11.368693894577	0.92647792358851
11.338595234493	0.92647694792498
11.308655526217	0.92647582617727
11.278873513920	0.92647456059284
11.249247954972	0.92647315340474
11.219777619760	0.92647160683160
11.190461291527	0.92646992307764
11.161297766195	0.92646810433267
11.132285852209	0.92646615277213
11.103424370370	0.92646407055704
11.074712153676	0.92646185983407
11.046148047163	0.92645952273549
11.017730907755	0.92645706137922
10.989459604106	0.92645447786885
10.961333016453	0.92645177429359
10.933350036470	0.92644895272834
10.905509567115	0.92644601523368
10.877810522496	0.92644296385588
10.850251827723	0.92643980062691
10.822832418773	0.92643652756446
10.795551242348	0.92643314667195
10.768407255747	0.92642965993854
10.741399426729	0.92642606933917
10.714526733381	0.92642237683452
10.687788163993	0.92641858437108
10.661182716927	0.92641469388115
10.634709400497	0.92641070728284
10.608367232838	0.92640662648009
10.582155241793	0.92640245336272
10.556072464789	0.92639818980640
10.530117948718	0.92639383767270
10.504290749825	0.92638939880912
10.478589933590	0.92638487504905
10.453014574616	0.92638026821186
10.427563756522	0.92637558010288
10.402236571825	0.92637081251343
10.377032121841	0.92636596722084
10.351949516575	0.92636104598848
10.326987874612	0.92635605056577
10.302146323024	0.92635098268820
10.277423997257	0.92634584407738
10.252820041040	0.92634063644103
10.228333606278	0.92633536147300
10.203963852961	0.92633002085335
10.179709949066	0.92632461624832
10.155571070461	0.92631914931035
10.131546400811	0.92631362167816
10.107635131490	0.92630803497672
10.083836461487	0.92630239081731
10.060149597315	0.92629669079754
10.036573752929	0.92629093650135
10.013108149633	0.92628512949909
9.9897520159947	0.92627927134750
9.9665045877660	0.92627336358977
9.9433651077944	0.92626740775554
9.9203328259431	0.92626140536095
9.8974069990096	0.92625535790867
9.8745868906456	0.92624926688793
9.8518717712783	0.92624313377453
9.8292609180328	0.92623696003090
9.8067536146549	0.92623074710609
9.7843491514360	0.92622449643586
9.7620468251384	0.92621820944267
9.7398459389214	0.92621188753571
9.7177458022690	0.92620553211096
9.6957457309185	0.92619914455120
9.6738450467893	0.92619272622605
9.6520430779137	0.92618627849200
9.6303391583681	0.92617980269247
9.6087326282051	0.92617330015780
9.5872228333866	0.92616677220531
9.5658091257179	0.92616022013934
9.5444908627826	0.92615364525128
9.5232674078780	0.92614704881961
9.5021381299525	0.92614043210990
9.4811024035421	0.92613379637490
9.4601596087094	0.92612714285456
9.4393091309824	0.92612047277604
9.4185503612944	0.92611378735378
9.3978826959248	0.92610708778952
9.3773055364404	0.92610037527234
9.3568182896380	0.92609365097871
9.3364203674868	0.92608691607252
9.3161111870727	0.92608017170510
9.2958901705426	0.92607341901530
9.2757567450495	0.92606665912950
9.2557103426984	0.92605989316165
9.2357504004929	0.92605312221333
9.2158763602828	0.92604634737378
9.1960876687117	0.92603956971992
9.1763837771656	0.92603279031642
9.1567641417227	0.92602601021573
9.1372282231027	0.92601923045813
9.1177754866180	0.92601245207176
9.0984054021244	0.92600567607266
9.0791174439733	0.92599890346482
9.0599110909640	0.92599213524022
9.0407858262967	0.92598537237889
9.0217411375263	0.92597861584891
9.0027765165165	0.92597186660651
8.9838914593947	0.92596512559607
8.9650854665072	0.92595839375017
8.9463580423754	0.92595167198965
8.9277086956522	0.92594496122365
8.9091369390788	0.92593826234966
8.8906422894425	0.92593157625353
8.8722242675348	0.92592490380957
8.8538823981099	0.92591824588054
8.8356162098438	0.92591160331775
8.8174252352941	0.92590497696107
8.7993090108600	0.92589836763896
8.7812670767428	0.92589177616858
8.7632989769073	0.92588520335576
8.7454042590432	0.92587864999512
8.7275824745269	0.92587211687004
8.7098331783847	0.92586560475280
8.6921559292549	0.92585911440452
8.6745502893519	0.92585264657530
8.6570158244297	0.92584620200423
8.6395521037464	0.92583978141941
8.6221587000288	0.92583338553806
8.6048351894374	0.92582701506651
8.5875811515325	0.92582067070030
8.5703961692396	0.92581435312418
8.5532798288160	0.92580806301218
8.5362317198178	0.92580180102769
8.5192514350668	0.92579556782345
8.5023385706183	0.92578936404164
8.4854927257288	0.92578319031392
8.4687135028249	0.92577704726149
8.4520005074711	0.92577093549510
8.4353533483399	0.92576485561517
8.4187716371806	0.92575880821175
8.4022549887892	0.92575279386468
8.3858030209790	0.92574681314352
8.3694153545505	0.92574086660771
8.3530916132627	0.92573495480655
8.3368314238042	0.92572907827928
8.3206344157646	0.92572323755511
8.3045002216066	0.92571743315332
8.2884284766381	0.92571166558326
8.2724188189845	0.92570593534440
8.2564708895621	0.92570024292644
8.2405843320506	0.92569458880930
8.2247587928669	0.92568897346321
8.2089939211391	0.92568339734873
8.1932893686800	0.92567786091684
8.1776447899618	0.92567236460896
8.1620598420909	0.92566690885704
8.1465341847826	0.92566149408356
8.1310674803363	0.92565612070164
8.1156593936113	0.92565078911503
8.1003095920022	0.92564549971824
8.0850177454153	0.92564025289652
8.0697835262450	0.92563504902596
8.0546066093498	0.92562988847352
8.0394866720300	0.92562477159712
8.0244233940043	0.92561969874563
8.0094164573871	0.92561467025897
7.9944655466667	0.92560968646818
7.9795703486825	0.92560474769541
7.9647305526036	0.92559985425404
7.9499458499072	0.92559500644869
7.9352159343568	0.92559020457531
7.9205405019815	0.92558544892120
7.9059192510549	0.92558073976508
7.8913518820742	0.92557607737715
7.8768380977404	0.92557146201914
7.8623776029373	0.92556689394436
7.8479701047120	0.92556237339776
7.8336153122550	0.92555790061598
7.8193129368805	0.92555347582743
7.8050626920073	0.92554909925229
7.7908642931393	0.92554477110262
7.7767174578470	0.92554049158239
7.7626219057483	0.92553626088754
7.7485773584906	0.92553207920603
7.7345835397317	0.92552794671792
7.7206401751223	0.92552386359537
7.7067469922879	0.92551983000276
7.6929037208109	0.92551584609671
7.6791100922131	0.92551191202613
7.6653658399386	0.92550802793231
7.6516706993364	0.92550419394893
7.6380244076433	0.92550041020215
7.6244267039674	0.92549667681066
7.6108773292714	0.92549299388572
7.5973760263558	0.92548936153124
7.5839225398432	0.92548577984380
7.5705166161616	0.92548224891277
7.5571580035291	0.92547876882027
7.5438464519376	0.92547533964132
7.5305817131374	0.92547196144384
7.5173635406219	0.92546863428873
7.5041916896120	0.92546535822992
7.4910659170415	0.92546213331441
7.4779859815415	0.92545895958236
7.4649516434263	0.92545583706712
7.4519626646781	0.92545276579527
7.4390188089330	0.92544974578674
7.4261198414664	0.92544677705479
7.4132655291790	0.92544385960612
7.4004556405826	0.92544099344091
7.3876899457861	0.92543817855287
7.3749682164822	0.92543541492928
7.3622902259332	0.92543270255109
7.3496557489581	0.92543004139295
7.3370645619187	0.92542743142326
7.3245164427071	0.92542487260423
7.3120111707317	0.92542236489196
7.2995485269053	0.92541990823646
7.2871282936315	0.92541750258173
7.2747502547925	0.92541514786580
7.2624141957364	0.92541284402081
7.2501199032648	0.92541059097304
7.2378671656205	0.92540838864298
7.2256557724753	0.92540623694538
7.2134855149182	0.92540413578932
7.2013561854432	0.92540208507824
7.1892675779376	0.92540008471003
7.1772194876706	0.92539813457705
7.1652117112811	0.92539623456621
7.1532440467669	0.92539438455901
7.1413162934731	0.92539258443163
7.1294282520809	0.92539083405492
7.1175797245964	0.92538913329455
7.1057705143399	0.92538748201096
7.0940004259347	0.92538588005949
7.0822692652965	0.92538432729042
7.0705768396226	0.92538282354900
7.0589229573817	0.92538136867555
7.0473074283028	0.92537996250547
7.0357300633654	0.92537860486931
7.0241906747891	0.92537729559286
7.0126890760234	0.92537603449714
7.0012250817375	0.92537482139851
6.9897985078107	0.92537365610871
6.9784091713222	0.92537253843491
6.9670568905415	0.92537146817974
6.9557414849188	0.92537044514142
6.9444627750753	0.92536946911372
6.9332205827937	0.92536853988609
6.9220147310090	0.92536765724368
6.9108450437990	0.92536682096738
6.8997113463751	0.92536603083393
6.8886134650735	0.92536528661592
6.8775512273457	0.92536458808186
6.8665244617499	0.92536393499625
6.8555329979419	0.92536332711962
6.8445766666667	0.92536276420859
6.8336552997493	0.92536224601590
6.8227687300865	0.92536177229052
6.8119167916383	0.92536134277765
6.8010993194192	0.92536095721880
6.7903161494904	0.92536061535182
6.7795671189507	0.92536031691099
6.7688520659291	0.92536006162704
6.7581708295762	0.92535984922725
6.7475232500563	0.92535967943542
6.7369091685393	0.92535955197202
6.7263284271932	0.92535946655418
6.7157808691756	0.92535942289575
6.7052663386267	0.92535942070738
6.6947846806610	0.92535945969655
6.6843357413601	0.92535953956763
6.6739193677649	0.92535966002194
6.6635354078684	0.92535982075778
6.6531837106081	0.92536002147051
6.6428641258586	0.92536026185258
6.6325765044248	0.92536054159360
6.6223206980340	0.92536086038038
6.6120965593295	0.92536121789698
6.6019039418630	0.92536161382478
6.5917427000879	0.92536204784250
6.5816126893524	0.92536251962629
6.5715137658922	0.92536302884975
6.5614457868243	0.92536357518400
6.5514086101399	0.92536415829773
6.5414020946978	0.92536477785723
6.5314261002179	0.92536543352646
6.5214804872743	0.92536612496712
6.5115651172893	0.92536685183864
6.5016798525266	0.92536761379829
6.4918245560849	0.92536841050122
6.4819990918919	0.92536924160048
6.4722033246978	0.92537010674709
6.4624371200690	0.92537100559010
6.4527003443823	0.92537193777662
6.4429928648184	0.92537290295188
6.4333145493562	0.92537390075929
6.4236652667667	0.92537493084045
6.4140448866068	0.92537599283525
6.4044532792138	0.92537708638189
6.3948903156997	0.92537821111692
6.3853558679446	0.92537936667533
6.3758498085921	0.92538055269055
6.3663720110427	0.92538176879453
6.3569223494487	0.92538301461777
6.3475006987084	0.92538428978937
6.3381069344609	0.92538559393711
6.3287409330800	0.92538692668745
6.3194025716695	0.92538828766560
6.3100917280572	0.92538967649557
6.3008082807902	0.92539109280023
6.2915521091291	0.92539253620130
6.2823230930427	0.92539400631948
6.2731211132036	0.92539550277444
6.2639460509820	0.92539702518487
6.2547977884415	0.92539857316854
6.2456762083333	0.92540014634235
6.2365811940919	0.92540174432238
6.2275126298297	0.92540336672389
6.2184704003319	0.92540501316144
6.2094543910522	0.92540668324887
6.2004644881075	0.92540837659938
6.1915005782734	0.92541009282556
6.1825625489792	0.92541183153945
6.1736502883031	0.92541359235257
6.1647636849681	0.92541537487598
6.1559026283368	0.92541717872029
6.1470670084068	0.92541900349575
6.1382567158067	0.92542084881227
6.1294716417910	0.92542271427945
6.1207116782360	0.92542459950666
6.1119767176351	0.92542650410304
6.1032666530945	0.92542842767759
6.0945813783289	0.92543036983917
6.0859207876573	0.92543233019656
6.0772847759984	0.92543430835852
6.0686732388664	0.92543630393381
6.0600860723671	0.92543831653121
6.0515231731934	0.92544034575964
6.0429844386212	0.92544239122810
6.0344697665056	0.92544445254579
6.0259790552764	0.92544652932212
6.0175122039342	0.92544862116676
6.0090691120465	0.92545072768965
6.0006496797438	0.92545284850110
5.9922538077154	0.92545498321176
5.9838813972056	0.92545713143273
5.9755323500100	0.92545929277554
5.9672065684713	0.92546146685223
5.9589039554760	0.92546365327536
5.9506244144502	0.92546585165808
5.9423678493558	0.92546806161414
5.9341341646873	0.92547028275796
5.9259232654675	0.92547251470462
5.9177350572444	0.92547475706995
5.9095694460871	0.92547700947053
5.9014263385827	0.92547927152377
5.8933056418321	0.92548154284790
5.8852072634472	0.92548382306203
5.8771311115468	0.92548611178619
5.8690770947533	0.92548840864136
5.8610451221896	0.92549071324951
5.8530351034752	0.92549302523363
5.8450469487229	0.92549534421779
5.8370805685358	0.92549766982713
5.8291358740035	0.92550000168794
5.8212127766990	0.92550233942768
5.8133111886756	0.92550468267500
5.8054310224632	0.92550703105981
5.7975721910656	0.92550938421326
5.7897346079567	0.92551174176783
5.7819181870781	0.92551410335735
5.7741228428351	0.92551646861700
5.7663484900942	0.92551883718338
5.7585950441798	0.92552120869453
5.7508624208709	0.92552358278997
5.7431505363985	0.92552595911073
5.7354593074421	0.92552833729937
5.7277886511272	0.92553071700003
5.7201384850219	0.92553309785845
5.7125087271341	0.92553547952201
5.7048992959087	0.92553786163975
5.6973101102242	0.92554024386244
5.6897410893908	0.92554262584253
5.6821921531463	0.92554500723428
5.6746632216544	0.92554738769370
5.6671542155009	0.92554976687866
5.6596650556919	0.92555214444885
5.6521956636501	0.92555452006586
5.6447459612126	0.92555689339318
5.6373158706281	0.92555926409626
5.6299053145540	0.92556163184249
5.6225142160540	0.92556399630127
5.6151424985952	0.92556635714404
5.6077900860456	0.92556871404428
5.6004569026714	0.92557106667754
5.5931428731343	0.92557341472150
5.5858479224893	0.92557575785597
5.5785719761816	0.92557809576292
5.5713149600446	0.92558042812651
5.5640768002970	0.92558275463311
5.5568574235403	0.92558507497135
5.5496567567568	0.92558738883211
5.5424747273063	0.92558969590857
5.5353112629247	0.92559199589624
5.5281662917204	0.92559428849295
5.5210397421731	0.92559657339892
5.5139315431304	0.92559885031675
5.5068416238060	0.92560111895148
5.4997699137773	0.92560337901054
5.4927163429828	0.92560563020389
5.4856808417200	0.92560787224393
5.4786633406433	0.92561010484558
5.4716637707611	0.92561232772630
5.4646820634342	0.92561454060612
5.4577181503732	0.92561674320762
5.4507719636364	0.92561893525599
5.4438434356274	0.92562111647905
5.4369324990932	0.92562328660725
5.4300390871219	0.92562544537370
5.4231631331404	0.92562759251422
5.4163045709124	0.92562972776730
5.4094633345363	0.92563185087418
5.4026393584430	0.92563396157883
5.3958325773938	0.92563605962799
5.3890429264785	0.92563814477118
5.3822703411131	0.92564021676071
5.3755147570378	0.92564227535174
5.3687761103152	0.92564432030223
5.3620543373278	0.92564635137302
5.3553493747767	0.92564836832782
5.3486611596789	0.92565037093324
5.3419896293656	0.92565235895877
5.3353347214807	0.92565433217685
5.3286963739780	0.92565629036286
5.3220745251198	0.92565823329512
5.3154691134752	0.92566016075493
5.3088800779175	0.92566207252660
5.3023073576229	0.92566396839742
5.2957508920685	0.92566584815769
5.2892106210303	0.92566771160078
5.2826864845815	0.92566955852307
5.2761784230905	0.92567138872403
5.2696863772192	0.92567320200618
5.2632102879213	0.92567499817516
5.2567500964405	0.92567677703968
5.2503057443082	0.92567853841157
5.2438771733427	0.92568028210582
5.2374643256464	0.92568200794051
5.2310671436050	0.92568371573692
5.2246855698850	0.92568540531944
5.2183195474326	0.92568707651568
5.2119690194715	0.92568872915642
5.2056339295016	0.92569036307561
5.1993142212973	0.92569197811044
5.1930098389052	0.92569357410131
5.1867207266436	0.92569515089182
5.1804468290997	0.92569670832884
5.1741880911288	0.92569824626244
5.1679444578521	0.92569976454599
5.1617158746556	0.92570126303609
5.1555022871883	0.92570274159261
5.1493036413604	0.92570420007871
5.1431198833419	0.92570563836082
5.1369509595613	0.92570705630868
5.1307968167037	0.92570845379530
5.1246574017094	0.92570983069701
5.1185326617722	0.92571118689346
5.1124225443383	0.92571252226759
5.1063269971044	0.92571383670570
5.1002459680163	0.92571513009738
5.0941794052676	0.92571640233557
5.0881272572980	0.92571765331654
5.0820894727920	0.92571888293992
5.0760660006773	0.92572009110865
5.0700567901235	0.92572127772905
5.0640617905405	0.92572244271078
5.0580809515775	0.92572358596685
5.0521142231210	0.92572470741364
5.0461615552937	0.92572580697088
5.0402228984533	0.92572688456167
5.0342982031906	0.92572794011246
5.0283874203287	0.92572897355309
5.0224905009214	0.92572998481674
5.0166073962517	0.92573097383997
5.0107380578305	0.92573194056272
5.0048824373957	0.92573288492826
4.9990404869101	0.92573380688328
4.9932121585610	0.92573470637780
4.9873974047579	0.92573558336521
4.9815961781323	0.92573643780228
4.9758084315353	0.92573726964915
4.9700341180371	0.92573807886928
4.9642731909256	0.92573886542955
4.9585256037049	0.92573962930015
4.9527913100942	0.92574037045465
4.9470702640264	0.92574108886996
4.9413624196473	0.92574178452636
4.9356677313138	0.92574245740745
4.9299861535932	0.92574310750018
4.9243176412615	0.92574373479485
4.9186621493027	0.92574433928507
4.9130196329072	0.92574492096780
4.9073900474709	0.92574547984332
4.9017733485939	0.92574601591520
4.8961694920790	0.92574652919036
4.8905784339315	0.92574701967900
4.8850001303569	0.92574748739462
4.8794345377604	0.92574793235403
4.8738816127459	0.92574835457730
4.8683413121143	0.92574875408780
4.8628135928629	0.92574913091216
4.8572984121841	0.92574948508026
4.8517957274640	0.92574981662525
4.8463054962819	0.92575012558352
4.8408276764088	0.92575041199470
4.8353622258065	0.92575067590164
4.8299091026261	0.92575091735040
4.8244682652076	0.92575113639027
4.8190396720784	0.92575133307371
4.8136232819525	0.92575150745638
4.8082190537289	0.92575165959712
4.8028269464915	0.92575178955792
4.7974469195071	0.92575189740394
4.7920789322251	0.92575198320346
4.7867229442759	0.92575204702792
4.7813789154705	0.92575208895183
4.7760468057989	0.92575210905285
4.7707265754297	0.92575210741171
4.7654181847083	0.92575208411222
4.7601215941569	0.92575203924124
4.7548367644726	0.92575197288871
4.7495636565272	0.92575188514758
4.7443022313657	0.92575177611383
4.7390524502055	0.92575164588645
4.7338142744355	0.92575149456742
4.7285876656151	0.92575132226168
4.7233725854735	0.92575112907716
4.7181689959081	0.92575091512471
4.7129768589844	0.92575068051811
4.7077961369347	0.92575042537407
4.7026267921569	0.92575014981217
4.6974687872140	0.92574985395488
4.6923220848333	0.92574953792752
4.6871866479049	0.92574920185826
4.6820624394815	0.92574884587809
4.6769494227769	0.92574847012081
4.6718475611657	0.92574807472300
4.6667568181818	0.92574765982400
4.6616771575183	0.92574722556591
4.6566085430258	0.92574677209356
4.6515509387122	0.92574629955447
4.6465043087415	0.92574580809887
4.6414686174330	0.92574529787963
4.6364438292607	0.92574476905229
4.6314299088522	0.92574422177501
4.6264268209877	0.92574365620855
4.6214345305997	0.92574307251626
4.6164530027718	0.92574247086403
4.6114822027380	0.92574185142031
4.6065220958820	0.92574121435605
4.6015726477360	0.92574055984471
4.5966338239804	0.92573988806220
4.5917055904426	0.92573919918688
4.5867879130967	0.92573849339955
4.5818807580621	0.92573777088338
4.5769840916031	0.92573703182394
4.5720978801281	0.92573627640913
4.5672220901889	0.92573550482918
4.5623566884797	0.92573471727664
4.5575016418364	0.92573391394629
4.5526569172361	0.92573309503520
4.5478224817961	0.92573226074264
4.5429983027731	0.92573141127008
4.5381843475628	0.92573054682116
4.5333805836988	0.92572966760167
4.5285869788520	0.92572877381951
4.5238035008299	0.92572786568467
4.5190301175761	0.92572694340918
4.5142667971691	0.92572600720715
4.5095135078219	0.92572505729464
4.5047702178813	0.92572409388972
4.5000368958271	0.92572311721241
4.4953135102714	0.92572212748462
4.4906000299581	0.92572112493018
4.4858964237618	0.92572010977477
4.4812026606876	0.92571908224588
4.4765187098701	0.92571804257282
4.4718445405728	0.92571699098668
4.4671801221875	0.92571592772026
4.4625254242334	0.92571485300809
4.4578804163569	0.92571376708637
4.4532450683304	0.92571267019294
4.4486193500519	0.92571156256726
4.4440032315446	0.92571044445038
4.4393966829557	0.92570931608488
4.4347996745562	0.92570817771488
4.4302121767401	0.92570702958598
4.4256341600236	0.92570587194520
4.4210655950450	0.92570470504104
4.4165064525633	0.92570352912332
4.4119567034584	0.92570234444326
4.4074163187298	0.92570115125338
4.4028852694963	0.92569994980749
4.3983635269953	0.92569874036063
4.3938510625824	0.92569752316908
4.3893478477306	0.92569629849029
4.3848538540295	0.92569506658284
4.3803690531853	0.92569382770646
4.3758934170194	0.92569258212190
4.3714269174686	0.92569133009100
4.3669695265841	0.92569007187656
4.3625212165309	0.92568880774237
4.3580819595871	0.92568753795314
4.3536517281441	0.92568626277448
4.3492304947048	0.92568498247285
4.3448182318841	0.92568369731552
4.3404149124077	0.92568240757055
4.3360205091119	0.92568111350675
4.3316349949429	0.92567981539361
4.3272583429561	0.92567851350132
4.3228905263158	0.92567720810067
4.3185315182944	0.92567589946305
4.3141812922723	0.92567458786041
4.3098398217366	0.92567327356520
4.3055070802815	0.92567195685033
4.3011830416069	0.92567063798918
4.2968676795184	0.92566931725548
4.2925609679267	0.92566799492335
4.2882628808468	0.92566667126720
4.2839733923978	0.92566534656172
4.2796924768023	0.92566402108183
4.2754201083856	0.92566269510264
4.2711562615757	0.92566136889942
4.2669009109024	0.92566004274754
4.2626540309967	0.92565871692243
4.2584155965909	0.92565739169957
4.2541855825174	0.92565606735439
4.2499639637085	0.92565474416230
4.2457507151961	0.92565342239857
4.2415458121109	0.92565210233836
4.2373492296820	0.92565078425662
4.2331609432364	0.92564946842810
4.2289809281986	0.92564815512725
4.2248091600902	0.92564684462823
4.2206456145291	0.92564553720481
4.2164902672293	0.92564423313038
4.2123430940003	0.92564293267789
4.2082040707468	0.92564163611980
4.2040731734680	0.92564034372801
4.1999503782572	0.92563905577386
4.1958356613016	0.92563777252808
4.1917289988814	0.92563649426071
4.1876303673697	0.92563522124110
4.1835397432319	0.92563395373781
4.1794571030252	0.92563269201862
4.1753824233983	0.92563143635047
4.1713156810909	0.92563018699938
4.1672568529330	0.92562894423046
4.1632059158450	0.92562770830780
4.1591628468368	0.92562647949449
4.1551276230076	0.92562525805251
4.1511002215453	0.92562404424275
4.1470806197261	0.92562283832490
4.1430687949143	0.92562164055744
4.1390647245616	0.92562045119759
4.1350683862069	0.92561927050126
4.1310797574755	0.92561809872299
4.1270988160793	0.92561693611590
4.1231255398157	0.92561578293169
4.1191599065677	0.92561463942054
4.1152018943034	0.92561350583106
4.1112514810752	0.92561238241028
4.1073086450199	0.92561126940359
4.1033733643581	0.92561016705467
4.0994456173937	0.92560907560545
4.0955253825137	0.92560799529610
4.0916126381875	0.92560692636490
4.0877073629670	0.92560586904827
4.0838095354856	0.92560482358069
4.0799191344584	0.92560379019464
4.0760361386812	0.92560276912056
4.0721605270307	0.92560176058682
4.0682922784638	0.92560076481963
4.0644313720174	0.92559978204302
4.0605777868075	0.92559881247878
4.0567315020298	0.92559785634643
4.0528924969582	0.92559691386311
4.0490607509454	0.92559598524362
4.0452362434219	0.92559507070030
4.0414189538959	0.92559417044298
4.0376088619529	0.92559328467899
4.0338059472551	0.92559241361304
4.0300101895416	0.92559155744720
4.0262215686274	0.92559071638085
4.0224400644036	0.92558989061065
4.0186656568365	0.92558908033042
4.0148983259676	0.92558828573116
4.0111380519133	0.92558750700098
4.0073848148643	0.92558674432501
4.0036385950855	0.92558599788540
3.9998993729153	0.92558526786125
3.9961671287657	0.92558455442853
3.9924418431216	0.92558385776008
3.9887234965407	0.92558317802552
3.9850120696531	0.92558251539119
3.9813075431607	0.92558187002014
3.9776098978373	0.92558124207205
3.9739191145281	0.92558063170316
3.9702351741491	0.92558003906627
3.9665580576872	0.92557946431063
3.9628877461996	0.92557890758192
3.9592242208135	0.92557836902219
3.9555674627260	0.92557784876981
3.9519174532033	0.92557734695941
3.9482741735809	0.92557686372183
3.9446376052632	0.92557639918408
3.9410077297226	0.92557595346925
3.9373845285001	0.92557552669649
3.9337679832043	0.92557511898097
3.9301580755113	0.92557473043378
3.9265547871644	0.92557436116190
3.9229580999738	0.92557401126816
3.9193679958164	0.92557368085116
3.9157844566353	0.92557337000524
3.9122074644395	0.92557307882041
3.9086370013038	0.92557280738231
3.9050730493682	0.92557255577214
3.9015155908381	0.92557232406661
3.8979646079834	0.92557211233790
3.8944200831385	0.92557192065359
3.8908819987021	0.92557174907662
3.8873503371369	0.92557159766522
3.8838250809690	0.92557146647286
3.8803062127880	0.92557135554821
3.8767937152463	0.92557126493506
3.8732875710594	0.92557119467231
3.8697877630050	0.92557114479384
3.8662942739231	0.92557111532856
3.8628070867156	0.92557110630024
3.8593261843460	0.92557111772756
3.8558515498392	0.92557114962397
3.8523831662812	0.92557120199771
3.8489210168186	0.92557127485170
3.8454650846588	0.92557136818349
3.8420153530693	0.92557148198526
3.8385718053777	0.92557161624369
3.8351344249712	0.92557177093996
3.8317031952965	0.92557194604968
3.8282780998595	0.92557214154281
3.8248591222251	0.92557235738366
3.8214462460166	0.92557259353076
3.8180394549159	0.92557284993690
3.8146387326632	0.92557312654898
3.8112440630562	0.92557342330802
3.8078554299505	0.92557374014908
3.8044728172589	0.92557407700121
3.8010962089514	0.92557443378740
3.7977255890550	0.92557481042450
3.7943609416530	0.92557520682321
3.7910022508852	0.92557562288799
3.7876495009476	0.92557605851702
3.7843026760919	0.92557651360213
3.7809617606256	0.92557698802878
3.7776267389113	0.92557748167597
3.7742975953670	0.92557799441618
3.7709743144654	0.92557852611537
3.7676568807339	0.92557907663286
3.7643452787544	0.92557964582132
3.7610394931627	0.92558023352669
3.7577395086488	0.92558083958815
3.7544453099562	0.92558146383804
3.7511568818819	0.92558210610181
3.7478742092762	0.92558276619799
3.7445972770422	0.92558344393811
3.7413260701360	0.92558413912666
3.7380605735661	0.92558485156103
3.7348007723932	0.92558558103143
3.7315466517301	0.92558632732091
3.7282981967417	0.92558709020522
3.7250553926441	0.92558786945280
3.7218182247052	0.92558866482474
3.7185866782436	0.92558947607469
3.7153607386293	0.92559030294882
3.7121403912828	0.92559114518578
3.7089256216751	0.92559200251662
3.7057164153276	0.92559287466477
3.7025127578115	0.92559376134596
3.6993146347483	0.92559466226817
3.6961220318087	0.92559557713158
3.6929349347130	0.92559650562854
3.6897533292308	0.92559744744346
3.6865772011805	0.92559840225282
3.6834065364295	0.92559936972508
3.6802413208937	0.92560034952063
3.6770815405372	0.92560134129174
3.6739271813725	0.92560234468254
3.6707782294600	0.92560335932889
3.6676346709078	0.92560438485841
3.6644964918714	0.92560542089039
3.6613636785540	0.92560646703571
3.6582362172056	0.92560752289686
3.6551140941234	0.92560858806782
3.6519972956511	0.92560966213403
3.6488858081792	0.92561074467235
3.6457796181442	0.92561183525101
3.6426787120292	0.92561293342953
3.6395830763628	0.92561403875870
3.6364926977196	0.92561515078050
3.6334075627197	0.92561626902807
3.6303276580286	0.92561739302566
3.6272529703569	0.92561852228857
3.6241834864603	0.92561965632308
3.6211191931393	0.92562079462644
3.6180600772387	0.92562193668680
3.6150061256481	0.92562308198315
3.6119573253012	0.92562422998526
3.6089136631756	0.92562538015368
3.6058751262930	0.92562653193964
3.6028417017185	0.92562768478502
3.5998133765610	0.92562883812230
3.5967901379724	0.92562999137449
3.5937719731479	0.92563114395512
3.5907588693257	0.92563229526816
3.5877508137865	0.92563344470797
3.5847477938539	0.92563459165928
3.5817497968937	0.92563573549712
3.5787568103140	0.92563687558674
3.5757688215649	0.92563801128362
3.5727858181385	0.92563914193341
3.5698077875685	0.92564026687184
3.5668347174301	0.92564138542470
3.5638665953400	0.92564249690782
3.5609034089559	0.92564360062696
3.5579451459767	0.92564469587782
3.5549917941421	0.92564578194594
3.5520433412322	0.92564685810673
3.5490997750681	0.92564792362533
3.5461610835108	0.92564897775663
3.5432272544616	0.92565001974519
3.5402982758621	0.92565104882522
3.5373741356932	0.92565206422050
3.5344548219759	0.92565306514438
3.5315403227706	0.92565405079969
3.5286306261770	0.92565502037871
3.5257257203340	0.92565597306313
3.5228255934195	0.92565690802400
3.5199302336503	0.92565782442171
3.5170396292820	0.92565872140588
3.5141537686086	0.92565959811540
3.5112726399625	0.92566045367832
3.5083962317145	0.92566128721183
3.5055245322732	0.92566209782223
3.5026575300853	0.92566288460486
3.4997952136353	0.92566364664407
3.4969375714452	0.92566438301320
3.4940845920746	0.92566509277449
3.4912362641202	0.92566577497905
3.4883925762160	0.92566642866687
3.4855535170329	0.92566705286670
3.4827190752788	0.92566764659608
3.4798892396982	0.92566820886122
3.4770639990721	0.92566873865704
3.4742433422181	0.92566923496709
3.4714272579898	0.92566969676349
3.4686157352771	0.92567012300693
3.4658087630058	0.92567051264661
3.4630063301375	0.92567086462018
3.4602084256694	0.92567117785376
3.4574150386345	0.92567145126183
3.4546261581009	0.92567168374723
3.4518417731721	0.92567187420113
3.4490618729867	0.92567202150297
3.4462864467180	0.92567212452042
3.4435154835745	0.92567218210935
3.4407489727993	0.92567219311382
3.4379869036697	0.92567215636597
3.4352292654979	0.92567207068608
3.4324760476300	0.92567193488245
3.4297272394463	0.92567174775140
3.4269828303612	0.92567150807724
3.4242428098230	0.92567121463222
3.4215071673134	0.92567086617650
3.4187758923480	0.92567046145811
3.4160489744758	0.92566999921294
3.4133264032791	0.92566947816467
3.4106081683732	0.92566889702474
3.4078942594066	0.92566825449234
3.4051846660609	0.92566754925439
3.4024793780502	0.92566677998543
3.3997783851213	0.92566594534769
3.3970816770538	0.92566504399097
3.3943892436594	0.92566407455267
3.3917010747822	0.92566303565772
3.3890171602984	0.92566192591857
3.3863374901163	0.92566074393514
3.3836620541761	0.92565948829482
3.3809908424495	0.92565815757241
3.3783238449403	0.92565675033010
3.3756610516834	0.92565526511744
3.3730024527453	0.92565370047132
3.3703480382237	0.92565205491593
3.3676977982476	0.92565032696275
3.3650517229768	0.92564851511049
3.3624098026021	0.92564661784509
3.3597720273451	0.92564463363967
3.3571383874580	0.92564256095455
3.3545088732237	0.92564039823716
3.3518834749553	0.92563814392206
3.3492621829963	0.92563579643089
3.3466449877205	0.92563335417238
3.3440318795315	0.92563081554226
3.3414228488631	0.92562817892330
3.3388178861789	0.92562544268528
3.3362169819720	0.92562260518491
3.3336201267653	0.92561966476588
3.3310273111111	0.92561661975878
