#Parameters = {thARC=0.6; nARC=2.75; thsub=1; p=1; nSub=1.75}
#"Wavelength / um"	"T (208) [Real Part]"
#---------------------------------------
14.989622900000	0.76494821125765
14.937342202292	0.76418336820683
14.885424925521	0.76341901425765
14.833867293419	0.76265517441494
14.782665581854	0.76189187346267
14.731816117936	0.76112913596452
14.681315279138	0.76036698626458
14.631159492435	0.75960544848798
14.581345233463	0.75884454654158
14.531869025691	0.75808430411465
14.482727439614	0.75732474467960
14.433917091960	0.75656589149272
14.385434644914	0.75580776759492
14.337276805356	0.75505039581248
14.289440324118	0.75429379875788
14.241921995249	0.75353799883057
14.194718655303	0.75278301821780
14.147827182633	0.75202887889544
14.101244496707	0.75127560262885
14.054967557431	0.75052321097372
14.008993364486	0.74977172527696
13.963318956684	0.74902116667760
13.917941411328	0.74827155610767
13.872857843591	0.74752291429315
13.828065405904	0.74677526175487
13.783561287356	0.74602861880948
13.739342713107	0.74528300557040
13.695406943810	0.74453844194878
13.651751275046	0.74379494765447
13.608373036768	0.74305254219704
13.565269592760	0.74231124488676
13.522438340099	0.74157107483563
13.479876708633	0.74083205095836
13.437582160466	0.74009419197346
13.395552189455	0.73935751640422
13.353784320713	0.73862204257983
13.312276110124	0.73788778863637
13.271025143869	0.73715477251792
13.230029037952	0.73642301197762
13.189285437747	0.73569252457875
13.148792017544	0.73496332769583
13.108546480105	0.73423543851573
13.068546556234	0.73350887403874
13.028790004346	0.73278365107970
12.989274610052	0.73205978626912
12.949998185745	0.73133729605433
12.910958570198	0.73061619670054
12.872153628167	0.72989650429204
12.833581250000	0.72917823473331
12.795239351259	0.72846140375018
12.757125872340	0.72774602689097
12.719238778108	0.72703211952764
12.681576057530	0.72631969685696
12.644135723323	0.72560877390167
12.606915811606	0.72489936551164
12.569914381551	0.72419148636504
12.533129515050	0.72348515096951
12.496559316382	0.72278037366337
12.460201911887	0.72207716861674
12.424055449648	0.72137554983276
12.388118099174	0.72067553114877
12.352388051092	0.71997712623747
12.316863516845	0.71928034860815
12.281542728390	0.71858521160784
12.246423937908	0.71789172842252
12.211505417515	0.71719991207829
12.176785458976	0.71650977544259
12.142262373431	0.71582133122539
12.107934491115	0.71513459198034
12.073800161095	0.71444957010604
12.039857751004	0.71376627784715
12.006105646776	0.71308472729566
11.972542252396	0.71240493039202
11.939165989646	0.71172689892639
11.905975297855	0.71105064453977
11.872968633663	0.71037617872527
11.840144470774	0.70970351282923
11.807501299724	0.70903265805244
11.775037627651	0.70836362545135
11.742751978065	0.70769642593922
11.710642890625	0.70703107028734
11.678708920919	0.70636756912616
11.646948640249	0.70570593294657
11.615360635413	0.70504617210097
11.583943508501	0.70438829680453
11.552695876686	0.70373231713634
11.521616372022	0.70307824304058
11.490703641242	0.70242608432767
11.459956345566	0.70177585067551
11.429373160503	0.70112755163058
11.398952775665	0.70048119660910
11.368693894577	0.69983679489827
11.338595234493	0.69919435565734
11.308655526217	0.69855388791879
11.278873513920	0.69791540058952
11.249247954972	0.69727890245196
11.219777619760	0.69664440216520
11.190461291527	0.69601190826619
11.161297766195	0.69538142917081
11.132285852209	0.69475297317505
11.103424370370	0.69412654845613
11.074712153676	0.69350216307359
11.046148047163	0.69287982497047
11.017730907755	0.69225954197437
10.989459604106	0.69164132179862
10.961333016453	0.69102517204334
10.933350036470	0.69041110019655
10.905509567115	0.68979911363531
10.877810522496	0.68918921962675
10.850251827723	0.68858142532923
10.822832418773	0.68797573779336
10.795551242348	0.68737216396314
10.768407255747	0.68677071067700
10.741399426729	0.68617138466885
10.714526733381	0.68557419256921
10.687788163993	0.68497914090622
10.661182716927	0.68438623610670
10.634709400497	0.68379548449723
10.608367232838	0.68320689230516
10.582155241793	0.68262046565966
10.556072464789	0.68203621059277
10.530117948718	0.68145413304043
10.504290749825	0.68087423884346
10.478589933590	0.68029653374864
10.453014574616	0.67972102340967
10.427563756522	0.67914771338822
10.402236571825	0.67857660915489
10.377032121841	0.67800771609025
10.351949516575	0.67744103948578
10.326987874612	0.67687658454491
10.302146323024	0.67631435638395
10.277423997257	0.67575436003308
10.252820041040	0.67519660043734
10.228333606278	0.67464108245756
10.203963852961	0.67408781087132
10.179709949066	0.67353679037391
10.155571070461	0.67298802557928
10.131546400811	0.67244152102096
10.107635131490	0.67189728115298
10.083836461487	0.67135531035086
10.060149597315	0.67081561291244
10.036573752929	0.67027819305885
10.013108149633	0.66974305493542
9.9897520159947	0.66921020261256
9.9665045877660	0.66867964008665
9.9433651077944	0.66815137128097
9.9203328259431	0.66762540004652
9.8974069990096	0.66710173016296
9.8745868906456	0.66658036533944
9.8518717712783	0.66606130921550
9.8292609180328	0.66554456536188
9.8067536146549	0.66503013728143
9.7843491514360	0.66451802840990
9.7620468251384	0.66400824211683
9.7398459389214	0.66350078170637
9.7177458022690	0.66299565041807
9.6957457309185	0.66249285142776
9.6738450467893	0.66199238784834
9.6520430779137	0.66149426273058
9.6303391583681	0.66099847906395
9.6087326282051	0.66050503977738
9.5872228333866	0.66001394774011
9.5658091257179	0.65952520576239
9.5444908627826	0.65903881659635
9.5232674078780	0.65855478293673
9.5021381299525	0.65807310742163
9.4811024035421	0.65759379263330
9.4601596087094	0.65711684109891
9.4393091309824	0.65664225529124
9.4185503612944	0.65617003762948
9.3978826959248	0.65570019047994
9.3773055364404	0.65523271615680
9.3568182896380	0.65476761692281
9.3364203674868	0.65430489499002
9.3161111870727	0.65384455252052
9.2958901705426	0.65338659162708
9.2757567450495	0.65293101437392
9.2557103426984	0.65247782277739
9.2357504004929	0.65202701880662
9.2158763602828	0.65157860438425
9.1960876687117	0.65113258138709
9.1763837771656	0.65068895164677
9.1567641417227	0.65024771695045
9.1372282231027	0.64980887904145
9.1177754866180	0.64937243961990
9.0984054021244	0.64893840034342
9.0791174439733	0.64850676282772
9.0599110909640	0.64807752864727
9.0407858262967	0.64765069933592
9.0217411375263	0.64722627638753
9.0027765165165	0.64680426125656
8.9838914593947	0.64638465535874
8.9650854665072	0.64596746007163
8.9463580423754	0.64555267673524
8.9277086956522	0.64514030665264
8.9091369390788	0.64473035109053
8.8906422894425	0.64432281127984
8.8722242675348	0.64391768841629
8.8538823981099	0.64351498366100
8.8356162098438	0.64311469814103
8.8174252352941	0.64271683294996
8.7993090108600	0.64232138914843
8.7812670767428	0.64192836776472
8.7632989769073	0.64153776979529
8.7454042590432	0.64114959620529
8.7275824745269	0.64076384792915
8.7098331783847	0.64038052587107
8.6921559292549	0.63999963090556
8.6745502893519	0.63962116387798
8.6570158244297	0.63924512560503
8.6395521037464	0.63887151687526
8.6221587000288	0.63850033844961
8.6048351894374	0.63813159106186
8.5875811515325	0.63776527541916
8.5703961692396	0.63740139220252
8.5532798288160	0.63703994206729
8.5362317198178	0.63668092564363
8.5192514350668	0.63632434353699
8.5023385706183	0.63597019632859
8.4854927257288	0.63561848457586
8.4687135028249	0.63526920881296
8.4520005074711	0.63492236955115
8.4353533483399	0.63457796727931
8.4187716371806	0.63423600246435
8.4022549887892	0.63389647555166
8.3858030209790	0.63355938696555
8.3694153545505	0.63322473710969
8.3530916132627	0.63289252636751
8.3368314238042	0.63256275510264
8.3206344157646	0.63223542365931
8.3045002216066	0.63191053236282
8.2884284766381	0.63158808151985
8.2724188189845	0.63126807141896
8.2564708895621	0.63095050233091
8.2405843320506	0.63063537450913
8.2247587928669	0.63032268819004
8.2089939211391	0.63001244359346
8.1932893686800	0.62970464092303
8.1776447899618	0.62939928036652
8.1620598420909	0.62909636209624
8.1465341847826	0.62879588626941
8.1310674803363	0.62849785302850
8.1156593936113	0.62820226250163
8.1003095920022	0.62790911480286
8.0850177454153	0.62761841003260
8.0697835262450	0.62733014827792
8.0546066093498	0.62704432961293
8.0394866720300	0.62676095409905
8.0244233940043	0.62648002178543
8.0094164573871	0.62620153270920
7.9944655466667	0.62592548689584
7.9795703486825	0.62565188435950
7.9647305526036	0.62538072510329
7.9499458499072	0.62511200911962
7.9352159343568	0.62484573639051
7.9205405019815	0.62458190688785
7.9059192510549	0.62432052057376
7.8913518820742	0.62406157740086
7.8768380977404	0.62380507731256
7.8623776029373	0.62355102024334
7.8479701047120	0.62329940611907
7.8336153122550	0.62305023485725
7.8193129368805	0.62280350636732
7.8050626920073	0.62255922055092
7.7908642931393	0.62231737730215
7.7767174578470	0.62207797650786
7.7626219057483	0.62184101804789
7.7485773584906	0.62160650179535
7.7345835397317	0.62137442761684
7.7206401751223	0.62114479537276
7.7067469922879	0.62091760491749
7.6929037208109	0.62069285609969
7.6791100922131	0.62047054876250
7.6653658399386	0.62025068274382
7.6516706993364	0.62003325787649
7.6380244076433	0.61981827398858
7.6244267039674	0.61960573090355
7.6108773292714	0.61939562844053
7.5973760263558	0.61918796641453
7.5839225398432	0.61898274463662
7.5705166161616	0.61877996291420
7.5571580035291	0.61857962105113
7.5438464519376	0.61838171884803
7.5305817131374	0.61818625610242
7.5173635406219	0.61799323260894
7.5041916896120	0.61780264815952
7.4910659170415	0.61761450254363
7.4779859815415	0.61742879554842
7.4649516434263	0.61724552695893
7.4519626646781	0.61706469655824
7.4390188089330	0.61688630412770
7.4261198414664	0.61671034944710
7.4132655291790	0.61653683229478
7.4004556405826	0.61636575244788
7.3876899457861	0.61619710968247
7.3749682164822	0.61603090377373
7.3622902259332	0.61586713449607
7.3496557489581	0.61570580162334
7.3370645619187	0.61554690492898
7.3245164427071	0.61539044418614
7.3120111707317	0.61523641916784
7.2995485269053	0.61508482964713
7.2871282936315	0.61493567539725
7.2747502547925	0.61478895619170
7.2624141957364	0.61464467180448
7.2501199032648	0.61450282201012
7.2378671656205	0.61436340658390
7.2256557724753	0.61422642530192
7.2134855149182	0.61409187794125
7.2013561854432	0.61395976428005
7.1892675779376	0.61383008409769
7.1772194876706	0.61370283717487
7.1652117112811	0.61357802329374
7.1532440467669	0.61345564223799
7.1413162934731	0.61333569379298
7.1294282520809	0.61321817774585
7.1175797245964	0.61310309388559
7.1057705143399	0.61299044200320
7.0940004259347	0.61288022189171
7.0822692652965	0.61277243334637
7.0705768396226	0.61266707616464
7.0589229573817	0.61256415014638
7.0473074283028	0.61246365509386
7.0357300633654	0.61236559081189
7.0241906747891	0.61226995710788
7.0126890760234	0.61217675379193
7.0012250817375	0.61208598067689
6.9897985078107	0.61199763757849
6.9784091713222	0.61191172431533
6.9670568905415	0.61182824070902
6.9557414849188	0.61174718658419
6.9444627750753	0.61166856176860
6.9332205827937	0.61159236609319
6.9220147310090	0.61151859939213
6.9108450437990	0.61144726150287
6.8997113463751	0.61137835226621
6.8886134650735	0.61131187152635
6.8775512273457	0.61124781913094
6.8665244617499	0.61118619493112
6.8555329979419	0.61112699878156
6.8445766666667	0.61107023054052
6.8336552997493	0.61101589006989
6.8227687300865	0.61096397723519
6.8119167916383	0.61091449190566
6.8010993194192	0.61086743395425
6.7903161494904	0.61082280325766
6.7795671189507	0.61078059969638
6.7688520659291	0.61074082315472
6.7581708295762	0.61070347352080
6.7475232500563	0.61066855068660
6.7369091685393	0.61063605454797
6.7263284271932	0.61060598500465
6.7157808691756	0.61057834196027
6.7052663386267	0.61055312532237
6.6947846806610	0.61053033500244
6.6843357413601	0.61050997091585
6.6739193677649	0.61049203298193
6.6635354078684	0.61047652112394
6.6531837106081	0.61046343526906
6.6428641258586	0.61045277534841
6.6325765044248	0.61044454129705
6.6223206980340	0.61043873305393
6.6120965593295	0.61043535056192
6.6019039418630	0.61043439376779
6.5917427000879	0.61043586262221
6.5816126893524	0.61043975707968
6.5715137658922	0.61044607709858
6.5614457868243	0.61045482264112
6.5514086101399	0.61046599367329
6.5414020946978	0.61047959016490
6.5314261002179	0.61049561208947
6.5214804872743	0.61051405942427
6.5115651172893	0.61053493215028
6.5016798525266	0.61055823025210
6.4918245560849	0.61058395371798
6.4819990918919	0.61061210253976
6.4722033246978	0.61064267671279
6.4624371200690	0.61067567623596
6.4527003443823	0.61071110111161
6.4429928648184	0.61074895134547
6.4333145493562	0.61078922694665
6.4236652667667	0.61083192792756
6.4140448866068	0.61087705430387
6.4044532792138	0.61092460609447
6.3948903156997	0.61097458332135
6.3853558679446	0.61102698600961
6.3758498085921	0.61108181418738
6.3663720110427	0.61113906788572
6.3569223494487	0.61119874713860
6.3475006987084	0.61126085198279
6.3381069344609	0.61132538245784
6.3287409330800	0.61139233860595
6.3194025716695	0.61146172047193
6.3100917280572	0.61153352810312
6.3008082807902	0.61160776154929
6.2915521091291	0.61168442086259
6.2823230930427	0.61176350609743
6.2731211132036	0.61184501731043
6.2639460509820	0.61192895456031
6.2547977884415	0.61201531790779
6.2456762083333	0.61210410741554
6.2365811940919	0.61219532314802
6.2275126298297	0.61228896517146
6.2184704003319	0.61238503355368
6.2094543910522	0.61248352836406
6.2004644881075	0.61258444967340
6.1915005782734	0.61268779755381
6.1825625489792	0.61279357207862
6.1736502883031	0.61290177332227
6.1647636849681	0.61301240136017
6.1559026283368	0.61312545626864
6.1470670084068	0.61324093812473
6.1382567158067	0.61335884700615
6.1294716417910	0.61347918299111
6.1207116782360	0.61360194615824
6.1119767176351	0.61372713658643
6.1032666530945	0.61385475435473
6.0945813783289	0.61398479954219
6.0859207876573	0.61411727222775
6.0772847759984	0.61425217249010
6.0686732388664	0.61438950040754
6.0600860723671	0.61452925605786
6.0515231731934	0.61467143951817
6.0429844386212	0.61481605086478
6.0344697665056	0.61496309017304
6.0259790552764	0.61511255751722
6.0175122039342	0.61526445297031
6.0090691120465	0.61541877660392
6.0006496797438	0.61557552848812
5.9922538077154	0.61573470869122
5.9838813972056	0.61589631727972
5.9755323500100	0.61606035431805
5.9672065684713	0.61622681986846
5.9589039554760	0.61639571399084
5.9506244144502	0.61656703674257
5.9423678493558	0.61674078817832
5.9341341646873	0.61691696834989
5.9259232654675	0.61709557730605
5.9177350572444	0.61727661509236
5.9095694460871	0.61746008175096
5.9014263385827	0.61764597732045
5.8933056418321	0.61783430183563
5.8852072634472	0.61802505532739
5.8771311115468	0.61821823782246
5.8690770947533	0.61841384934326
5.8610451221896	0.61861188990770
5.8530351034752	0.61881235952897
5.8450469487229	0.61901525821536
5.8370805685358	0.61922058597004
5.8291358740035	0.61942834279088
5.8212127766990	0.61963852867024
5.8133111886756	0.61985114359477
5.8054310224632	0.62006618754516
5.7975721910656	0.62028366049600
5.7897346079567	0.62050356241550
5.7819181870781	0.62072589326531
5.7741228428351	0.62095065300029
5.7663484900942	0.62117784156830
5.7585950441798	0.62140745890997
5.7508624208709	0.62163950495846
5.7431505363985	0.62187397963927
5.7354593074421	0.62211088286996
5.7277886511272	0.62235021455996
5.7201384850219	0.62259197461031
5.7125087271341	0.62283616291344
5.7048992959087	0.62308277935291
5.6973101102242	0.62333182380318
5.6897410893908	0.62358329612938
5.6821921531463	0.62383719618703
5.6746632216544	0.62409352382179
5.6671542155009	0.62435227886927
5.6596650556919	0.62461346115469
5.6521956636501	0.62487707049268
5.6447459612126	0.62514310668700
5.6373158706281	0.62541156953027
5.6299053145540	0.62568245880373
5.6225142160540	0.62595577427696
5.6151424985952	0.62623151570760
5.6077900860456	0.62650968284108
5.6004569026714	0.62679027541037
5.5931428731343	0.62707329313568
5.5858479224893	0.62735873572417
5.5785719761816	0.62764660286970
5.5713149600446	0.62793689425252
5.5640768002970	0.62822960953899
5.5568574235403	0.62852474838129
5.5496567567568	0.62882231041713
5.5424747273063	0.62912229526945
5.5353112629247	0.62942470254613
5.5281662917204	0.62972953183967
5.5210397421731	0.63003678272691
5.5139315431304	0.63034645476873
5.5068416238060	0.63065854750969
5.4997699137773	0.63097306047780
5.4927163429828	0.63128999318412
5.4856808417200	0.63160934512252
5.4786633406433	0.63193111576931
5.4716637707611	0.63225530458295
5.4646820634342	0.63258191100369
5.4577181503732	0.63291093445329
5.4507719636364	0.63324237433465
5.4438434356274	0.63357623003151
5.4369324990932	0.63391250090808
5.4300390871219	0.63425118630873
5.4231631331404	0.63459228555765
5.4163045709124	0.63493579795849
5.4094633345363	0.63528172279402
5.4026393584430	0.63563005932581
5.3958325773938	0.63598080679382
5.3890429264785	0.63633396441611
5.3822703411131	0.63668953138843
5.3755147570378	0.63704750688391
5.3687761103152	0.63740789005266
5.3620543373278	0.63777068002141
5.3553493747767	0.63813587589319
5.3486611596789	0.63850347674687
5.3419896293656	0.63887348163689
5.3353347214807	0.63924588959280
5.3286963739780	0.63962069961893
5.3220745251198	0.63999791069398
5.3154691134752	0.64037752177069
5.3088800779175	0.64075953177537
5.3023073576229	0.64114393960759
5.2957508920685	0.64153074413973
5.2892106210303	0.64191994421662
5.2826864845815	0.64231153865513
5.2761784230905	0.64270552624378
5.2696863772192	0.64310190574231
5.2632102879213	0.64350067588132
5.2567500964405	0.64390183536180
5.2503057443082	0.64430538285479
5.2438771733427	0.64471131700090
5.2374643256464	0.64511963640994
5.2310671436050	0.64553033966046
5.2246855698850	0.64594342529938
5.2183195474326	0.64635889184151
5.2119690194715	0.64677673776917
5.2056339295016	0.64719696153171
5.1993142212973	0.64761956154511
5.1930098389052	0.64804453619156
5.1867207266436	0.64847188381897
5.1804468290997	0.64890160274056
5.1741880911288	0.64933369123442
5.1679444578521	0.64976814754304
5.1617158746556	0.65020496987290
5.1555022871883	0.65064415639395
5.1493036413604	0.65108570523924
5.1431198833419	0.65152961450438
5.1369509595613	0.65197588224713
5.1307968167037	0.65242450648693
5.1246574017094	0.65287548520441
5.1185326617722	0.65332881634094
5.1124225443383	0.65378449779816
5.1063269971044	0.65424252743750
5.1002459680163	0.65470290307969
5.0941794052676	0.65516562250431
5.0881272572980	0.65563068344927
5.0820894727920	0.65609808361034
5.0760660006773	0.65656782064070
5.0700567901235	0.65703989215037
5.0640617905405	0.65751429570579
5.0580809515775	0.65799102882928
5.0521142231210	0.65847008899856
5.0461615552937	0.65895147364625
5.0402228984533	0.65943518015936
5.0342982031906	0.65992120587877
5.0283874203287	0.66040954809874
5.0224905009214	0.66090020406640
5.0166073962517	0.66139317098123
5.0107380578305	0.66188844599452
5.0048824373957	0.66238602620889
4.9990404869101	0.66288590867774
4.9932121585610	0.66338809040475
4.9873974047579	0.66389256834331
4.9815961781323	0.66439933939605
4.9758084315353	0.66490840041426
4.9700341180371	0.66541974819735
4.9642731909256	0.66593337949238
4.9585256037049	0.66644929099344
4.9527913100942	0.66696747934116
4.9470702640264	0.66748794112214
4.9413624196473	0.66801067286841
4.9356677313138	0.66853567105691
4.9299861535932	0.66906293210888
4.9243176412615	0.66959245238935
4.9186621493027	0.67012422820659
4.9130196329072	0.67065825581152
4.9073900474709	0.67119453139717
4.9017733485939	0.67173305109811
4.8961694920790	0.67227381098989
4.8905784339315	0.67281680708849
4.8850001303569	0.67336203534969
4.8794345377604	0.67390949166860
4.8738816127459	0.67445917187898
4.8683413121143	0.67501107175274
4.8628135928629	0.67556518699935
4.8572984121841	0.67612151326521
4.8517957274640	0.67668004613314
4.8463054962819	0.67724078112175
4.8408276764088	0.67780371368489
4.8353622258065	0.67836883921102
4.8299091026261	0.67893615302266
4.8244682652076	0.67950565037578
4.8190396720784	0.68007732645921
4.8136232819525	0.68065117639407
4.8082190537289	0.68122719523312
4.8028269464915	0.68180537796024
4.7974469195071	0.68238571948975
4.7920789322251	0.68296821466589
4.7867229442759	0.68355285826213
4.7813789154705	0.68413964498066
4.7760468057989	0.68472856945171
4.7707265754297	0.68531962623300
4.7654181847083	0.68591280980908
4.7601215941569	0.68650811459078
4.7548367644726	0.68710553491454
4.7495636565272	0.68770506504185
4.7443022313657	0.68830669915861
4.7390524502055	0.68891043137452
4.7338142744355	0.68951625572248
4.7285876656151	0.69012416615795
4.7233725854735	0.69073415655836
4.7181689959081	0.69134622072248
4.7129768589844	0.69196035236979
4.7077961369347	0.69257654513989
4.7026267921569	0.69319479259187
4.6974687872140	0.69381508820367
4.6923220848333	0.69443742537148
4.6871866479049	0.69506179740911
4.6820624394815	0.69568819754739
4.6769494227769	0.69631661893350
4.6718475611657	0.69694705463040
4.6667568181818	0.69757949761617
4.6616771575183	0.69821394078341
4.6566085430258	0.69885037693861
4.6515509387122	0.69948879880152
4.6465043087415	0.70012919900452
4.6414686174330	0.70077157009202
4.6364438292607	0.70141590451983
4.6314299088522	0.70206219465451
4.6264268209877	0.70271043277279
4.6214345305997	0.70336061106090
4.6164530027718	0.70401272161400
4.6114822027380	0.70466675643551
4.6065220958820	0.70532270743652
4.6015726477360	0.70598056643515
4.5966338239804	0.70664032515596
4.5917055904426	0.70730197522927
4.5867879130967	0.70796550819062
4.5818807580621	0.70863091548010
4.5769840916031	0.70929818844173
4.5720978801281	0.70996731832289
4.5672220901889	0.71063829627366
4.5623566884797	0.71131111334622
4.5575016418364	0.71198576049425
4.5526569172361	0.71266222857232
4.5478224817961	0.71334050833526
4.5429983027731	0.71402059043757
4.5381843475628	0.71470246543282
4.5333805836988	0.71538612377302
4.5285869788520	0.71607155580806
4.5238035008299	0.71675875178507
4.5190301175761	0.71744770184783
4.5142667971691	0.71813839603621
4.5095135078219	0.71883082428552
4.5047702178813	0.71952497642599
4.5000368958271	0.72022084218210
4.4953135102714	0.72091841117206
4.4906000299581	0.72161767290720
4.4858964237618	0.72231861679138
4.4812026606876	0.72302123212045
4.4765187098701	0.72372550808164
4.4718445405728	0.72443143375300
4.4671801221875	0.72513899810282
4.4625254242334	0.72584818998912
4.4578804163569	0.72655899815900
4.4532450683304	0.72727141124817
4.4486193500519	0.72798541778034
4.4440032315446	0.72870100616668
4.4393966829557	0.72941816470531
4.4347996745562	0.73013688158069
4.4302121767401	0.73085714486318
4.4256341600236	0.73157894250838
4.4210655950450	0.73230226235674
4.4165064525633	0.73302709213292
4.4119567034584	0.73375341944533
4.4074163187298	0.73448123178562
4.4028852694963	0.73521051652813
4.3983635269953	0.73594126092941
4.3938510625824	0.73667345212773
4.3893478477306	0.73740707714258
4.3848538540295	0.73814212287416
4.3803690531853	0.73887857610291
4.3758934170194	0.73961642348906
4.3714269174686	0.74035565157210
4.3669695265841	0.74109624677037
4.3625212165309	0.74183819538058
4.3580819595871	0.74258148357734
4.3536517281441	0.74332609741275
4.3492304947048	0.74407202281591
4.3448182318841	0.74481924559253
4.3404149124077	0.74556775142450
4.3360205091119	0.74631752586944
4.3316349949429	0.74706855436031
4.3272583429561	0.74782082220500
4.3228905263158	0.74857431458595
4.3185315182944	0.74932901655971
4.3141812922723	0.75008491305661
4.3098398217366	0.75084198888037
4.3055070802815	0.75160022870771
4.3011830416069	0.75235961708803
4.2968676795184	0.75312013844303
4.2925609679267	0.75388177706637
4.2882628808468	0.75464451712337
4.2839733923978	0.75540834265062
4.2796924768023	0.75617323755574
4.2754201083856	0.75693918561704
4.2711562615757	0.75770617048319
4.2669009109024	0.75847417567300
4.2626540309967	0.75924318457509
4.2584155965909	0.76001318044763
4.2541855825174	0.76078414641812
4.2499639637085	0.76155606548307
4.2457507151961	0.76232892050784
4.2415458121109	0.76310269422637
4.2373492296820	0.76387736924095
4.2331609432364	0.76465292802204
4.2289809281986	0.76542935290809
4.2248091600902	0.76620662610530
4.2206456145291	0.76698472968750
4.2164902672293	0.76776364559596
4.2123430940003	0.76854335563925
4.2082040707468	0.76932384149309
4.2040731734680	0.77010508470025
4.1999503782572	0.77088706667040
4.1958356613016	0.77166976868004
4.1917289988814	0.77245317187236
4.1876303673697	0.77323725725724
4.1835397432319	0.77402200571111
4.1794571030252	0.77480739797695
4.1753824233983	0.77559341466421
4.1713156810909	0.77638003624882
4.1672568529330	0.77716724307315
4.1632059158450	0.77795501534602
4.1591628468368	0.77874333314274
4.1551276230076	0.77953217640509
4.1511002215453	0.78032152494139
4.1470806197261	0.78111135842657
4.1430687949143	0.78190165640221
4.1390647245616	0.78269239827666
4.1350683862069	0.78348356332509
4.1310797574755	0.78427513068966
4.1270988160793	0.78506707937964
4.1231255398157	0.78585938827150
4.1191599065677	0.78665203610914
4.1152018943034	0.78744500150404
4.1112514810752	0.78823826293545
4.1073086450199	0.78903179875058
4.1033733643581	0.78982558716487
4.0994456173937	0.79061960626217
4.0955253825137	0.79141383399505
4.0916126381875	0.79220824818504
4.0877073629670	0.79300282652294
4.0838095354856	0.79379754656911
4.0799191344584	0.79459238575378
4.0760361386812	0.79538732137743
4.0721605270307	0.79618233061112
4.0682922784638	0.79697739049686
4.0644313720174	0.79777247794803
4.0605777868075	0.79856756974975
4.0567315020298	0.79936264255935
4.0528924969582	0.80015767290676
4.0490607509454	0.80095263719505
4.0452362434219	0.80174751170084
4.0414189538959	0.80254227257484
4.0376088619529	0.80333689584235
4.0338059472551	0.80413135740383
4.0300101895416	0.80492563303540
4.0262215686274	0.80571969838947
4.0224400644036	0.80651352899530
4.0186656568365	0.80730710025964
4.0148983259676	0.80810038746732
4.0111380519133	0.80889336578195
4.0073848148643	0.80968601024658
4.0036385950855	0.81047829578435
3.9998993729153	0.81127019719928
3.9961671287657	0.81206168917691
3.9924418431216	0.81285274628513
3.9887234965407	0.81364334297489
3.9850120696531	0.81443345358104
3.9813075431607	0.81522305232312
3.9776098978373	0.81601211330618
3.9739191145281	0.81680061052165
3.9702351741491	0.81758851784822
3.9665580576872	0.81837580905272
3.9628877461996	0.81916245779103
3.9592242208135	0.81994843760904
3.9555674627260	0.82073372194357
3.9519174532033	0.82151828412338
3.9482741735809	0.82230209737018
3.9446376052632	0.82308513479960
3.9410077297226	0.82386736942227
3.9373845285001	0.82464877414489
3.9337679832043	0.82542932177127
3.9301580755113	0.82620898500349
3.9265547871644	0.82698773644299
3.9229580999738	0.82776554859174
3.9193679958164	0.82854239385339
3.9157844566353	0.82931824453448
3.9122074644395	0.83009307284565
3.9086370013038	0.83086685090288
3.9050730493682	0.83163955072873
3.9015155908381	0.83241114425364
3.8979646079834	0.83318160331723
3.8944200831385	0.83395089966960
3.8908819987021	0.83471900497271
3.8873503371369	0.83548589080171
3.8838250809690	0.83625152864637
3.8803062127880	0.83701588991244
3.8767937152463	0.83777894592314
3.8732875710594	0.83854066792056
3.8697877630050	0.83930102706719
3.8662942739231	0.84005999444736
3.8628070867156	0.84081754106882
3.8593261843460	0.84157363786424
3.8558515498392	0.84232825569278
3.8523831662812	0.84308136534169
3.8489210168186	0.84383293752791
3.8454650846588	0.84458294289969
3.8420153530693	0.84533135203826
3.8385718053777	0.84607813545949
3.8351344249712	0.84682326361558
3.8317031952965	0.84756670689677
3.8282780998595	0.84830843563310
3.8248591222251	0.84904842009615
3.8214462460166	0.84978663050082
3.8180394549159	0.85052303700713
3.8146387326632	0.85125760972204
3.8112440630562	0.85199031870131
3.8078554299505	0.85272113395132
3.8044728172589	0.85345002543100
3.8010962089514	0.85417696305371
3.7977255890550	0.85490191668917
3.7943609416530	0.85562485616538
3.7910022508852	0.85634575127064
3.7876495009476	0.85706457175549
3.7843026760919	0.85778128733471
3.7809617606256	0.85849586768938
3.7776267389113	0.85920828246890
3.7742975953670	0.85991850129306
3.7709743144654	0.86062649375410
3.7676568807339	0.86133222941886
3.7643452787544	0.86203567783086
3.7610394931627	0.86273680851246
3.7577395086488	0.86343559096700
3.7544453099562	0.86413199468098
3.7511568818819	0.86482598912628
3.7478742092762	0.86551754376234
3.7445972770422	0.86620662803840
3.7413260701360	0.86689321139576
3.7380605735661	0.86757726327003
3.7348007723932	0.86825875309340
3.7315466517301	0.86893765029698
3.7282981967417	0.86961392431306
3.7250553926441	0.87028754457750
3.7218182247052	0.87095848053202
3.7185866782436	0.87162670162661
3.7153607386293	0.87229217732186
3.7121403912828	0.87295487709140
3.7089256216751	0.87361477042429
3.7057164153276	0.87427182682744
3.7025127578115	0.87492601582803
3.6993146347483	0.87557730697601
3.6961220318087	0.87622566984650
3.6929349347130	0.87687107404234
3.6897533292308	0.87751348919651
3.6865772011805	0.87815288497469
3.6834065364295	0.87878923107774
3.6802413208937	0.87942249724425
3.6770815405372	0.88005265325308
3.6739271813725	0.88067966892588
3.6707782294600	0.88130351412971
3.6676346709078	0.88192415877954
3.6644964918714	0.88254157284092
3.6613636785540	0.88315572633249
3.6582362172056	0.88376658932865
3.6551140941234	0.88437413196211
3.6519972956511	0.88497832442657
3.6488858081792	0.88557913697931
3.6457796181442	0.88617653994386
3.6426787120292	0.88677050371260
3.6395830763628	0.88736099874945
3.6364926977196	0.88794799559253
3.6334075627197	0.88853146485680
3.6303276580286	0.88911137723674
3.6272529703569	0.88968770350905
3.6241834864603	0.89026041453530
3.6211191931393	0.89082948126463
3.6180600772387	0.89139487473644
3.6150061256481	0.89195656608312
3.6119573253012	0.89251452653267
3.6089136631756	0.89306872741147
3.6058751262930	0.89361914014696
3.6028417017185	0.89416573627034
3.5998133765610	0.89470848741929
3.5967901379724	0.89524736534067
3.5937719731479	0.89578234189322
3.5907588693257	0.89631338905030
3.5877508137865	0.89684047890256
3.5847477938539	0.89736358366067
3.5817497968937	0.89788267565803
3.5787568103140	0.89839772735346
3.5757688215649	0.89890871133392
3.5727858181385	0.89941560031718
3.5698077875685	0.89991836715456
3.5668347174301	0.90041698483357
3.5638665953400	0.90091142648067
3.5609034089559	0.90140166536387
3.5579451459767	0.90188767489546
3.5549917941421	0.90236942863470
3.5520433412322	0.90284690029042
3.5490997750681	0.90332006372374
3.5461610835108	0.90378889295069
3.5432272544616	0.90425336214489
3.5402982758621	0.90471344564014
3.5373741356932	0.90516911793306
3.5344548219759	0.90562035368575
3.5315403227706	0.90606712772835
3.5286306261770	0.90650941506164
3.5257257203340	0.90694719085967
3.5228255934195	0.90738043047230
3.5199302336503	0.90780910942775
3.5170396292820	0.90823320343520
3.5141537686086	0.90865268838729
3.5112726399625	0.90906754036266
3.5083962317145	0.90947773562847
3.5055245322732	0.90988325064286
3.5026575300853	0.91028406205748
3.4997952136353	0.91068014671993
3.4969375714452	0.91107148167621
3.4940845920746	0.91145804417316
3.4912362641202	0.91183981166088
3.4883925762160	0.91221676179511
3.4855535170329	0.91258887243965
3.4827190752788	0.91295612166868
3.4798892396982	0.91331848776914
3.4770639990721	0.91367594924303
3.4742433422181	0.91402848480971
3.4714272579898	0.91437607340821
3.4686157352771	0.91471869419949
3.4658087630058	0.91505632656865
3.4630063301375	0.91538895012718
3.4602084256694	0.91571654471515
3.4574150386345	0.91603909040337
3.4546261581009	0.91635656749557
3.4518417731721	0.91666895653049
3.4490618729867	0.91697623828402
3.4462864467180	0.91727839377125
3.4435154835745	0.91757540424854
3.4407489727993	0.91786725121553
3.4379869036697	0.91815391641716
3.4352292654979	0.91843538184562
3.4324760476300	0.91871162974234
3.4297272394463	0.91898264259986
3.4269828303612	0.91924840316374
3.4242428098230	0.91950889443445
3.4215071673134	0.91976409966916
3.4187758923480	0.92001400238358
3.4160489744758	0.92025858635373
3.4133264032791	0.92049783561767
3.4106081683732	0.92073173447723
3.4078942594066	0.92096026749970
3.4051846660609	0.92118341951947
3.4024793780502	0.92140117563966
3.3997783851213	0.92161352123372
3.3970816770538	0.92182044194696
3.3943892436594	0.92202192369812
3.3917010747822	0.92221795268083
3.3890171602984	0.92240851536507
3.3863374901163	0.92259359849863
3.3836620541761	0.92277318910845
3.3809908424495	0.92294727450203
3.3783238449403	0.92311584226872
3.3756610516834	0.92327888028103
3.3730024527453	0.92343637669587
3.3703480382237	0.92358831995578
3.3676977982476	0.92373469879010
3.3650517229768	0.92387550221612
3.3624098026021	0.92401071954023
3.3597720273451	0.92414034035891
3.3571383874580	0.92426435455985
3.3545088732237	0.92438275232291
3.3518834749553	0.92449552412110
3.3492621829963	0.92460266072150
3.3466449877205	0.92470415318614
3.3440318795315	0.92479999287285
3.3414228488631	0.92489017143612
3.3388178861789	0.92497468082780
3.3362169819720	0.92505351329790
3.3336201267653	0.92512666139524
3.3310273111111	0.92519411796816
