#Parameters = {thARC=0.4; nARC=1; thsub=1; p=1; nSub=2}
#"Wavelength / um"	"T (219) [Real Part]"
#---------------------------------------
14.989622900000	0.88888871899891
14.937342202292	0.88888875418220
14.885424925521	0.88888878829123
14.833867293419	0.88888882133997
14.782665581854	0.88888885334235
14.731816117936	0.88888888431218
14.681315279138	0.88888891426325
14.631159492435	0.88888894320924
14.581345233463	0.88888897116377
14.531869025691	0.88888899814037
14.482727439614	0.88888902415252
14.433917091960	0.88888904921360
14.385434644914	0.88888907333693
14.337276805356	0.88888909653575
14.289440324118	0.88888911882323
14.241921995249	0.88888914021244
14.194718655303	0.88888916071642
14.147827182633	0.88888918034808
14.101244496707	0.88888919912030
14.054967557431	0.88888921704586
14.008993364486	0.88888923413746
13.963318956684	0.88888925040774
13.917941411328	0.88888926586926
13.872857843591	0.88888928053448
13.828065405904	0.88888929441582
13.783561287356	0.88888930752559
13.739342713107	0.88888931987605
13.695406943810	0.88888933147935
13.651751275046	0.88888934234760
13.608373036768	0.88888935249282
13.565269592760	0.88888936192692
13.522438340099	0.88888937066179
13.479876708633	0.88888937870919
13.437582160466	0.88888938608083
13.395552189455	0.88888939278834
13.353784320713	0.88888939884327
13.312276110124	0.88888940425708
13.271025143869	0.88888940904118
13.230029037952	0.88888941320686
13.189285437747	0.88888941676537
13.148792017544	0.88888941972786
13.108546480105	0.88888942210542
13.068546556234	0.88888942390904
13.028790004346	0.88888942514965
12.989274610052	0.88888942583809
12.949998185745	0.88888942598512
12.910958570198	0.88888942560144
12.872153628167	0.88888942469764
12.833581250000	0.88888942328426
12.795239351259	0.88888942137176
12.757125872340	0.88888941897049
12.719238778108	0.88888941609076
12.681576057530	0.88888941274278
12.644135723323	0.88888940893669
12.606915811606	0.88888940468254
12.569914381551	0.88888939999031
12.533129515050	0.88888939486991
12.496559316382	0.88888938933116
12.460201911887	0.88888938338379
12.424055449648	0.88888937703748
12.388118099174	0.88888937030180
12.352388051092	0.88888936318628
12.316863516845	0.88888935570032
12.281542728390	0.88888934785330
12.246423937908	0.88888933965447
12.211505417515	0.88888933111304
12.176785458976	0.88888932223811
12.142262373431	0.88888931303873
12.107934491115	0.88888930352384
12.073800161095	0.88888929370235
12.039857751004	0.88888928358303
12.006105646776	0.88888927317463
11.972542252396	0.88888926248579
11.939165989646	0.88888925152506
11.905975297855	0.88888924030096
11.872968633663	0.88888922882188
11.840144470774	0.88888921709616
11.807501299724	0.88888920513206
11.775037627651	0.88888919293776
11.742751978065	0.88888918052136
11.710642890625	0.88888916789088
11.678708920919	0.88888915505428
11.646948640249	0.88888914201942
11.615360635413	0.88888912879410
11.583943508501	0.88888911538603
11.552695876686	0.88888910180285
11.521616372022	0.88888908805213
11.490703641242	0.88888907414134
11.459956345566	0.88888906007791
11.429373160503	0.88888904586916
11.398952775665	0.88888903152234
11.368693894577	0.88888901704465
11.338595234493	0.88888900244318
11.308655526217	0.88888898772496
11.278873513920	0.88888897289695
11.249247954972	0.88888895796602
11.219777619760	0.88888894293897
11.190461291527	0.88888892782254
11.161297766195	0.88888891262336
11.132285852209	0.88888889734803
11.103424370370	0.88888888200303
11.074712153676	0.88888886659479
11.046148047163	0.88888885112968
11.017730907755	0.88888883561396
10.989459604106	0.88888882005383
10.961333016453	0.88888880445544
10.933350036470	0.88888878882482
10.905509567115	0.88888877316797
10.877810522496	0.88888875749080
10.850251827723	0.88888874179913
10.822832418773	0.88888872609873
10.795551242348	0.88888871039528
10.768407255747	0.88888869469441
10.741399426729	0.88888867900166
10.714526733381	0.88888866332249
10.687788163993	0.88888864766231
10.661182716927	0.88888863202644
10.634709400497	0.88888861642014
10.608367232838	0.88888860084859
10.582155241793	0.88888858531690
10.556072464789	0.88888856983012
10.530117948718	0.88888855439321
10.504290749825	0.88888853901106
10.478589933590	0.88888852368852
10.453014574616	0.88888850843034
10.427563756522	0.88888849324120
10.402236571825	0.88888847812572
10.377032121841	0.88888846308846
10.351949516575	0.88888844813389
10.326987874612	0.88888843326641
10.302146323024	0.88888841849038
10.277423997257	0.88888840381007
10.252820041040	0.88888838922967
10.228333606278	0.88888837475332
10.203963852961	0.88888836038509
10.179709949066	0.88888834612899
10.155571070461	0.88888833198893
10.131546400811	0.88888831796879
10.107635131490	0.88888830407237
10.083836461487	0.88888829030340
10.060149597315	0.88888827666553
10.036573752929	0.88888826316238
10.013108149633	0.88888824979747
9.9897520159947	0.88888823657427
9.9665045877660	0.88888822349618
9.9433651077944	0.88888821056654
9.9203328259431	0.88888819778861
9.8974069990096	0.88888818516562
9.8745868906456	0.88888817270069
9.8518717712783	0.88888816039692
9.8292609180328	0.88888814825730
9.8067536146549	0.88888813628480
9.7843491514360	0.88888812448230
9.7620468251384	0.88888811285263
9.7398459389214	0.88888810139855
9.7177458022690	0.88888809012277
9.6957457309185	0.88888807902791
9.6738450467893	0.88888806811655
9.6520430779137	0.88888805739122
9.6303391583681	0.88888804685436
9.6087326282051	0.88888803650837
9.5872228333866	0.88888802635558
9.5658091257179	0.88888801639826
9.5444908627826	0.88888800663862
9.5232674078780	0.88888799707882
9.5021381299525	0.88888798772096
9.4811024035421	0.88888797856705
9.4601596087094	0.88888796961909
9.4393091309824	0.88888796087898
9.4185503612944	0.88888795234859
9.3978826959248	0.88888794402971
9.3773055364404	0.88888793592410
9.3568182896380	0.88888792803343
9.3364203674868	0.88888792035934
9.3161111870727	0.88888791290340
9.2958901705426	0.88888790566712
9.2757567450495	0.88888789865197
9.2557103426984	0.88888789185936
9.2357504004929	0.88888788529063
9.2158763602828	0.88888787894707
9.1960876687117	0.88888787282994
9.1763837771656	0.88888786694041
9.1567641417227	0.88888786127962
9.1372282231027	0.88888785584865
9.1177754866180	0.88888785064852
9.0984054021244	0.88888784568021
9.0791174439733	0.88888784094464
9.0599110909640	0.88888783644267
9.0407858262967	0.88888783217513
9.0217411375263	0.88888782814277
9.0027765165165	0.88888782434631
8.9838914593947	0.88888782078642
8.9650854665072	0.88888781746370
8.9463580423754	0.88888781437872
8.9277086956522	0.88888781153199
8.9091369390788	0.88888780892397
8.8906422894425	0.88888780655508
8.8722242675348	0.88888780442569
8.8538823981099	0.88888780253610
8.8356162098438	0.88888780088659
8.8174252352941	0.88888779947738
8.7993090108600	0.88888779830864
8.7812670767428	0.88888779738049
8.7632989769073	0.88888779669303
8.7454042590432	0.88888779624628
8.7275824745269	0.88888779604023
8.7098331783847	0.88888779607483
8.6921559292549	0.88888779634996
8.6745502893519	0.88888779686548
8.6570158244297	0.88888779762121
8.6395521037464	0.88888779861690
8.6221587000288	0.88888779985227
8.6048351894374	0.88888780132700
8.5875811515325	0.88888780304072
8.5703961692396	0.88888780499303
8.5532798288160	0.88888780718347
8.5362317198178	0.88888780961155
8.5192514350668	0.88888781227674
8.5023385706183	0.88888781517846
8.4854927257288	0.88888781831608
8.4687135028249	0.88888782168897
8.4520005074711	0.88888782529641
8.4353533483399	0.88888782913767
8.4187716371806	0.88888783321197
8.4022549887892	0.88888783751851
8.3858030209790	0.88888784205642
8.3694153545505	0.88888784682482
8.3530916132627	0.88888785182276
8.3368314238042	0.88888785704930
8.3206344157646	0.88888786250342
8.3045002216066	0.88888786818408
8.2884284766381	0.88888787409020
8.2724188189845	0.88888788022067
8.2564708895621	0.88888788657435
8.2405843320506	0.88888789315004
8.2247587928669	0.88888789994653
8.2089939211391	0.88888790696257
8.1932893686800	0.88888791419687
8.1776447899618	0.88888792164810
8.1620598420909	0.88888792931492
8.1465341847826	0.88888793719593
8.1310674803363	0.88888794528972
8.1156593936113	0.88888795359483
8.1003095920022	0.88888796210979
8.0850177454153	0.88888797083307
8.0697835262450	0.88888797976313
8.0546066093498	0.88888798889839
8.0394866720300	0.88888799823724
8.0244233940043	0.88888800777806
8.0094164573871	0.88888801751917
7.9944655466667	0.88888802745887
7.9795703486825	0.88888803759545
7.9647305526036	0.88888804792715
7.9499458499072	0.88888805845218
7.9352159343568	0.88888806916875
7.9205405019815	0.88888808007501
7.9059192510549	0.88888809116910
7.8913518820742	0.88888810244914
7.8768380977404	0.88888811391321
7.8623776029373	0.88888812555937
7.8479701047120	0.88888813738566
7.8336153122550	0.88888814939007
7.8193129368805	0.88888816157061
7.8050626920073	0.88888817392522
7.7908642931393	0.88888818645184
7.7767174578470	0.88888819914840
7.7626219057483	0.88888821201277
7.7485773584906	0.88888822504283
7.7345835397317	0.88888823823642
7.7206401751223	0.88888825159137
7.7067469922879	0.88888826510547
7.6929037208109	0.88888827877651
7.6791100922131	0.88888829260225
7.6653658399386	0.88888830658043
7.6516706993364	0.88888832070877
7.6380244076433	0.88888833498496
7.6244267039674	0.88888834940669
7.6108773292714	0.88888836397162
7.5973760263558	0.88888837867739
7.5839225398432	0.88888839352164
7.5705166161616	0.88888840850196
7.5571580035291	0.88888842361594
7.5438464519376	0.88888843886117
7.5305817131374	0.88888845423519
7.5173635406219	0.88888846973555
7.5041916896120	0.88888848535977
7.4910659170415	0.88888850110536
7.4779859815415	0.88888851696982
7.4649516434263	0.88888853295061
7.4519626646781	0.88888854904522
7.4390188089330	0.88888856525108
7.4261198414664	0.88888858156563
7.4132655291790	0.88888859798631
7.4004556405826	0.88888861451051
7.3876899457861	0.88888863113564
7.3749682164822	0.88888864785908
7.3622902259332	0.88888866467821
7.3496557489581	0.88888868159039
7.3370645619187	0.88888869859296
7.3245164427071	0.88888871568328
7.3120111707317	0.88888873285867
7.2995485269053	0.88888875011646
7.2871282936315	0.88888876745394
7.2747502547925	0.88888878486843
7.2624141957364	0.88888880235722
7.2501199032648	0.88888881991758
7.2378671656205	0.88888883754681
7.2256557724753	0.88888885524215
7.2134855149182	0.88888887300088
7.2013561854432	0.88888889082025
7.1892675779376	0.88888890869750
7.1772194876706	0.88888892662988
7.1652117112811	0.88888894461461
7.1532440467669	0.88888896264893
7.1413162934731	0.88888898073005
7.1294282520809	0.88888899885520
7.1175797245964	0.88888901702159
7.1057705143399	0.88888903522643
7.0940004259347	0.88888905346692
7.0822692652965	0.88888907174026
7.0705768396226	0.88888909004365
7.0589229573817	0.88888910837428
7.0473074283028	0.88888912672935
7.0357300633654	0.88888914510605
7.0241906747891	0.88888916350156
7.0126890760234	0.88888918191308
7.0012250817375	0.88888920033777
6.9897985078107	0.88888921877284
6.9784091713222	0.88888923721546
6.9670568905415	0.88888925566281
6.9557414849188	0.88888927411208
6.9444627750753	0.88888929256045
6.9332205827937	0.88888931100511
6.9220147310090	0.88888932944324
6.9108450437990	0.88888934787203
6.8997113463751	0.88888936628866
6.8886134650735	0.88888938469033
6.8775512273457	0.88888940307422
6.8665244617499	0.88888942143755
6.8555329979419	0.88888943977749
6.8445766666667	0.88888945809126
6.8336552997493	0.88888947637605
6.8227687300865	0.88888949462909
6.8119167916383	0.88888951284757
6.8010993194192	0.88888953102873
6.7903161494904	0.88888954916978
6.7795671189507	0.88888956726795
6.7688520659291	0.88888958532047
6.7581708295762	0.88888960332459
6.7475232500563	0.88888962127754
6.7369091685393	0.88888963917659
6.7263284271932	0.88888965701898
6.7157808691756	0.88888967480199
6.7052663386267	0.88888969252289
6.6947846806610	0.88888971017896
6.6843357413601	0.88888972776748
6.6739193677649	0.88888974528576
6.6635354078684	0.88888976273109
6.6531837106081	0.88888978010080
6.6428641258586	0.88888979739220
6.6325765044248	0.88888981460264
6.6223206980340	0.88888983172944
6.6120965593295	0.88888984876996
6.6019039418630	0.88888986572157
6.5917427000879	0.88888988258164
6.5816126893524	0.88888989934755
6.5715137658922	0.88888991601669
6.5614457868243	0.88888993258647
6.5514086101399	0.88888994905432
6.5414020946978	0.88888996541765
6.5314261002179	0.88888998167391
6.5214804872743	0.88888999782056
6.5115651172893	0.88889001385506
6.5016798525266	0.88889002977489
6.4918245560849	0.88889004557754
6.4819990918919	0.88889006126053
6.4722033246978	0.88889007682136
6.4624371200690	0.88889009225758
6.4527003443823	0.88889010756674
6.4429928648184	0.88889012274639
6.4333145493562	0.88889013779412
6.4236652667667	0.88889015270752
6.4140448866068	0.88889016748419
6.4044532792138	0.88889018212176
6.3948903156997	0.88889019661787
6.3853558679446	0.88889021097018
6.3758498085921	0.88889022517635
6.3663720110427	0.88889023923408
6.3569223494487	0.88889025314107
6.3475006987084	0.88889026689504
6.3381069344609	0.88889028049374
6.3287409330800	0.88889029393491
6.3194025716695	0.88889030721634
6.3100917280572	0.88889032033581
6.3008082807902	0.88889033329114
6.2915521091291	0.88889034608015
6.2823230930427	0.88889035870069
6.2731211132036	0.88889037115064
6.2639460509820	0.88889038342787
6.2547977884415	0.88889039553028
6.2456762083333	0.88889040745581
6.2365811940919	0.88889041920240
6.2275126298297	0.88889043076800
6.2184704003319	0.88889044215061
6.2094543910522	0.88889045334822
6.2004644881075	0.88889046435887
6.1915005782734	0.88889047518059
6.1825625489792	0.88889048581146
6.1736502883031	0.88889049624955
6.1647636849681	0.88889050649298
6.1559026283368	0.88889051653988
6.1470670084068	0.88889052638840
6.1382567158067	0.88889053603671
6.1294716417910	0.88889054548300
6.1207116782360	0.88889055472550
6.1119767176351	0.88889056376245
6.1032666530945	0.88889057259210
6.0945813783289	0.88889058121275
6.0859207876573	0.88889058962270
6.0772847759984	0.88889059782028
6.0686732388664	0.88889060580384
6.0600860723671	0.88889061357178
6.0515231731934	0.88889062112248
6.0429844386212	0.88889062845437
6.0344697665056	0.88889063556590
6.0259790552764	0.88889064245555
6.0175122039342	0.88889064912181
6.0090691120465	0.88889065556321
6.0006496797438	0.88889066177829
5.9922538077154	0.88889066776562
5.9838813972056	0.88889067352380
5.9755323500100	0.88889067905146
5.9672065684713	0.88889068434723
5.9589039554760	0.88889068940980
5.9506244144502	0.88889069423785
5.9423678493558	0.88889069883011
5.9341341646873	0.88889070318533
5.9259232654675	0.88889070730228
5.9177350572444	0.88889071117977
5.9095694460871	0.88889071481662
5.9014263385827	0.88889071821168
5.8933056418321	0.88889072136383
5.8852072634472	0.88889072427198
5.8771311115468	0.88889072693506
5.8690770947533	0.88889072935203
5.8610451221896	0.88889073152187
5.8530351034752	0.88889073344360
5.8450469487229	0.88889073511626
5.8370805685358	0.88889073653891
5.8291358740035	0.88889073771064
5.8212127766990	0.88889073863059
5.8133111886756	0.88889073929789
5.8054310224632	0.88889073971172
5.7975721910656	0.88889073987129
5.7897346079567	0.88889073977583
5.7819181870781	0.88889073942459
5.7741228428351	0.88889073881688
5.7663484900942	0.88889073795199
5.7585950441798	0.88889073682927
5.7508624208709	0.88889073544810
5.7431505363985	0.88889073380788
5.7354593074421	0.88889073190803
5.7277886511272	0.88889072974801
5.7201384850219	0.88889072732730
5.7125087271341	0.88889072464542
5.7048992959087	0.88889072170190
5.6973101102242	0.88889071849633
5.6897410893908	0.88889071502829
5.6821921531463	0.88889071129742
5.6746632216544	0.88889070730338
5.6671542155009	0.88889070304584
5.6596650556919	0.88889069852452
5.6521956636501	0.88889069373917
5.6447459612126	0.88889068868955
5.6373158706281	0.88889068337548
5.6299053145540	0.88889067779677
5.6225142160540	0.88889067195330
5.6151424985952	0.88889066584494
5.6077900860456	0.88889065947161
5.6004569026714	0.88889065283327
5.5931428731343	0.88889064592988
5.5858479224893	0.88889063876146
5.5785719761816	0.88889063132803
5.5713149600446	0.88889062362966
5.5640768002970	0.88889061566645
5.5568574235403	0.88889060743852
5.5496567567568	0.88889059894602
5.5424747273063	0.88889059018912
5.5353112629247	0.88889058116805
5.5281662917204	0.88889057188303
5.5210397421731	0.88889056233434
5.5139315431304	0.88889055252229
5.5068416238060	0.88889054244718
5.4997699137773	0.88889053210939
5.4927163429828	0.88889052150930
5.4856808417200	0.88889051064732
5.4786633406433	0.88889049952391
5.4716637707611	0.88889048813952
5.4646820634342	0.88889047649468
5.4577181503732	0.88889046458990
5.4507719636364	0.88889045242576
5.4438434356274	0.88889044000284
5.4369324990932	0.88889042732176
5.4300390871219	0.88889041438318
5.4231631331404	0.88889040118777
5.4163045709124	0.88889038773624
5.4094633345363	0.88889037402932
5.4026393584430	0.88889036006779
5.3958325773938	0.88889034585244
5.3890429264785	0.88889033138408
5.3822703411131	0.88889031666358
5.3755147570378	0.88889030169181
5.3687761103152	0.88889028646968
5.3620543373278	0.88889027099814
5.3553493747767	0.88889025527814
5.3486611596789	0.88889023931069
5.3419896293656	0.88889022309681
5.3353347214807	0.88889020663754
5.3286963739780	0.88889018993398
5.3220745251198	0.88889017298724
5.3154691134752	0.88889015579844
5.3088800779175	0.88889013836875
5.3023073576229	0.88889012069937
5.2957508920685	0.88889010279152
5.2892106210303	0.88889008464645
5.2826864845815	0.88889006626544
5.2761784230905	0.88889004764979
5.2696863772192	0.88889002880083
5.2632102879213	0.88889000971992
5.2567500964405	0.88888999040846
5.2503057443082	0.88888997086785
5.2438771733427	0.88888995109953
5.2374643256464	0.88888993110499
5.2310671436050	0.88888991088571
5.2246855698850	0.88888989044321
5.2183195474326	0.88888986977905
5.2119690194715	0.88888984889480
5.2056339295016	0.88888982779207
5.1993142212973	0.88888980647249
5.1930098389052	0.88888978493770
5.1867207266436	0.88888976318940
5.1804468290997	0.88888974122929
5.1741880911288	0.88888971905910
5.1679444578521	0.88888969668061
5.1617158746556	0.88888967409558
5.1555022871883	0.88888965130583
5.1493036413604	0.88888962831321
5.1431198833419	0.88888960511956
5.1369509595613	0.88888958172678
5.1307968167037	0.88888955813678
5.1246574017094	0.88888953435150
5.1185326617722	0.88888951037290
5.1124225443383	0.88888948620296
5.1063269971044	0.88888946184369
5.1002459680163	0.88888943729713
5.0941794052676	0.88888941256534
5.0881272572980	0.88888938765040
5.0820894727920	0.88888936255442
5.0760660006773	0.88888933727953
5.0700567901235	0.88888931182787
5.0640617905405	0.88888928620163
5.0580809515775	0.88888926040301
5.0521142231210	0.88888923443422
5.0461615552937	0.88888920829752
5.0402228984533	0.88888918199517
5.0342982031906	0.88888915552946
5.0283874203287	0.88888912890270
5.0224905009214	0.88888910211724
5.0166073962517	0.88888907517541
5.0107380578305	0.88888904807961
5.0048824373957	0.88888902083223
4.9990404869101	0.88888899343568
4.9932121585610	0.88888896589243
4.9873974047579	0.88888893820491
4.9815961781323	0.88888891037562
4.9758084315353	0.88888888240706
4.9700341180371	0.88888885430175
4.9642731909256	0.88888882606224
4.9585256037049	0.88888879769109
4.9527913100942	0.88888876919087
4.9470702640264	0.88888874056420
4.9413624196473	0.88888871181370
4.9356677313138	0.88888868294200
4.9299861535932	0.88888865395176
4.9243176412615	0.88888862484566
4.9186621493027	0.88888859562640
4.9130196329072	0.88888856629669
4.9073900474709	0.88888853685925
4.9017733485939	0.88888850731684
4.8961694920790	0.88888847767223
4.8905784339315	0.88888844792820
4.8850001303569	0.88888841808754
4.8794345377604	0.88888838815307
4.8738816127459	0.88888835812763
4.8683413121143	0.88888832801407
4.8628135928629	0.88888829781525
4.8572984121841	0.88888826753404
4.8517957274640	0.88888823717336
4.8463054962819	0.88888820673610
4.8408276764088	0.88888817622519
4.8353622258065	0.88888814564358
4.8299091026261	0.88888811499421
4.8244682652076	0.88888808428006
4.8190396720784	0.88888805350412
4.8136232819525	0.88888802266936
4.8082190537289	0.88888799177881
4.8028269464915	0.88888796083549
4.7974469195071	0.88888792984244
4.7920789322251	0.88888789880269
4.7867229442759	0.88888786771931
4.7813789154705	0.88888783659538
4.7760468057989	0.88888780543397
4.7707265754297	0.88888777423818
4.7654181847083	0.88888774301112
4.7601215941569	0.88888771175591
4.7548367644726	0.88888768047566
4.7495636565272	0.88888764917352
4.7443022313657	0.88888761785264
4.7390524502055	0.88888758651617
4.7338142744355	0.88888755516728
4.7285876656151	0.88888752380915
4.7233725854735	0.88888749244496
4.7181689959081	0.88888746107790
4.7129768589844	0.88888742971117
4.7077961369347	0.88888739834799
4.7026267921569	0.88888736699156
4.6974687872140	0.88888733564512
4.6923220848333	0.88888730431189
4.6871866479049	0.88888727299511
4.6820624394815	0.88888724169803
4.6769494227769	0.88888721042390
4.6718475611657	0.88888717917596
4.6667568181818	0.88888714795749
4.6616771575183	0.88888711677174
4.6566085430258	0.88888708562199
4.6515509387122	0.88888705451152
4.6465043087415	0.88888702344360
4.6414686174330	0.88888699242152
4.6364438292607	0.88888696144856
4.6314299088522	0.88888693052802
4.6264268209877	0.88888689966318
4.6214345305997	0.88888686885735
4.6164530027718	0.88888683811381
4.6114822027380	0.88888680743588
4.6065220958820	0.88888677682684
4.6015726477360	0.88888674629001
4.5966338239804	0.88888671582869
4.5917055904426	0.88888668544618
4.5867879130967	0.88888665514578
4.5818807580621	0.88888662493079
4.5769840916031	0.88888659480453
4.5720978801281	0.88888656477030
4.5672220901889	0.88888653483138
4.5623566884797	0.88888650499110
4.5575016418364	0.88888647525273
4.5526569172361	0.88888644561958
4.5478224817961	0.88888641609495
4.5429983027731	0.88888638668211
4.5381843475628	0.88888635738437
4.5333805836988	0.88888632820500
4.5285869788520	0.88888629914727
4.5238035008299	0.88888627021448
4.5190301175761	0.88888624140988
4.5142667971691	0.88888621273675
4.5095135078219	0.88888618419834
4.5047702178813	0.88888615579790
4.5000368958271	0.88888612753870
4.4953135102714	0.88888609942396
4.4906000299581	0.88888607145692
4.4858964237618	0.88888604364081
4.4812026606876	0.88888601597885
4.4765187098701	0.88888598847426
4.4718445405728	0.88888596113023
4.4671801221875	0.88888593394997
4.4625254242334	0.88888590693666
4.4578804163569	0.88888588009347
4.4532450683304	0.88888585342358
4.4486193500519	0.88888582693013
4.4440032315446	0.88888580061629
4.4393966829557	0.88888577448517
4.4347996745562	0.88888574853992
4.4302121767401	0.88888572278364
4.4256341600236	0.88888569721942
4.4210655950450	0.88888567185037
4.4165064525633	0.88888564667956
4.4119567034584	0.88888562171004
4.4074163187298	0.88888559694488
4.4028852694963	0.88888557238709
4.3983635269953	0.88888554803971
4.3938510625824	0.88888552390575
4.3893478477306	0.88888549998818
4.3848538540295	0.88888547628999
4.3803690531853	0.88888545281415
4.3758934170194	0.88888542956358
4.3714269174686	0.88888540654122
4.3669695265841	0.88888538374999
4.3625212165309	0.88888536119277
4.3580819595871	0.88888533887244
4.3536517281441	0.88888531679185
4.3492304947048	0.88888529495385
4.3448182318841	0.88888527336126
4.3404149124077	0.88888525201687
4.3360205091119	0.88888523092346
4.3316349949429	0.88888521008381
4.3272583429561	0.88888518950064
4.3228905263158	0.88888516917668
4.3185315182944	0.88888514911462
4.3141812922723	0.88888512931715
4.3098398217366	0.88888510978692
4.3055070802815	0.88888509052655
4.3011830416069	0.88888507153866
4.2968676795184	0.88888505282584
4.2925609679267	0.88888503439064
4.2882628808468	0.88888501623562
4.2839733923978	0.88888499836327
4.2796924768023	0.88888498077609
4.2754201083856	0.88888496347654
4.2711562615757	0.88888494646707
4.2669009109024	0.88888492975008
4.2626540309967	0.88888491332797
4.2584155965909	0.88888489720308
4.2541855825174	0.88888488137776
4.2499639637085	0.88888486585431
4.2457507151961	0.88888485063500
4.2415458121109	0.88888483572209
4.2373492296820	0.88888482111779
4.2331609432364	0.88888480682429
4.2289809281986	0.88888479284376
4.2248091600902	0.88888477917832
4.2206456145291	0.88888476583008
4.2164902672293	0.88888475280110
4.2123430940003	0.88888474009343
4.2082040707468	0.88888472770907
4.2040731734680	0.88888471565000
4.1999503782572	0.88888470391816
4.1958356613016	0.88888469251546
4.1917289988814	0.88888468144377
4.1876303673697	0.88888467070495
4.1835397432319	0.88888466030079
4.1794571030252	0.88888465023308
4.1753824233983	0.88888464050355
4.1713156810909	0.88888463111392
4.1672568529330	0.88888462206584
4.1632059158450	0.88888461336096
4.1591628468368	0.88888460500087
4.1551276230076	0.88888459698713
4.1511002215453	0.88888458932126
4.1470806197261	0.88888458200476
4.1430687949143	0.88888457503906
4.1390647245616	0.88888456842558
4.1350683862069	0.88888456216569
4.1310797574755	0.88888455626072
4.1270988160793	0.88888455071197
4.1231255398157	0.88888454552068
4.1191599065677	0.88888454068806
4.1152018943034	0.88888453621530
4.1112514810752	0.88888453210351
4.1073086450199	0.88888452835380
4.1033733643581	0.88888452496719
4.0994456173937	0.88888452194471
4.0955253825137	0.88888451928731
4.0916126381875	0.88888451699590
4.0877073629670	0.88888451507137
4.0838095354856	0.88888451351455
4.0799191344584	0.88888451232622
4.0760361386812	0.88888451150713
4.0721605270307	0.88888451105797
4.0682922784638	0.88888451097940
4.0644313720174	0.88888451127202
4.0605777868075	0.88888451193639
4.0567315020298	0.88888451297303
4.0528924969582	0.88888451438240
4.0490607509454	0.88888451616493
4.0452362434219	0.88888451832097
4.0414189538959	0.88888452085087
4.0376088619529	0.88888452375488
4.0338059472551	0.88888452703324
4.0300101895416	0.88888453068613
4.0262215686274	0.88888453471367
4.0224400644036	0.88888453911594
4.0186656568365	0.88888454389297
4.0148983259676	0.88888454904472
4.0111380519133	0.88888455457113
4.0073848148643	0.88888456047208
4.0036385950855	0.88888456674737
3.9998993729153	0.88888457339678
3.9961671287657	0.88888458042003
3.9924418431216	0.88888458781678
3.9887234965407	0.88888459558664
3.9850120696531	0.88888460372916
3.9813075431607	0.88888461224385
3.9776098978373	0.88888462113015
3.9739191145281	0.88888463038747
3.9702351741491	0.88888464001512
3.9665580576872	0.88888465001241
3.9628877461996	0.88888466037854
3.9592242208135	0.88888467111270
3.9555674627260	0.88888468221399
3.9519174532033	0.88888469368147
3.9482741735809	0.88888470551414
3.9446376052632	0.88888471771094
3.9410077297226	0.88888473027075
3.9373845285001	0.88888474319239
3.9337679832043	0.88888475647463
3.9301580755113	0.88888477011617
3.9265547871644	0.88888478411567
3.9229580999738	0.88888479847170
3.9193679958164	0.88888481318280
3.9157844566353	0.88888482824742
3.9122074644395	0.88888484366398
3.9086370013038	0.88888485943081
3.9050730493682	0.88888487554620
3.9015155908381	0.88888489200837
3.8979646079834	0.88888490881547
3.8944200831385	0.88888492596560
3.8908819987021	0.88888494345679
3.8873503371369	0.88888496128701
3.8838250809690	0.88888497945416
3.8803062127880	0.88888499795608
3.8767937152463	0.88888501679056
3.8732875710594	0.88888503595529
3.8697877630050	0.88888505544793
3.8662942739231	0.88888507526606
3.8628070867156	0.88888509540719
3.8593261843460	0.88888511586878
3.8558515498392	0.88888513664820
3.8523831662812	0.88888515774278
3.8489210168186	0.88888517914977
3.8454650846588	0.88888520086633
3.8420153530693	0.88888522288960
3.8385718053777	0.88888524521662
3.8351344249712	0.88888526784437
3.8317031952965	0.88888529076976
3.8282780998595	0.88888531398962
3.8248591222251	0.88888533750074
3.8214462460166	0.88888536129982
3.8180394549159	0.88888538538348
3.8146387326632	0.88888540974830
3.8112440630562	0.88888543439076
3.8078554299505	0.88888545930730
3.8044728172589	0.88888548449426
3.8010962089514	0.88888550994792
3.7977255890550	0.88888553566449
3.7943609416530	0.88888556164011
3.7910022508852	0.88888558787085
3.7876495009476	0.88888561435270
3.7843026760919	0.88888564108157
3.7809617606256	0.88888566805333
3.7776267389113	0.88888569526373
3.7742975953670	0.88888572270850
3.7709743144654	0.88888575038324
3.7676568807339	0.88888577828352
3.7643452787544	0.88888580640481
3.7610394931627	0.88888583474252
3.7577395086488	0.88888586329199
3.7544453099562	0.88888589204846
3.7511568818819	0.88888592100711
3.7478742092762	0.88888595016306
3.7445972770422	0.88888597951133
3.7413260701360	0.88888600904687
3.7380605735661	0.88888603876457
3.7348007723932	0.88888606865921
3.7315466517301	0.88888609872553
3.7282981967417	0.88888612895816
3.7250553926441	0.88888615935169
3.7218182247052	0.88888618990060
3.7185866782436	0.88888622059931
3.7153607386293	0.88888625144215
3.7121403912828	0.88888628242338
3.7089256216751	0.88888631353718
3.7057164153276	0.88888634477766
3.7025127578115	0.88888637613883
3.6993146347483	0.88888640761464
3.6961220318087	0.88888643919895
3.6929349347130	0.88888647088555
3.6897533292308	0.88888650266815
3.6865772011805	0.88888653454036
3.6834065364295	0.88888656649574
3.6802413208937	0.88888659852775
3.6770815405372	0.88888663062977
3.6739271813725	0.88888666279512
3.6707782294600	0.88888669501700
3.6676346709078	0.88888672728858
3.6644964918714	0.88888675960289
3.6613636785540	0.88888679195294
3.6582362172056	0.88888682433161
3.6551140941234	0.88888685673172
3.6519972956511	0.88888688914600
3.6488858081792	0.88888692156712
3.6457796181442	0.88888695398763
3.6426787120292	0.88888698640003
3.6395830763628	0.88888701879672
3.6364926977196	0.88888705117003
3.6334075627197	0.88888708351220
3.6303276580286	0.88888711581537
3.6272529703569	0.88888714807163
3.6241834864603	0.88888718027297
3.6211191931393	0.88888721241129
3.6180600772387	0.88888724447842
3.6150061256481	0.88888727646610
3.6119573253012	0.88888730836597
3.6089136631756	0.88888734016962
3.6058751262930	0.88888737186854
3.6028417017185	0.88888740345411
3.5998133765610	0.88888743491768
3.5967901379724	0.88888746625046
3.5937719731479	0.88888749744361
3.5907588693257	0.88888752848820
3.5877508137865	0.88888755937520
3.5847477938539	0.88888759009551
3.5817497968937	0.88888762063994
3.5787568103140	0.88888765099922
3.5757688215649	0.88888768116399
3.5727858181385	0.88888771112480
3.5698077875685	0.88888774087213
3.5668347174301	0.88888777039635
3.5638665953400	0.88888779968777
3.5609034089559	0.88888782873660
3.5579451459767	0.88888785753297
3.5549917941421	0.88888788606691
3.5520433412322	0.88888791432840
3.5490997750681	0.88888794230728
3.5461610835108	0.88888796999336
3.5432272544616	0.88888799737633
3.5402982758621	0.88888802444580
3.5373741356932	0.88888805119130
3.5344548219759	0.88888807760226
3.5315403227706	0.88888810366805
3.5286306261770	0.88888812937793
3.5257257203340	0.88888815472108
3.5228255934195	0.88888817968661
3.5199302336503	0.88888820426350
3.5170396292820	0.88888822844070
3.5141537686086	0.88888825220704
3.5112726399625	0.88888827555127
3.5083962317145	0.88888829846205
3.5055245322732	0.88888832092796
3.5026575300853	0.88888834293750
3.4997952136353	0.88888836447907
3.4969375714452	0.88888838554098
3.4940845920746	0.88888840611147
3.4912362641202	0.88888842617870
3.4883925762160	0.88888844573071
3.4855535170329	0.88888846475548
3.4827190752788	0.88888848324091
3.4798892396982	0.88888850117479
3.4770639990721	0.88888851854484
3.4742433422181	0.88888853533869
3.4714272579898	0.88888855154389
3.4686157352771	0.88888856714788
3.4658087630058	0.88888858213805
3.4630063301375	0.88888859650168
3.4602084256694	0.88888861022597
3.4574150386345	0.88888862329804
3.4546261581009	0.88888863570491
3.4518417731721	0.88888864743352
3.4490618729867	0.88888865847075
3.4462864467180	0.88888866880335
3.4435154835745	0.88888867841802
3.4407489727993	0.88888868730135
3.4379869036697	0.88888869543987
3.4352292654979	0.88888870282001
3.4324760476300	0.88888870942811
3.4297272394463	0.88888871525043
3.4269828303612	0.88888872027316
3.4242428098230	0.88888872448239
3.4215071673134	0.88888872786412
3.4187758923480	0.88888873040427
3.4160489744758	0.88888873208870
3.4133264032791	0.88888873290314
3.4106081683732	0.88888873283328
3.4078942594066	0.88888873186471
3.4051846660609	0.88888872998292
3.4024793780502	0.88888872717334
3.3997783851213	0.88888872342130
3.3970816770538	0.88888871871206
3.3943892436594	0.88888871303079
3.3917010747822	0.88888870636258
3.3890171602984	0.88888869869244
3.3863374901163	0.88888869000528
3.3836620541761	0.88888868028595
3.3809908424495	0.88888866951920
3.3783238449403	0.88888865768972
3.3756610516834	0.88888864478209
3.3730024527453	0.88888863078083
3.3703480382237	0.88888861567038
3.3676977982476	0.88888859943508
3.3650517229768	0.88888858205920
3.3624098026021	0.88888856352694
3.3597720273451	0.88888854382239
3.3571383874580	0.88888852292960
3.3545088732237	0.88888850083250
3.3518834749553	0.88888847751497
3.3492621829963	0.88888845296079
3.3466449877205	0.88888842715368
3.3440318795315	0.88888840007727
3.3414228488631	0.88888837171510
3.3388178861789	0.88888834205066
3.3362169819720	0.88888831106733
3.3336201267653	0.88888827874844
3.3310273111111	0.88888824507722
