#Parameters = {thARC=0.8; nARC=1.75; thsub=1; p=1; nSub=1}
#"Wavelength / um"	"T (24) [Real Part]"
#--------------------------------------
14.989622900000	0.90377133595650
14.937342202292	0.90323413002133
14.885424925521	0.90269664187094
14.833867293419	0.90215888278175
14.782665581854	0.90162086399914
14.731816117936	0.90108259673711
14.681315279138	0.90054409217807
14.631159492435	0.90000536147252
14.581345233463	0.89946641573879
14.531869025691	0.89892726606282
14.482727439614	0.89838792349783
14.433917091960	0.89784839906413
14.385434644914	0.89730870374886
14.337276805356	0.89676884850572
14.289440324118	0.89622884425472
14.241921995249	0.89568870188202
14.194718655303	0.89514843223960
14.147827182633	0.89460804614510
14.101244496707	0.89406755438157
14.054967557431	0.89352696769726
14.008993364486	0.89298629680541
13.963318956684	0.89244555238402
13.917941411328	0.89190474507565
13.872857843591	0.89136388548725
13.828065405904	0.89082298418991
13.783561287356	0.89028205171871
13.739342713107	0.88974109857250
13.695406943810	0.88920013521374
13.651751275046	0.88865917206830
13.608373036768	0.88811821952528
13.565269592760	0.88757728793688
13.522438340099	0.88703638761815
13.479876708633	0.88649552884689
13.437582160466	0.88595472186350
13.395552189455	0.88541397687074
13.353784320713	0.88487330403366
13.312276110124	0.88433271347942
13.271025143869	0.88379221529714
13.230029037952	0.88325181953775
13.189285437747	0.88271153621388
13.148792017544	0.88217137529969
13.108546480105	0.88163134673079
13.068546556234	0.88109146040404
13.028790004346	0.88055172617752
12.989274610052	0.88001215387031
12.949998185745	0.87947275326245
12.910958570198	0.87893353409481
12.872153628167	0.87839450606895
12.833581250000	0.87785567884706
12.795239351259	0.87731706205182
12.757125872340	0.87677866526633
12.719238778108	0.87624049803402
12.681576057530	0.87570256985851
12.644135723323	0.87516489020359
12.606915811606	0.87462746849309
12.569914381551	0.87409031411082
12.533129515050	0.87355343640047
12.496559316382	0.87301684466559
12.460201911887	0.87248054816943
12.424055449648	0.87194455613498
12.388118099174	0.87140887774482
12.352388051092	0.87087352214111
12.316863516845	0.87033849842548
12.281542728390	0.86980381565905
12.246423937908	0.86926948286233
12.211505417515	0.86873550901517
12.176785458976	0.86820190305674
12.142262373431	0.86766867388546
12.107934491115	0.86713583035899
12.073800161095	0.86660338129418
12.039857751004	0.86607133546704
12.006105646776	0.86553970161270
11.972542252396	0.86500848842541
11.939165989646	0.86447770455848
11.905975297855	0.86394735862430
11.872968633663	0.86341745919428
11.840144470774	0.86288801479887
11.807501299724	0.86235903392752
11.775037627651	0.86183052502870
11.742751978065	0.86130249650987
11.710642890625	0.86077495673747
11.678708920919	0.86024791403696
11.646948640249	0.85972137669276
11.615360635413	0.85919535294832
11.583943508501	0.85866985100606
11.552695876686	0.85814487902743
11.521616372022	0.85762044513291
11.490703641242	0.85709655740201
11.459956345566	0.85657322387329
11.429373160503	0.85605045254438
11.398952775665	0.85552825137204
11.368693894577	0.85500662827209
11.338595234493	0.85448559111955
11.308655526217	0.85396514774859
11.278873513920	0.85344530595259
11.249247954972	0.85292607348416
11.219777619760	0.85240745805518
11.190461291527	0.85188946733688
11.161297766195	0.85137210895979
11.132285852209	0.85085539051387
11.103424370370	0.85033931954850
11.074712153676	0.84982390357255
11.046148047163	0.84930915005444
11.017730907755	0.84879506642214
10.989459604106	0.84828166006327
10.961333016453	0.84776893832517
10.933350036470	0.84725690851489
10.905509567115	0.84674557789930
10.877810522496	0.84623495370514
10.850251827723	0.84572504311909
10.822832418773	0.84521585328779
10.795551242348	0.84470739131799
10.768407255747	0.84419966427652
10.741399426729	0.84369267919044
10.714526733381	0.84318644304707
10.687788163993	0.84268096279408
10.661182716927	0.84217624533956
10.634709400497	0.84167229755207
10.608367232838	0.84116912626078
10.582155241793	0.84066673825550
10.556072464789	0.84016514028677
10.530117948718	0.83966433906596
10.504290749825	0.83916434126534
10.478589933590	0.83866515351818
10.453014574616	0.83816678241882
10.427563756522	0.83766923452277
10.402236571825	0.83717251634680
10.377032121841	0.83667663436906
10.351949516575	0.83618159502910
10.326987874612	0.83568740472805
10.302146323024	0.83519406982867
10.277423997257	0.83470159665545
10.252820041040	0.83420999149472
10.228333606278	0.83371926059475
10.203963852961	0.83322941016586
10.179709949066	0.83274044638050
10.155571070461	0.83225237537337
10.131546400811	0.83176520324153
10.107635131490	0.83127893604450
10.083836461487	0.83079357980437
10.060149597315	0.83030914050589
10.036573752929	0.82982562409663
10.013108149633	0.82934303648705
9.9897520159947	0.82886138355060
9.9665045877660	0.82838067112390
9.9433651077944	0.82790090500677
9.9203328259431	0.82742209096241
9.8974069990096	0.82694423471751
9.8745868906456	0.82646734196231
9.8518717712783	0.82599141835079
9.8292609180328	0.82551646950077
9.8067536146549	0.82504250099399
9.7843491514360	0.82456951837630
9.7620468251384	0.82409752715770
9.7398459389214	0.82362653281256
9.7177458022690	0.82315654077965
9.6957457309185	0.82268755646234
9.6738450467893	0.82221958522866
9.6520430779137	0.82175263241149
9.6303391583681	0.82128670330864
9.6087326282051	0.82082180318300
9.5872228333866	0.82035793726267
9.5658091257179	0.81989511074106
9.5444908627826	0.81943332877707
9.5232674078780	0.81897259649519
9.5021381299525	0.81851291898560
9.4811024035421	0.81805430130439
9.4601596087094	0.81759674847360
9.4393091309824	0.81714026548141
9.4185503612944	0.81668485728225
9.3978826959248	0.81623052879694
9.3773055364404	0.81577728491283
9.3568182896380	0.81532513048393
9.3364203674868	0.81487407033104
9.3161111870727	0.81442410924190
9.2958901705426	0.81397525197132
9.2757567450495	0.81352750324131
9.2557103426984	0.81308086774123
9.2357504004929	0.81263535012792
9.2158763602828	0.81219095502583
9.1960876687117	0.81174768702720
9.1763837771656	0.81130555069215
9.1567641417227	0.81086455054882
9.1372282231027	0.81042469109356
9.1177754866180	0.80998597679103
9.0984054021244	0.80954841207433
9.0791174439733	0.80911200134519
9.0599110909640	0.80867674897406
9.0407858262967	0.80824265930029
9.0217411375263	0.80780973663222
9.0027765165165	0.80737798524740
8.9838914593947	0.80694740939267
8.9650854665072	0.80651801328430
8.9463580423754	0.80608980110818
8.9277086956522	0.80566277701992
8.9091369390788	0.80523694514503
8.8906422894425	0.80481230957902
8.8722242675348	0.80438887438756
8.8538823981099	0.80396664360664
8.8356162098438	0.80354562124271
8.8174252352941	0.80312581127279
8.7993090108600	0.80270721764467
8.7812670767428	0.80228984427698
8.7632989769073	0.80187369505940
8.7454042590432	0.80145877385279
8.7275824745269	0.80104508448930
8.7098331783847	0.80063263077254
8.6921559292549	0.80022141647774
8.6745502893519	0.79981144535183
8.6570158244297	0.79940272111369
8.6395521037464	0.79899524745417
8.6221587000288	0.79858902803633
8.6048351894374	0.79818406649554
8.5875811515325	0.79778036643963
8.5703961692396	0.79737793144904
8.5532798288160	0.79697676507696
8.5362317198178	0.79657687084946
8.5192514350668	0.79617825226565
8.5023385706183	0.79578091279784
8.4854927257288	0.79538485589164
8.4687135028249	0.79499008496612
8.4520005074711	0.79459660341396
8.4353533483399	0.79420441460162
8.4187716371806	0.79381352186941
8.4022549887892	0.79342392853170
8.3858030209790	0.79303563787703
8.3694153545505	0.79264865316825
8.3530916132627	0.79226297764269
8.3368314238042	0.79187861451226
8.3206344157646	0.79149556696364
8.3045002216066	0.79111383815836
8.2884284766381	0.79073343123301
8.2724188189845	0.79035434929931
8.2564708895621	0.78997659544431
8.2405843320506	0.78960017273051
8.2247587928669	0.78922508419598
8.2089939211391	0.78885133285451
8.1932893686800	0.78847892169579
8.1776447899618	0.78810785368547
8.1620598420909	0.78773813176536
8.1465341847826	0.78736975885357
8.1310674803363	0.78700273784460
8.1156593936113	0.78663707160952
8.1003095920022	0.78627276299608
8.0850177454153	0.78590981482890
8.0697835262450	0.78554822990951
8.0546066093498	0.78518801101660
8.0394866720300	0.78482916090605
8.0244233940043	0.78447168231117
8.0094164573871	0.78411557794272
7.9944655466667	0.78376085048916
7.9795703486825	0.78340750261670
7.9647305526036	0.78305553696948
7.9499458499072	0.78270495616968
7.9352159343568	0.78235576281766
7.9205405019815	0.78200795949210
7.9059192510549	0.78166154875013
7.8913518820742	0.78131653312747
7.8768380977404	0.78097291513852
7.8623776029373	0.78063069727654
7.8479701047120	0.78028988201379
7.8336153122550	0.77995047180159
7.8193129368805	0.77961246907052
7.8050626920073	0.77927587623053
7.7908642931393	0.77894069567104
7.7767174578470	0.77860692976110
7.7626219057483	0.77827458084953
7.7485773584906	0.77794365126500
7.7345835397317	0.77761414331619
7.7206401751223	0.77728605929194
7.7067469922879	0.77695940146132
7.6929037208109	0.77663417207378
7.6791100922131	0.77631037335930
7.6653658399386	0.77598800752848
7.6516706993364	0.77566707677268
7.6380244076433	0.77534758326416
7.6244267039674	0.77502952915616
7.6108773292714	0.77471291658306
7.5973760263558	0.77439774766050
7.5839225398432	0.77408402448547
7.5705166161616	0.77377174913648
7.5571580035291	0.77346092367364
7.5438464519376	0.77315155013879
7.5305817131374	0.77284363055565
7.5173635406219	0.77253716692988
7.5041916896120	0.77223216124926
7.4910659170415	0.77192861548376
7.4779859815415	0.77162653158571
7.4649516434263	0.77132591148984
7.4519626646781	0.77102675711348
7.4390188089330	0.77072907035662
7.4261198414664	0.77043285310205
7.4132655291790	0.77013810721547
7.4004556405826	0.76984483454559
7.3876899457861	0.76955303692426
7.3749682164822	0.76926271616659
7.3622902259332	0.76897387407105
7.3496557489581	0.76868651241956
7.3370645619187	0.76840063297766
7.3245164427071	0.76811623749456
7.3120111707317	0.76783332770329
7.2995485269053	0.76755190532079
7.2871282936315	0.76727197204802
7.2747502547925	0.76699352957008
7.2624141957364	0.76671657955631
7.2501199032648	0.76644112366041
7.2378671656205	0.76616716352051
7.2256557724753	0.76589470075933
7.2134855149182	0.76562373698423
7.2013561854432	0.76535427378736
7.1892675779376	0.76508631274574
7.1772194876706	0.76481985542138
7.1652117112811	0.76455490336136
7.1532440467669	0.76429145809795
7.1413162934731	0.76402952114872
7.1294282520809	0.76376909401660
7.1175797245964	0.76351017819005
7.1057705143399	0.76325277514308
7.0940004259347	0.76299688633543
7.0822692652965	0.76274251321259
7.0705768396226	0.76248965720596
7.0589229573817	0.76223831973292
7.0473074283028	0.76198850219694
7.0357300633654	0.76174020598765
7.0241906747891	0.76149343248097
7.0126890760234	0.76124818303918
7.0012250817375	0.76100445901102
6.9897985078107	0.76076226173182
6.9784091713222	0.76052159252351
6.9670568905415	0.76028245269482
6.9557414849188	0.76004484354126
6.9444627750753	0.75980876634531
6.9332205827937	0.75957422237646
6.9220147310090	0.75934121289129
6.9108450437990	0.75910973913361
6.8997113463751	0.75887980233448
6.8886134650735	0.75865140371238
6.8775512273457	0.75842454447321
6.8665244617499	0.75819922581046
6.8555329979419	0.75797544890522
6.8445766666667	0.75775321492635
6.8336552997493	0.75753252503046
6.8227687300865	0.75731338036211
6.8119167916383	0.75709578205381
6.8010993194192	0.75687973122612
6.7903161494904	0.75666522898778
6.7795671189507	0.75645227643571
6.7688520659291	0.75624087465517
6.7581708295762	0.75603102471981
6.7475232500563	0.75582272769172
6.7369091685393	0.75561598462156
6.7263284271932	0.75541079654862
6.7157808691756	0.75520716450088
6.7052663386267	0.75500508949511
6.6947846806610	0.75480457253695
6.6843357413601	0.75460561462095
6.6739193677649	0.75440821673070
6.6635354078684	0.75421237983887
6.6531837106081	0.75401810490727
6.6428641258586	0.75382539288699
6.6325765044248	0.75363424471838
6.6223206980340	0.75344466133121
6.6120965593295	0.75325664364469
6.6019039418630	0.75307019256754
6.5917427000879	0.75288530899811
6.5816126893524	0.75270199382439
6.5715137658922	0.75252024792410
6.5614457868243	0.75234007216479
6.5514086101399	0.75216146740387
6.5414020946978	0.75198443448869
6.5314261002179	0.75180897425660
6.5214804872743	0.75163508753504
6.5115651172893	0.75146277514157
6.5016798525266	0.75129203788397
6.4918245560849	0.75112287656030
6.4819990918919	0.75095529195891
6.4722033246978	0.75078928485859
6.4624371200690	0.75062485602856
6.4527003443823	0.75046200622859
6.4429928648184	0.75030073620900
6.4333145493562	0.75014104671076
6.4236652667667	0.74998293846557
6.4140448866068	0.74982641219585
6.4044532792138	0.74967146861486
6.3948903156997	0.74951810842676
6.3853558679446	0.74936633232662
6.3758498085921	0.74921614100050
6.3663720110427	0.74906753512552
6.3569223494487	0.74892051536992
6.3475006987084	0.74877508239307
6.3381069344609	0.74863123684558
6.3287409330800	0.74848897936932
6.3194025716695	0.74834831059748
6.3100917280572	0.74820923115462
6.3008082807902	0.74807174165673
6.2915521091291	0.74793584271129
6.2823230930427	0.74780153491730
6.2731211132036	0.74766881886532
6.2639460509820	0.74753769513757
6.2547977884415	0.74740816430792
6.2456762083333	0.74728022694199
6.2365811940919	0.74715388359714
6.2275126298297	0.74702913482259
6.2184704003319	0.74690598115938
6.2094543910522	0.74678442314051
6.2004644881075	0.74666446129089
6.1915005782734	0.74654609612747
6.1825625489792	0.74642932815922
6.1736502883031	0.74631415788721
6.1647636849681	0.74620058580465
6.1559026283368	0.74608861239689
6.1470670084068	0.74597823814153
6.1382567158067	0.74586946350841
6.1294716417910	0.74576228895967
6.1207116782360	0.74565671494977
6.1119767176351	0.74555274192557
6.1032666530945	0.74545037032633
6.0945813783289	0.74534960058375
6.0859207876573	0.74525043312204
6.0772847759984	0.74515286835791
6.0686732388664	0.74505690670064
6.0600860723671	0.74496254855212
6.0515231731934	0.74486979430685
6.0429844386212	0.74477864435200
6.0344697665056	0.74468909906743
6.0259790552764	0.74460115882576
6.0175122039342	0.74451482399234
6.0090691120465	0.74443009492532
6.0006496797438	0.74434697197570
5.9922538077154	0.74426545548730
5.9838813972056	0.74418554579686
5.9755323500100	0.74410724323401
5.9672065684713	0.74403054812134
5.9589039554760	0.74395546077440
5.9506244144502	0.74388198150175
5.9423678493558	0.74381011060496
5.9341341646873	0.74373984837868
5.9259232654675	0.74367119511061
5.9177350572444	0.74360415108158
5.9095694460871	0.74353871656551
5.9014263385827	0.74347489182952
5.8933056418321	0.74341267713386
5.8852072634472	0.74335207273201
5.8771311115468	0.74329307887065
5.8690770947533	0.74323569578971
5.8610451221896	0.74317992372238
5.8530351034752	0.74312576289512
5.8450469487229	0.74307321352772
5.8370805685358	0.74302227583327
5.8291358740035	0.74297295001820
5.8212127766990	0.74292523628230
5.8133111886756	0.74287913481874
5.8054310224632	0.74283464581407
5.7975721910656	0.74279176944826
5.7897346079567	0.74275050589470
5.7819181870781	0.74271085532020
5.7741228428351	0.74267281788505
5.7663484900942	0.74263639374299
5.7585950441798	0.74260158304124
5.7508624208709	0.74256838592050
5.7431505363985	0.74253680251500
5.7354593074421	0.74250683295247
5.7277886511272	0.74247847735417
5.7201384850219	0.74245173583487
5.7125087271341	0.74242660850293
5.7048992959087	0.74240309546023
5.6973101102242	0.74238119680223
5.6897410893908	0.74236091261795
5.6821921531463	0.74234224298998
5.6746632216544	0.74232518799453
5.6671542155009	0.74230974770135
5.6596650556919	0.74229592217383
5.6521956636501	0.74228371146894
5.6447459612126	0.74227311563726
5.6373158706281	0.74226413472296
5.6299053145540	0.74225676876385
5.6225142160540	0.74225101779134
5.6151424985952	0.74224688183045
5.6077900860456	0.74224436089984
5.6004569026714	0.74224345501176
5.5931428731343	0.74224416417209
5.5858479224893	0.74224648838034
5.5785719761816	0.74225042762962
5.5713149600446	0.74225598190666
5.5640768002970	0.74226315119180
5.5568574235403	0.74227193545900
5.5496567567568	0.74228233467583
5.5424747273063	0.74229434880343
5.5353112629247	0.74230797779659
5.5281662917204	0.74232322160364
5.5210397421731	0.74234008016654
5.5139315431304	0.74235855342080
5.5068416238060	0.74237864129553
5.4997699137773	0.74240034371339
5.4927163429828	0.74242366059061
5.4856808417200	0.74244859183696
5.4786633406433	0.74247513735575
5.4716637707611	0.74250329704383
5.4646820634342	0.74253307079157
5.4577181503732	0.74256445848283
5.4507719636364	0.74259745999501
5.4438434356274	0.74263207519895
5.4369324990932	0.74266830395899
5.4300390871219	0.74270614613292
5.4231631331404	0.74274560157198
5.4163045709124	0.74278667012084
5.4094633345363	0.74282935161759
5.4026393584430	0.74287364589371
5.3958325773938	0.74291955277407
5.3890429264785	0.74296707207692
5.3822703411131	0.74301620361384
5.3755147570378	0.74306694718975
5.3687761103152	0.74311930260289
5.3620543373278	0.74317326964478
5.3553493747767	0.74322884810022
5.3486611596789	0.74328603774727
5.3419896293656	0.74334483835723
5.3353347214807	0.74340524969458
5.3286963739780	0.74346727151702
5.3220745251198	0.74353090357541
5.3154691134752	0.74359614561374
5.3088800779175	0.74366299736914
5.3023073576229	0.74373145857181
5.2957508920685	0.74380152894504
5.2892106210303	0.74387320820516
5.2826864845815	0.74394649606150
5.2761784230905	0.74402139221642
5.2696863772192	0.74409789636520
5.2632102879213	0.74417600819608
5.2567500964405	0.74425572739020
5.2503057443082	0.74433705362158
5.2438771733427	0.74441998655709
5.2374643256464	0.74450452585640
5.2310671436050	0.74459067117200
5.2246855698850	0.74467842214911
5.2183195474326	0.74476777842567
5.2119690194715	0.74485873963232
5.2056339295016	0.74495130539235
5.1993142212973	0.74504547532170
5.1930098389052	0.74514124902885
5.1867207266436	0.74523862611486
5.1804468290997	0.74533760617332
5.1741880911288	0.74543818879028
5.1679444578521	0.74554037354423
5.1617158746556	0.74564416000609
5.1555022871883	0.74574954773913
5.1493036413604	0.74585653629896
5.1431198833419	0.74596512523347
5.1369509595613	0.74607531408280
5.1307968167037	0.74618710237932
5.1246574017094	0.74630048964755
5.1185326617722	0.74641547540414
5.1124225443383	0.74653205915784
5.1063269971044	0.74665024040941
5.1002459680163	0.74677001865164
5.0941794052676	0.74689139336927
5.0881272572980	0.74701436403894
5.0820894727920	0.74713893012916
5.0760660006773	0.74726509110025
5.0700567901235	0.74739284640433
5.0640617905405	0.74752219548521
5.0580809515775	0.74765313777840
5.0521142231210	0.74778567271104
5.0461615552937	0.74791979970184
5.0402228984533	0.74805551816106
5.0342982031906	0.74819282749042
5.0283874203287	0.74833172708308
5.0224905009214	0.74847221632358
5.0166073962517	0.74861429458779
5.0107380578305	0.74875796124286
5.0048824373957	0.74890321564716
4.9990404869101	0.74905005715021
4.9932121585610	0.74919848509267
4.9873974047579	0.74934849880625
4.9815961781323	0.74950009761366
4.9758084315353	0.74965328082858
4.9700341180371	0.74980804775554
4.9642731909256	0.74996439768996
4.9585256037049	0.75012232991798
4.9527913100942	0.75028184371651
4.9470702640264	0.75044293835307
4.9413624196473	0.75060561308583
4.9356677313138	0.75076986716345
4.9299861535932	0.75093569982512
4.9243176412615	0.75110311030040
4.9186621493027	0.75127209780923
4.9130196329072	0.75144266156184
4.9073900474709	0.75161480075870
4.9017733485939	0.75178851459041
4.8961694920790	0.75196380223772
4.8905784339315	0.75214066287138
4.8850001303569	0.75231909565211
4.8794345377604	0.75249909973056
4.8738816127459	0.75268067424720
4.8683413121143	0.75286381833227
4.8628135928629	0.75304853110572
4.8572984121841	0.75323481167712
4.8517957274640	0.75342265914561
4.8463054962819	0.75361207259984
4.8408276764088	0.75380305111785
4.8353622258065	0.75399559376707
4.8299091026261	0.75418969960417
4.8244682652076	0.75438536767507
4.8190396720784	0.75458259701480
4.8136232819525	0.75478138664745
4.8082190537289	0.75498173558611
4.8028269464915	0.75518364283278
4.7974469195071	0.75538710737830
4.7920789322251	0.75559212820226
4.7867229442759	0.75579870427295
4.7813789154705	0.75600683454726
4.7760468057989	0.75621651797061
4.7707265754297	0.75642775347689
4.7654181847083	0.75664053998833
4.7601215941569	0.75685487641548
4.7548367644726	0.75707076165710
4.7495636565272	0.75728819460007
4.7443022313657	0.75750717411934
4.7390524502055	0.75772769907782
4.7338142744355	0.75794976832630
4.7285876656151	0.75817338070339
4.7233725854735	0.75839853503541
4.7181689959081	0.75862523013631
4.7129768589844	0.75885346480761
4.7077961369347	0.75908323783828
4.7026267921569	0.75931454800468
4.6974687872140	0.75954739407045
4.6923220848333	0.75978177478645
4.6871866479049	0.76001768889064
4.6820624394815	0.76025513510803
4.6769494227769	0.76049411215056
4.6718475611657	0.76073461871702
4.6667568181818	0.76097665349295
4.6616771575183	0.76122021515058
4.6566085430258	0.76146530234871
4.6515509387122	0.76171191373261
4.6465043087415	0.76196004793397
4.6414686174330	0.76220970357076
4.6364438292607	0.76246087924716
4.6314299088522	0.76271357355347
4.6264268209877	0.76296778506601
4.6214345305997	0.76322351234699
4.6164530027718	0.76348075394448
4.6114822027380	0.76373950839227
4.6065220958820	0.76399977420978
4.6015726477360	0.76426154990195
4.5966338239804	0.76452483395917
4.5917055904426	0.76478962485716
4.5867879130967	0.76505592105688
4.5818807580621	0.76532372100443
4.5769840916031	0.76559302313093
4.5720978801281	0.76586382585245
4.5672220901889	0.76613612756988
4.5623566884797	0.76640992666885
4.5575016418364	0.76668522151962
4.5526569172361	0.76696201047695
4.5478224817961	0.76724029188004
4.5429983027731	0.76752006405240
4.5381843475628	0.76780132530176
4.5333805836988	0.76808407391992
4.5285869788520	0.76836830818272
4.5238035008299	0.76865402634985
4.5190301175761	0.76894122666482
4.5142667971691	0.76922990735478
4.5095135078219	0.76952006663048
4.5047702178813	0.76981170268609
4.5000368958271	0.77010481369916
4.4953135102714	0.77039939783046
4.4906000299581	0.77069545322389
4.4858964237618	0.77099297800637
4.4812026606876	0.77129197028771
4.4765187098701	0.77159242816054
4.4718445405728	0.77189434970013
4.4671801221875	0.77219773296434
4.4625254242334	0.77250257599348
4.4578804163569	0.77280887681019
4.4532450683304	0.77311663341933
4.4486193500519	0.77342584380787
4.4440032315446	0.77373650594478
4.4393966829557	0.77404861778089
4.4347996745562	0.77436217724879
4.4302121767401	0.77467718226272
4.4256341600236	0.77499363071842
4.4210655950450	0.77531152049307
4.4165064525633	0.77563084944508
4.4119567034584	0.77595161541409
4.4074163187298	0.77627381622073
4.4028852694963	0.77659744966658
4.3983635269953	0.77692251353402
4.3938510625824	0.77724900558612
4.3893478477306	0.77757692356651
4.3848538540295	0.77790626519923
4.3803690531853	0.77823702818868
4.3758934170194	0.77856921021942
4.3714269174686	0.77890280895609
4.3669695265841	0.77923782204328
4.3625212165309	0.77957424710540
4.3580819595871	0.77991208174654
4.3536517281441	0.78025132355037
4.3492304947048	0.78059197008002
4.3448182318841	0.78093401887792
4.3404149124077	0.78127746746569
4.3360205091119	0.78162231334401
4.3316349949429	0.78196855399253
4.3272583429561	0.78231618686967
4.3228905263158	0.78266520941254
4.3185315182944	0.78301561903682
4.3141812922723	0.78336741313660
4.3098398217366	0.78372058908426
4.3055070802815	0.78407514423035
4.3011830416069	0.78443107590344
4.2968676795184	0.78478838141003
4.2925609679267	0.78514705803436
4.2882628808468	0.78550710303834
4.2839733923978	0.78586851366136
4.2796924768023	0.78623128712021
4.2754201083856	0.78659542060891
4.2711562615757	0.78696091129860
4.2669009109024	0.78732775633739
4.2626540309967	0.78769595285024
4.2584155965909	0.78806549793883
4.2541855825174	0.78843638868139
4.2499639637085	0.78880862213264
4.2457507151961	0.78918219532356
4.2415458121109	0.78955710526133
4.2373492296820	0.78993334892916
4.2331609432364	0.79031092328618
4.2289809281986	0.79068982526726
4.2248091600902	0.79107005178292
4.2206456145291	0.79145159971917
4.2164902672293	0.79183446593738
4.2123430940003	0.79221864727414
4.2082040707468	0.79260414054114
4.2040731734680	0.79299094252499
4.1999503782572	0.79337904998713
4.1958356613016	0.79376845966368
4.1917289988814	0.79415916826528
4.1876303673697	0.79455117247697
4.1835397432319	0.79494446895806
4.1794571030252	0.79533905434196
4.1753824233983	0.79573492523609
4.1713156810909	0.79613207822170
4.1672568529330	0.79653050985374
4.1632059158450	0.79693021666073
4.1591628468368	0.79733119514464
4.1551276230076	0.79773344178068
4.1511002215453	0.79813695301726
4.1470806197261	0.79854172527577
4.1430687949143	0.79894775495047
4.1390647245616	0.79935503840838
4.1350683862069	0.79976357198906
4.1310797574755	0.80017335200458
4.1270988160793	0.80058437473928
4.1231255398157	0.80099663644968
4.1191599065677	0.80141013336435
4.1152018943034	0.80182486168373
4.1112514810752	0.80224081758004
4.1073086450199	0.80265799719707
4.1033733643581	0.80307639665013
4.0994456173937	0.80349601202584
4.0955253825137	0.80391683938202
4.0916126381875	0.80433887474753
4.0877073629670	0.80476211412216
4.0838095354856	0.80518655347647
4.0799191344584	0.80561218875167
4.0760361386812	0.80603901585943
4.0721605270307	0.80646703068182
4.0682922784638	0.80689622907110
4.0644313720174	0.80732660684961
4.0605777868075	0.80775815980965
4.0567315020298	0.80819088371329
4.0528924969582	0.80862477429230
4.0490607509454	0.80905982724794
4.0452362434219	0.80949603825088
4.0414189538959	0.80993340294102
4.0376088619529	0.81037191692740
4.0338059472551	0.81081157578800
4.0300101895416	0.81125237506965
4.0262215686274	0.81169431028789
4.0224400644036	0.81213737692679
4.0186656568365	0.81258157043889
4.0148983259676	0.81302688624499
4.0111380519133	0.81347331973404
4.0073848148643	0.81392086626304
4.0036385950855	0.81436952115684
3.9998993729153	0.81481927970806
3.9961671287657	0.81527013717693
3.9924418431216	0.81572208879115
3.9887234965407	0.81617512974578
3.9850120696531	0.81662925520308
3.9813075431607	0.81708446029242
3.9776098978373	0.81754074011008
3.9739191145281	0.81799808971919
3.9702351741491	0.81845650414955
3.9665580576872	0.81891597839752
3.9628877461996	0.81937650742589
3.9592242208135	0.81983808616373
3.9555674627260	0.82030070950628
3.9519174532033	0.82076437231485
3.9482741735809	0.82122906941661
3.9446376052632	0.82169479560454
3.9410077297226	0.82216154563729
3.9373845285001	0.82262931423900
3.9337679832043	0.82309809609925
3.9301580755113	0.82356788587289
3.9265547871644	0.82403867817991
3.9229580999738	0.82451046760536
3.9193679958164	0.82498324869917
3.9157844566353	0.82545701597607
3.9122074644395	0.82593176391547
3.9086370013038	0.82640748696131
3.9050730493682	0.82688417952195
3.9015155908381	0.82736183597009
3.8979646079834	0.82784045064259
3.8944200831385	0.82832001784039
3.8908819987021	0.82880053182839
3.8873503371369	0.82928198683534
3.8838250809690	0.82976437705371
3.8803062127880	0.83024769663958
3.8767937152463	0.83073193971254
3.8732875710594	0.83121710035556
3.8697877630050	0.83170317261491
3.8662942739231	0.83219015050001
3.8628070867156	0.83267802798336
3.8593261843460	0.83316679900041
3.8558515498392	0.83365645744945
3.8523831662812	0.83414699719152
3.8489210168186	0.83463841205031
3.8454650846588	0.83513069581203
3.8420153530693	0.83562384222534
3.8385718053777	0.83611784500124
3.8351344249712	0.83661269781295
3.8317031952965	0.83710839429583
3.8282780998595	0.83760492804731
3.8248591222251	0.83810229262672
3.8214462460166	0.83860048155528
3.8180394549159	0.83909948831596
3.8146387326632	0.83959930635340
3.8112440630562	0.84009992907380
3.8078554299505	0.84060134984487
3.8044728172589	0.84110356199572
3.8010962089514	0.84160655881677
3.7977255890550	0.84211033355967
3.7943609416530	0.84261487943723
3.7910022508852	0.84312018962332
3.7876495009476	0.84362625725281
3.7843026760919	0.84413307542146
3.7809617606256	0.84464063718588
3.7776267389113	0.84514893556343
3.7742975953670	0.84565796353217
3.7709743144654	0.84616771403075
3.7676568807339	0.84667817995838
3.7643452787544	0.84718935417474
3.7610394931627	0.84770122949992
3.7577395086488	0.84821379871436
3.7544453099562	0.84872705455877
3.7511568818819	0.84924098973408
3.7478742092762	0.84975559690138
3.7445972770422	0.85027086868188
3.7413260701360	0.85078679765681
3.7380605735661	0.85130337636742
3.7348007723932	0.85182059731487
3.7315466517301	0.85233845296024
3.7282981967417	0.85285693572444
3.7250553926441	0.85337603798818
3.7218182247052	0.85389575209192
3.7185866782436	0.85441607033584
3.7153607386293	0.85493698497979
3.7121403912828	0.85545848824325
3.7089256216751	0.85598057230530
3.7057164153276	0.85650322930459
3.7025127578115	0.85702645133931
3.6993146347483	0.85755023046714
3.6961220318087	0.85807455870525
3.6929349347130	0.85859942803028
3.6897533292308	0.85912483037828
3.6865772011805	0.85965075764472
3.6834065364295	0.86017720168447
3.6802413208937	0.86070415431179
3.6770815405372	0.86123160730029
3.6739271813725	0.86175955238296
3.6707782294600	0.86228798125211
3.6676346709078	0.86281688555944
3.6644964918714	0.86334625691596
3.6613636785540	0.86387608689204
3.6582362172056	0.86440636701739
3.6551140941234	0.86493708878106
3.6519972956511	0.86546824363148
3.6488858081792	0.86599982297645
3.6457796181442	0.86653181818313
3.6426787120292	0.86706422057810
3.6395830763628	0.86759702144734
3.6364926977196	0.86813021203628
3.6334075627197	0.86866378354982
3.6303276580286	0.86919772715232
3.6272529703569	0.86973203396769
3.6241834864603	0.87026669507937
3.6211191931393	0.87080170153040
3.6180600772387	0.87133704432345
3.6150061256481	0.87187271442083
3.6119573253012	0.87240870274460
3.6089136631756	0.87294500017654
3.6058751262930	0.87348159755827
3.6028417017185	0.87401848569125
3.5998133765610	0.87455565533688
3.5967901379724	0.87509309721652
3.5937719731479	0.87563080201158
3.5907588693257	0.87616876036358
3.5877508137865	0.87670696287421
3.5847477938539	0.87724540010542
3.5817497968937	0.87778406257948
3.5787568103140	0.87832294077905
3.5757688215649	0.87886202514730
3.5727858181385	0.87940130608795
3.5698077875685	0.87994077396540
3.5668347174301	0.88048041910479
3.5638665953400	0.88102023179212
3.5609034089559	0.88156020227431
3.5579451459767	0.88210032075937
3.5549917941421	0.88264057741643
3.5520433412322	0.88318096237592
3.5490997750681	0.88372146572962
3.5461610835108	0.88426207753082
3.5432272544616	0.88480278779442
3.5402982758621	0.88534358649707
3.5373741356932	0.88588446357727
3.5344548219759	0.88642540893554
3.5315403227706	0.88696641243452
3.5286306261770	0.88750746389912
3.5257257203340	0.88804855311667
3.5228255934195	0.88858966983705
3.5199302336503	0.88913080377287
3.5170396292820	0.88967194459958
3.5141537686086	0.89021308195566
3.5112726399625	0.89075420544279
3.5083962317145	0.89129530462596
3.5055245322732	0.89183636903372
3.5026575300853	0.89237738815826
3.4997952136353	0.89291835145567
3.4969375714452	0.89345924834608
3.4940845920746	0.89400006821386
3.4912362641202	0.89454080040776
3.4883925762160	0.89508143424120
3.4855535170329	0.89562195899236
3.4827190752788	0.89616236390446
3.4798892396982	0.89670263818592
3.4770639990721	0.89724277101061
3.4742433422181	0.89778275151799
3.4714272579898	0.89832256881342
3.4686157352771	0.89886221196831
3.4658087630058	0.89940167002038
3.4630063301375	0.89994093197389
3.4602084256694	0.90047998679984
3.4574150386345	0.90101882343627
3.4546261581009	0.90155743078843
3.4518417731721	0.90209579772909
3.4490618729867	0.90263391309874
3.4462864467180	0.90317176570589
3.4435154835745	0.90370934432729
3.4407489727993	0.90424663770822
3.4379869036697	0.90478363456276
3.4352292654979	0.90532032357405
3.4324760476300	0.90585669339454
3.4297272394463	0.90639273264634
3.4269828303612	0.90692842992145
3.4242428098230	0.90746377378207
3.4215071673134	0.90799875276088
3.4187758923480	0.90853335536137
3.4160489744758	0.90906757005810
3.4133264032791	0.90960138529704
3.4106081683732	0.91013478949589
3.4078942594066	0.91066777104435
3.4051846660609	0.91120031830449
3.4024793780502	0.91173241961106
3.3997783851213	0.91226406327180
3.3970816770538	0.91279523756781
3.3943892436594	0.91332593075384
3.3917010747822	0.91385613105869
3.3890171602984	0.91438582668554
3.3863374901163	0.91491500581226
3.3836620541761	0.91544365659182
3.3809908424495	0.91597176715264
3.3783238449403	0.91649932559894
3.3756610516834	0.91702632001112
3.3730024527453	0.91755273844614
3.3703480382237	0.91807856893788
3.3676977982476	0.91860379949756
3.3650517229768	0.91912841811409
3.3624098026021	0.91965241275450
3.3597720273451	0.92017577136429
3.3571383874580	0.92069848186789
3.3545088732237	0.92122053216902
3.3518834749553	0.92174191015114
3.3492621829963	0.92226260367782
3.3466449877205	0.92278260059320
3.3440318795315	0.92330188872241
3.3414228488631	0.92382045587198
3.3388178861789	0.92433828983028
3.3362169819720	0.92485537836797
3.3336201267653	0.92537170923846
3.3310273111111	0.92588727017828
