#Parameters = {thARC=0.8; nARC=2.5; thsub=1; p=1; nSub=2}
#"Wavelength / um"	"T (257) [Real Part]"
#---------------------------------------
14.989622900000	0.79642803935240
14.937342202292	0.79603037740851
14.885424925521	0.79563230206021
14.833867293419	0.79523384504949
14.782665581854	0.79483503789887
14.731816117936	0.79443591191079
14.681315279138	0.79403649816714
14.631159492435	0.79363682752873
14.581345233463	0.79323693063487
14.531869025691	0.79283683790293
14.482727439614	0.79243657952798
14.433917091960	0.79203618548248
14.385434644914	0.79163568551596
14.337276805356	0.79123510915476
14.289440324118	0.79083448570183
14.241921995249	0.79043384423652
14.194718655303	0.79003321361444
14.147827182633	0.78963262246734
14.101244496707	0.78923209920305
14.054967557431	0.78883167200540
14.008993364486	0.78843136883421
13.963318956684	0.78803121742535
13.917941411328	0.78763124529073
13.872857843591	0.78723147971841
13.828065405904	0.78683194777275
13.783561287356	0.78643267629446
13.739342713107	0.78603369190089
13.695406943810	0.78563502098613
13.651751275046	0.78523668972131
13.608373036768	0.78483872405482
13.565269592760	0.78444114971264
13.522438340099	0.78404399219862
13.479876708633	0.78364727679482
13.437582160466	0.78325102856192
13.395552189455	0.78285527233957
13.353784320713	0.78246003274685
13.312276110124	0.78206533418267
13.271025143869	0.78167120082629
13.230029037952	0.78127765663778
13.189285437747	0.78088472535854
13.148792017544	0.78049243051187
13.108546480105	0.78010079540349
13.068546556234	0.77970984312214
13.028790004346	0.77931959654021
12.989274610052	0.77893007831432
12.949998185745	0.77854131088603
12.910958570198	0.77815331648245
12.872153628167	0.77776611711694
12.833581250000	0.77737973458985
12.795239351259	0.77699419048918
12.757125872340	0.77660950619141
12.719238778108	0.77622570286218
12.681576057530	0.77584280145710
12.644135723323	0.77546082272257
12.606915811606	0.77507978719653
12.569914381551	0.77469971520935
12.533129515050	0.77432062688463
12.496559316382	0.77394254214008
12.460201911887	0.77356548068838
12.424055449648	0.77318946203807
12.388118099174	0.77281450549445
12.352388051092	0.77244063016051
12.316863516845	0.77206785493781
12.281542728390	0.77169619852747
12.246423937908	0.77132567943112
12.211505417515	0.77095631595179
12.176785458976	0.77058812619501
12.142262373431	0.77022112806967
12.107934491115	0.76985533928909
12.073800161095	0.76949077737203
12.039857751004	0.76912745964365
12.006105646776	0.76876540323660
11.972542252396	0.76840462509202
11.939165989646	0.76804514196059
11.905975297855	0.76768697040358
11.872968633663	0.76733012679393
11.840144470774	0.76697462731729
11.807501299724	0.76662048797314
11.775037627651	0.76626772457582
11.742751978065	0.76591635275565
11.710642890625	0.76556638796003
11.678708920919	0.76521784545454
11.646948640249	0.76487074032405
11.615360635413	0.76452508747381
11.583943508501	0.76418090163062
11.552695876686	0.76383819734390
11.521616372022	0.76349698898687
11.490703641242	0.76315729075763
11.459956345566	0.76281911668037
11.429373160503	0.76248248060645
11.398952775665	0.76214739621555
11.368693894577	0.76181387701686
11.338595234493	0.76148193635020
11.308655526217	0.76115158738719
11.278873513920	0.76082284313238
11.249247954972	0.76049571642446
11.219777619760	0.76017021993736
11.190461291527	0.75984636618147
11.161297766195	0.75952416750476
11.132285852209	0.75920363609398
11.103424370370	0.75888478397581
11.074712153676	0.75856762301803
11.046148047163	0.75825216493068
11.017730907755	0.75793842126725
10.989459604106	0.75762640342584
10.961333016453	0.75731612265032
10.933350036470	0.75700759003151
10.905509567115	0.75670081650833
10.877810522496	0.75639581286901
10.850251827723	0.75609258975220
10.822832418773	0.75579115764819
10.795551242348	0.75549152690002
10.768407255747	0.75519370770470
10.741399426729	0.75489771011433
10.714526733381	0.75460354403727
10.687788163993	0.75431121923930
10.661182716927	0.75402074534480
10.634709400497	0.75373213183785
10.608367232838	0.75344538806344
10.582155241793	0.75316052322855
10.556072464789	0.75287754640337
10.530117948718	0.75259646652239
10.504290749825	0.75231729238556
10.478589933590	0.75204003265944
10.453014574616	0.75176469587828
10.427563756522	0.75149129044521
10.402236571825	0.75121982463335
10.377032121841	0.75095030658689
10.351949516575	0.75068274432226
10.326987874612	0.75041714572924
10.302146323024	0.75015351857202
10.277423997257	0.74989187049037
10.252820041040	0.74963220900070
10.228333606278	0.74937454149715
10.203963852961	0.74911887525275
10.179709949066	0.74886521742039
10.155571070461	0.74861357503404
10.131546400811	0.74836395500969
10.107635131490	0.74811636414654
10.083836461487	0.74787080912800
10.060149597315	0.74762729652276
10.036573752929	0.74738583278588
10.013108149633	0.74714642425978
9.9897520159947	0.74690907717537
9.9665045877660	0.74667379765300
9.9433651077944	0.74644059170357
9.9203328259431	0.74620946522952
9.8974069990096	0.74598042402584
9.8745868906456	0.74575347378114
9.8518717712783	0.74552862007860
9.8292609180328	0.74530586839702
9.8067536146549	0.74508522411181
9.7843491514360	0.74486669249595
9.7620468251384	0.74465027872102
9.7398459389214	0.74443598785817
9.7177458022690	0.74422382487908
9.6957457309185	0.74401379465691
9.6738450467893	0.74380590196733
9.6520430779137	0.74360015148940
9.6303391583681	0.74339654780655
9.6087326282051	0.74319509540753
9.5872228333866	0.74299579868733
9.5658091257179	0.74279866194810
9.5444908627826	0.74260368940011
9.5232674078780	0.74241088516260
9.5021381299525	0.74222025326476
9.4811024035421	0.74203179764658
9.4601596087094	0.74184552215976
9.4393091309824	0.74166143056859
9.4185503612944	0.74147952655085
9.3978826959248	0.74129981369866
9.3773055364404	0.74112229551934
9.3568182896380	0.74094697543632
9.3364203674868	0.74077385678993
9.3161111870727	0.74060294283825
9.2958901705426	0.74043423675800
9.2757567450495	0.74026774164533
9.2557103426984	0.74010346051662
9.2357504004929	0.73994139630937
9.2158763602828	0.73978155188292
9.1960876687117	0.73962393001931
9.1763837771656	0.73946853342407
9.1567641417227	0.73931536472698
9.1372282231027	0.73916442648286
9.1177754866180	0.73901572117235
9.0984054021244	0.73886925120268
9.0791174439733	0.73872501890839
9.0599110909640	0.73858302655214
9.0407858262967	0.73844327632539
9.0217411375263	0.73830577034918
9.0027765165165	0.73817051067483
8.9838914593947	0.73803749928470
8.9650854665072	0.73790673809285
8.9463580423754	0.73777822894576
8.9277086956522	0.73765197362307
8.9091369390788	0.73752797383823
8.8906422894425	0.73740623123918
8.8722242675348	0.73728674740905
8.8538823981099	0.73716952386682
8.8356162098438	0.73705456206797
8.8174252352941	0.73694186340517
8.7993090108600	0.73683142920886
8.7812670767428	0.73672326074796
8.7632989769073	0.73661735923047
8.7454042590432	0.73651372580407
8.7275824745269	0.73641236155679
8.7098331783847	0.73631326751758
8.6921559292549	0.73621644465693
8.6745502893519	0.73612189388747
8.6570158244297	0.73602961606452
8.6395521037464	0.73593961198673
8.6221587000288	0.73585188239661
8.6048351894374	0.73576642798110
8.5875811515325	0.73568324937214
8.5703961692396	0.73560234714724
8.5532798288160	0.73552372182997
8.5362317198178	0.73544737389056
8.5192514350668	0.73537330374638
8.5023385706183	0.73530151176248
8.4854927257288	0.73523199825213
8.4687135028249	0.73516476347729
8.4520005074711	0.73509980764913
8.4353533483399	0.73503713092852
8.4187716371806	0.73497673342653
8.4022549887892	0.73491861520488
8.3858030209790	0.73486277627644
8.3694153545505	0.73480921660570
8.3530916132627	0.73475793610920
8.3368314238042	0.73470893465600
8.3206344157646	0.73466221206813
8.3045002216066	0.73461776812101
8.2884284766381	0.73457560254391
8.2724188189845	0.73453571502032
8.2564708895621	0.73449810518844
8.2405843320506	0.73446277264153
8.2247587928669	0.73442971692835
8.2089939211391	0.73439893755352
8.1932893686800	0.73437043397797
8.1776447899618	0.73434420561924
8.1620598420909	0.73432025185193
8.1465341847826	0.73429857200803
8.1310674803363	0.73427916537730
8.1156593936113	0.73426203120761
8.1003095920022	0.73424716870530
8.0850177454153	0.73423457703552
8.0697835262450	0.73422425532259
8.0546066093498	0.73421620265025
8.0394866720300	0.73421041806211
8.0244233940043	0.73420690056184
8.0094164573871	0.73420564911356
7.9944655466667	0.73420666264212
7.9795703486825	0.73420994003338
7.9647305526036	0.73421548013453
7.9499458499072	0.73422328175435
7.9352159343568	0.73423334366352
7.9205405019815	0.73424566459483
7.9059192510549	0.73426024324353
7.8913518820742	0.73427707826750
7.8768380977404	0.73429616828757
7.8623776029373	0.73431751188773
7.8479701047120	0.73434110761540
7.8336153122550	0.73436695398162
7.8193129368805	0.73439504946131
7.8050626920073	0.73442539249350
7.7908642931393	0.73445798148150
7.7767174578470	0.73449281479317
7.7626219057483	0.73452989076107
7.7485773584906	0.73456920768268
7.7345835397317	0.73461076382061
7.7206401751223	0.73465455740274
7.7067469922879	0.73470058662244
7.6929037208109	0.73474884963872
7.6791100922131	0.73479934457641
7.6653658399386	0.73485206952632
7.6516706993364	0.73490702254540
7.6380244076433	0.73496420165686
7.6244267039674	0.73502360485036
7.6108773292714	0.73508523008212
7.5973760263558	0.73514907527505
7.5839225398432	0.73521513831890
7.5705166161616	0.73528341707036
7.5571580035291	0.73535390935319
7.5438464519376	0.73542661295833
7.5305817131374	0.73550152564397
7.5173635406219	0.73557864513572
7.5041916896120	0.73565796912664
7.4910659170415	0.73573949527734
7.4779859815415	0.73582322121611
7.4649516434263	0.73590914453892
7.4519626646781	0.73599726280958
7.4390188089330	0.73608757355972
7.4261198414664	0.73618007428891
7.4132655291790	0.73627476246470
7.4004556405826	0.73637163552267
7.3876899457861	0.73647069086647
7.3749682164822	0.73657192586788
7.3622902259332	0.73667533786682
7.3496557489581	0.73678092417139
7.3370645619187	0.73688868205791
7.3245164427071	0.73699860877093
7.3120111707317	0.73711070152323
7.2995485269053	0.73722495749586
7.2871282936315	0.73734137383810
7.2747502547925	0.73745994766754
7.2624141957364	0.73758067606997
7.2501199032648	0.73770355609947
7.2378671656205	0.73782858477833
7.2256557724753	0.73795575909705
7.2134855149182	0.73808507601434
7.2013561854432	0.73821653245705
7.1892675779376	0.73835012532016
7.1772194876706	0.73848585146676
7.1652117112811	0.73862370772795
7.1532440467669	0.73876369090288
7.1413162934731	0.73890579775860
7.1294282520809	0.73905002503008
7.1175797245964	0.73919636942012
7.1057705143399	0.73934482759928
7.0940004259347	0.73949539620582
7.0822692652965	0.73964807184562
7.0705768396226	0.73980285109210
7.0589229573817	0.73995973048617
7.0473074283028	0.74011870653607
7.0357300633654	0.74027977571737
7.0241906747891	0.74044293447279
7.0126890760234	0.74060817921217
7.0012250817375	0.74077550631230
6.9897985078107	0.74094491211688
6.9784091713222	0.74111639293637
6.9670568905415	0.74128994504785
6.9557414849188	0.74146556469496
6.9444627750753	0.74164324808773
6.9332205827937	0.74182299140246
6.9220147310090	0.74200479078162
6.9108450437990	0.74218864233366
6.8997113463751	0.74237454213292
6.8886134650735	0.74256248621944
6.8775512273457	0.74275247059886
6.8665244617499	0.74294449124223
6.8555329979419	0.74313854408590
6.8445766666667	0.74333462503129
6.8336552997493	0.74353272994481
6.8227687300865	0.74373285465764
6.8119167916383	0.74393499496558
6.8010993194192	0.74413914662885
6.7903161494904	0.74434530537199
6.7795671189507	0.74455346688357
6.7688520659291	0.74476362681611
6.7581708295762	0.74497578078582
6.7475232500563	0.74518992437245
6.7369091685393	0.74540605311908
6.7263284271932	0.74562416253195
6.7157808691756	0.74584424808022
6.7052663386267	0.74606630519579
6.6947846806610	0.74629032927309
6.6843357413601	0.74651631566889
6.6739193677649	0.74674425970206
6.6635354078684	0.74697415665336
6.6531837106081	0.74720600176524
6.6428641258586	0.74743979024160
6.6325765044248	0.74767551724758
6.6223206980340	0.74791317790935
6.6120965593295	0.74815276731381
6.6019039418630	0.74839428050844
6.5917427000879	0.74863771250105
6.5816126893524	0.74888305825948
6.5715137658922	0.74913031271144
6.5614457868243	0.74937947074422
6.5514086101399	0.74963052720447
6.5414020946978	0.74988347689793
6.5314261002179	0.75013831458919
6.5214804872743	0.75039503500144
6.5115651172893	0.75065363281624
6.5016798525266	0.75091410267319
6.4918245560849	0.75117643916976
6.4819990918919	0.75144063686096
6.4722033246978	0.75170669025912
6.4624371200690	0.75197459383362
6.4527003443823	0.75224434201057
6.4429928648184	0.75251592917261
6.4333145493562	0.75278934965862
6.4236652667667	0.75306459776340
6.4140448866068	0.75334166773746
6.4044532792138	0.75362055378670
6.3948903156997	0.75390125007216
6.3853558679446	0.75418375070970
6.3758498085921	0.75446804976975
6.3663720110427	0.75475414127704
6.3569223494487	0.75504201921025
6.3475006987084	0.75533167750180
6.3381069344609	0.75562311003751
6.3287409330800	0.75591631065633
6.3194025716695	0.75621127315006
6.3100917280572	0.75650799126302
6.3008082807902	0.75680645869179
6.2915521091291	0.75710666908491
6.2823230930427	0.75740861604257
6.2731211132036	0.75771229311633
6.2639460509820	0.75801769380881
6.2547977884415	0.75832481157339
6.2456762083333	0.75863363981393
6.2365811940919	0.75894417188444
6.2275126298297	0.75925640108879
6.2184704003319	0.75957032068044
6.2094543910522	0.75988592386206
6.2004644881075	0.76020320378533
6.1915005782734	0.76052215355053
6.1825625489792	0.76084276620632
6.1736502883031	0.76116503474938
6.1647636849681	0.76148895212416
6.1559026283368	0.76181451122249
6.1470670084068	0.76214170488337
6.1382567158067	0.76247052589260
6.1294716417910	0.76280096698249
6.1207116782360	0.76313302083157
6.1119767176351	0.76346668006426
6.1032666530945	0.76380193725058
6.0945813783289	0.76413878490584
6.0859207876573	0.76447721549033
6.0772847759984	0.76481722140904
6.0686732388664	0.76515879501131
6.0600860723671	0.76550192859055
6.0515231731934	0.76584661438396
6.0429844386212	0.76619284457219
6.0344697665056	0.76654061127903
6.0259790552764	0.76688990657117
6.0175122039342	0.76724072245782
6.0090691120465	0.76759305089047
6.0006496797438	0.76794688376257
5.9922538077154	0.76830221290920
5.9838813972056	0.76865903010684
5.9755323500100	0.76901732707302
5.9672065684713	0.76937709546603
5.9589039554760	0.76973832688466
5.9506244144502	0.77010101286787
5.9423678493558	0.77046514489451
5.9341341646873	0.77083071438306
5.9259232654675	0.77119771269130
5.9177350572444	0.77156613111604
5.9095694460871	0.77193596089285
5.9014263385827	0.77230719319575
5.8933056418321	0.77267981913696
5.8852072634472	0.77305382976659
5.8771311115468	0.77342921607240
5.8690770947533	0.77380596897949
5.8610451221896	0.77418407935006
5.8530351034752	0.77456353798309
5.8450469487229	0.77494433561416
5.8370805685358	0.77532646291508
5.8291358740035	0.77570991049370
5.8212127766990	0.77609466889365
5.8133111886756	0.77648072859403
5.8054310224632	0.77686808000921
5.7975721910656	0.77725671348854
5.7897346079567	0.77764661931615
5.7819181870781	0.77803778771063
5.7741228428351	0.77843020882488
5.7663484900942	0.77882387274579
5.7585950441798	0.77921876949406
5.7508624208709	0.77961488902391
5.7431505363985	0.78001222122294
5.7354593074421	0.78041075591181
5.7277886511272	0.78081048284408
5.7201384850219	0.78121139170597
5.7125087271341	0.78161347211615
5.7048992959087	0.78201671362553
5.6973101102242	0.78242110571706
5.6897410893908	0.78282663780552
5.6821921531463	0.78323329923733
5.6746632216544	0.78364107929033
5.6671542155009	0.78404996717365
5.6596650556919	0.78445995202748
5.6521956636501	0.78487102292287
5.6447459612126	0.78528316886163
5.6373158706281	0.78569637877609
5.6299053145540	0.78611064152897
5.6225142160540	0.78652594591320
5.6151424985952	0.78694228065179
5.6077900860456	0.78735963439766
5.6004569026714	0.78777799573350
5.5931428731343	0.78819735317163
5.5858479224893	0.78861769515386
5.5785719761816	0.78903901005138
5.5713149600446	0.78946128616462
5.5640768002970	0.78988451172315
5.5568574235403	0.79030867488554
5.5496567567568	0.79073376373928
5.5424747273063	0.79115976630067
5.5353112629247	0.79158667051474
5.5281662917204	0.79201446425513
5.5210397421731	0.79244313532405
5.5139315431304	0.79287267145218
5.5068416238060	0.79330306029861
5.4997699137773	0.79373428945077
5.4927163429828	0.79416634642440
5.4856808417200	0.79459921866347
5.4786633406433	0.79503289354015
5.4716637707611	0.79546735835480
5.4646820634342	0.79590260033590
5.4577181503732	0.79633860664006
5.4507719636364	0.79677536435201
5.4438434356274	0.79721286048457
5.4369324990932	0.79765108197868
5.4300390871219	0.79809001570338
5.4231631331404	0.79852964845587
5.4163045709124	0.79896996696149
5.4094633345363	0.79941095787377
5.4026393584430	0.79985260777448
5.3958325773938	0.80029490317368
5.3890429264785	0.80073783050975
5.3822703411131	0.80118137614950
5.3755147570378	0.80162552638819
5.3687761103152	0.80207026744966
5.3620543373278	0.80251558548640
5.3553493747767	0.80296146657962
5.3486611596789	0.80340789673944
5.3419896293656	0.80385486190490
5.3353347214807	0.80430234794418
5.3286963739780	0.80475034065466
5.3220745251198	0.80519882576312
5.3154691134752	0.80564778892587
5.3088800779175	0.80609721572889
5.3023073576229	0.80654709168803
5.2957508920685	0.80699740224920
5.2892106210303	0.80744813278853
5.2826864845815	0.80789926861256
5.2761784230905	0.80835079495851
5.2696863772192	0.80880269699443
5.2632102879213	0.80925495981947
5.2567500964405	0.80970756846411
5.2503057443082	0.81016050789039
5.2438771733427	0.81061376299220
5.2374643256464	0.81106731859554
5.2310671436050	0.81152115945876
5.2246855698850	0.81197527027292
5.2183195474326	0.81242963566201
5.2119690194715	0.81288424018335
5.2056339295016	0.81333906832783
5.1993142212973	0.81379410452028
5.1930098389052	0.81424933311980
5.1867207266436	0.81470473842014
5.1804468290997	0.81516030465003
5.1741880911288	0.81561601597356
5.1679444578521	0.81607185649060
5.1617158746556	0.81652781023713
5.1555022871883	0.81698386118573
5.1493036413604	0.81743999324593
5.1431198833419	0.81789619026468
5.1369509595613	0.81835243602678
5.1307968167037	0.81880871425533
5.1246574017094	0.81926500861219
5.1185326617722	0.81972130269847
5.1124225443383	0.82017758005502
5.1063269971044	0.82063382416290
5.1002459680163	0.82109001844393
5.0941794052676	0.82154614626118
5.0881272572980	0.82200219091953
5.0820894727920	0.82245813566620
5.0760660006773	0.82291396369130
5.0700567901235	0.82336965812842
5.0640617905405	0.82382520205522
5.0580809515775	0.82428057849398
5.0521142231210	0.82473577041225
5.0461615552937	0.82519076072346
5.0402228984533	0.82564553228752
5.0342982031906	0.82610006791149
5.0283874203287	0.82655435035025
5.0224905009214	0.82700836230712
5.0166073962517	0.82746208643457
5.0107380578305	0.82791550533493
5.0048824373957	0.82836860156102
4.9990404869101	0.82882135761697
4.9932121585610	0.82927375595885
4.9873974047579	0.82972577899547
4.9815961781323	0.83017740908913
4.9758084315353	0.83062862855634
4.9700341180371	0.83107941966866
4.9642731909256	0.83152976465344
4.9585256037049	0.83197964569465
4.9527913100942	0.83242904493369
4.9470702640264	0.83287794447019
4.9413624196473	0.83332632636291
4.9356677313138	0.83377417263052
4.9299861535932	0.83422146525252
4.9243176412615	0.83466818617010
4.9186621493027	0.83511431728701
4.9130196329072	0.83555984047049
4.9073900474709	0.83600473755216
4.9017733485939	0.83644899032896
4.8961694920790	0.83689258056410
4.8905784339315	0.83733548998798
4.8850001303569	0.83777770029917
4.8794345377604	0.83821919316540
4.8738816127459	0.83865995022451
4.8683413121143	0.83909995308550
4.8628135928629	0.83953918332948
4.8572984121841	0.83997762251077
4.8517957274640	0.84041525215784
4.8463054962819	0.84085205377447
4.8408276764088	0.84128800884070
4.8353622258065	0.84172309881398
4.8299091026261	0.84215730513022
4.8244682652076	0.84259060920489
4.8190396720784	0.84302299243413
4.8136232819525	0.84345443619586
4.8082190537289	0.84388492185092
4.8028269464915	0.84431443074422
4.7974469195071	0.84474294420585
4.7920789322251	0.84517044355232
4.7867229442759	0.84559691008764
4.7813789154705	0.84602232510459
4.7760468057989	0.84644666988589
4.7707265754297	0.84686992570538
4.7654181847083	0.84729207382927
4.7601215941569	0.84771309551737
4.7548367644726	0.84813297202433
4.7495636565272	0.84855168460088
4.7443022313657	0.84896921449508
4.7390524502055	0.84938554295366
4.7338142744355	0.84980065122319
4.7285876656151	0.85021452055150
4.7233725854735	0.85062713218887
4.7181689959081	0.85103846738942
4.7129768589844	0.85144850741241
4.7077961369347	0.85185723352354
4.7026267921569	0.85226462699635
4.6974687872140	0.85267066911353
4.6923220848333	0.85307534116827
4.6871866479049	0.85347862446570
4.6820624394815	0.85388050032416
4.6769494227769	0.85428095007670
4.6718475611657	0.85467995507238
4.6667568181818	0.85507749667774
4.6616771575183	0.85547355627819
4.6566085430258	0.85586811527942
4.6515509387122	0.85626115510885
4.6465043087415	0.85665265721703
4.6414686174330	0.85704260307915
4.6364438292607	0.85743097419642
4.6314299088522	0.85781775209757
4.6264268209877	0.85820291834031
4.6214345305997	0.85858645451280
4.6164530027718	0.85896834223513
4.6114822027380	0.85934856316079
4.6065220958820	0.85972709897821
4.6015726477360	0.86010393141220
4.5966338239804	0.86047904222550
4.5917055904426	0.86085241322026
4.5867879130967	0.86122402623958
4.5818807580621	0.86159386316902
4.5769840916031	0.86196190593811
4.5720978801281	0.86232813652194
4.5672220901889	0.86269253694261
4.5623566884797	0.86305508927085
4.5575016418364	0.86341577562750
4.5526569172361	0.86377457818512
4.5478224817961	0.86413147916949
4.5429983027731	0.86448646086121
4.5381843475628	0.86483950559723
4.5333805836988	0.86519059577241
4.5285869788520	0.86553971384111
4.5238035008299	0.86588684231874
4.5190301175761	0.86623196378334
4.5142667971691	0.86657506087715
4.5095135078219	0.86691611630817
4.5047702178813	0.86725511285177
4.5000368958271	0.86759203335224
4.4953135102714	0.86792686072435
4.4906000299581	0.86825957795500
4.4858964237618	0.86859016810471
4.4812026606876	0.86891861430928
4.4765187098701	0.86924489978132
4.4718445405728	0.86956900781184
4.4671801221875	0.86989092177184
4.4625254242334	0.87021062511390
4.4578804163569	0.87052810137373
4.4532450683304	0.87084333417174
4.4486193500519	0.87115630721467
4.4440032315446	0.87146700429710
4.4393966829557	0.87177540930307
4.4347996745562	0.87208150620760
4.4302121767401	0.87238527907831
4.4256341600236	0.87268671207693
4.4210655950450	0.87298578946091
4.4165064525633	0.87328249558494
4.4119567034584	0.87357681490252
4.4074163187298	0.87386873196748
4.4028852694963	0.87415823143559
4.3983635269953	0.87444529806601
4.3938510625824	0.87472991672290
4.3893478477306	0.87501207237690
4.3848538540295	0.87529175010669
4.3803690531853	0.87556893510047
4.3758934170194	0.87584361265750
4.3714269174686	0.87611576818960
4.3669695265841	0.87638538722263
4.3625212165309	0.87665245539801
4.3580819595871	0.87691695847418
4.3536517281441	0.87717888232808
4.3492304947048	0.87743821295663
4.3448182318841	0.87769493647818
4.3404149124077	0.87794903913396
4.3360205091119	0.87820050728954
4.3316349949429	0.87844932743622
4.3272583429561	0.87869548619253
4.3228905263158	0.87893897030555
4.3185315182944	0.87917976665240
4.3141812922723	0.87941786224158
4.3098398217366	0.87965324421437
4.3055070802815	0.87988589984621
4.3011830416069	0.88011581654805
4.2968676795184	0.88034298186773
4.2925609679267	0.88056738349125
4.2882628808468	0.88078900924417
4.2839733923978	0.88100784709290
4.2796924768023	0.88122388514598
4.2754201083856	0.88143711165540
4.2711562615757	0.88164751501785
4.2669009109024	0.88185508377600
4.2626540309967	0.88205980661974
4.2584155965909	0.88226167238743
4.2541855825174	0.88246067006707
4.2499639637085	0.88265678879760
4.2457507151961	0.88285001786999
4.2415458121109	0.88304034672848
4.2373492296820	0.88322776497172
4.2331609432364	0.88341226235391
4.2289809281986	0.88359382878595
4.2248091600902	0.88377245433653
4.2206456145291	0.88394812923323
4.2164902672293	0.88412084386362
4.2123430940003	0.88429058877632
4.2082040707468	0.88445735468201
4.2040731734680	0.88462113245451
4.1999503782572	0.88478191313176
4.1958356613016	0.88493968791682
4.1917289988814	0.88509444817884
4.1876303673697	0.88524618545404
4.1835397432319	0.88539489144664
4.1794571030252	0.88554055802974
4.1753824233983	0.88568317724629
4.1713156810909	0.88582274130993
4.1672568529330	0.88595924260584
4.1632059158450	0.88609267369163
4.1591628468368	0.88622302729811
4.1551276230076	0.88635029633015
4.1511002215453	0.88647447386739
4.1470806197261	0.88659555316509
4.1430687949143	0.88671352765480
4.1390647245616	0.88682839094511
4.1350683862069	0.88694013682235
4.1310797574755	0.88704875925128
4.1270988160793	0.88715425237571
4.1231255398157	0.88725661051919
4.1191599065677	0.88735582818556
4.1152018943034	0.88745190005961
4.1112514810752	0.88754482100761
4.1073086450199	0.88763458607785
4.1033733643581	0.88772119050121
4.0994456173937	0.88780462969162
4.0955253825137	0.88788489924657
4.0916126381875	0.88796199494754
4.0877073629670	0.88803591276047
4.0838095354856	0.88810664883615
4.0799191344584	0.88817419951061
4.0760361386812	0.88823856130550
4.0721605270307	0.88829973092843
4.0682922784638	0.88835770527326
4.0644313720174	0.88841248142045
4.0605777868075	0.88846405663729
4.0567315020298	0.88851242837816
4.0528924969582	0.88855759428477
4.0490607509454	0.88859955218633
4.0452362434219	0.88863830009976
4.0414189538959	0.88867383622984
4.0376088619529	0.88870615896930
4.0338059472551	0.88873526689898
4.0300101895416	0.88876115878788
4.0262215686274	0.88878383359322
4.0224400644036	0.88880329046047
4.0186656568365	0.88881952872336
4.0148983259676	0.88883254790390
4.0111380519133	0.88884234771225
4.0073848148643	0.88884892804678
4.0036385950855	0.88885228899384
3.9998993729153	0.88885243082779
3.9961671287657	0.88884935401073
3.9924418431216	0.88884305919244
3.9887234965407	0.88883354721015
3.9850120696531	0.88882081908829
3.9813075431607	0.88880487603836
3.9776098978373	0.88878571945854
3.9739191145281	0.88876335093352
3.9702351741491	0.88873777223413
3.9665580576872	0.88870898531700
3.9628877461996	0.88867699232426
3.9592242208135	0.88864179558308
3.9555674627260	0.88860339760535
3.9519174532033	0.88856180108718
3.9482741735809	0.88851700890848
3.9446376052632	0.88846902413249
3.9410077297226	0.88841785000526
3.9373845285001	0.88836348995512
3.9337679832043	0.88830594759217
3.9301580755113	0.88824522670767
3.9265547871644	0.88818133127345
3.9229580999738	0.88811426544132
3.9193679958164	0.88804403354239
3.9157844566353	0.88797064008642
3.9122074644395	0.88789408976116
3.9086370013038	0.88781438743160
3.9050730493682	0.88773153813923
3.9015155908381	0.88764554710133
3.8979646079834	0.88755641971017
3.8944200831385	0.88746416153219
3.8908819987021	0.88736877830719
3.8873503371369	0.88727027594749
3.8838250809690	0.88716866053707
3.8803062127880	0.88706393833066
3.8767937152463	0.88695611575284
3.8732875710594	0.88684519939710
3.8697877630050	0.88673119602491
3.8662942739231	0.88661411256473
3.8628070867156	0.88649395611101
3.8593261843460	0.88637073392316
3.8558515498392	0.88624445342458
3.8523831662812	0.88611512220151
3.8489210168186	0.88598274800203
3.8454650846588	0.88584733873493
3.8420153530693	0.88570890246858
3.8385718053777	0.88556744742983
3.8351344249712	0.88542298200283
3.8317031952965	0.88527551472787
3.8282780998595	0.88512505430018
3.8248591222251	0.88497160956870
3.8214462460166	0.88481518953490
3.8180394549159	0.88465580335147
3.8146387326632	0.88449346032111
3.8112440630562	0.88432816989521
3.8078554299505	0.88415994167256
3.8044728172589	0.88398878539805
3.8010962089514	0.88381471096129
3.7977255890550	0.88363772839531
3.7943609416530	0.88345784787517
3.7910022508852	0.88327507971654
3.7876495009476	0.88308943437437
3.7843026760919	0.88290092244142
3.7809617606256	0.88270955464686
3.7776267389113	0.88251534185480
3.7742975953670	0.88231829506283
3.7709743144654	0.88211842540057
3.7676568807339	0.88191574412815
3.7643452787544	0.88171026263473
3.7610394931627	0.88150199243697
3.7577395086488	0.88129094517748
3.7544453099562	0.88107713262331
3.7511568818819	0.88086056666438
3.7478742092762	0.88064125931190
3.7445972770422	0.88041922269680
3.7413260701360	0.88019446906811
3.7380605735661	0.87996701079139
3.7348007723932	0.87973686034710
3.7315466517301	0.87950403032894
3.7282981967417	0.87926853344227
3.7250553926441	0.87903038250239
3.7218182247052	0.87878959043294
3.7185866782436	0.87854617026419
3.7153607386293	0.87830013513137
3.7121403912828	0.87805149827299
3.7089256216751	0.87780027302912
3.7057164153276	0.87754647283970
3.7025127578115	0.87729011124282
3.6993146347483	0.87703120187299
3.6961220318087	0.87676975845941
3.6929349347130	0.87650579482421
3.6897533292308	0.87623932488075
3.6865772011805	0.87597036263181
3.6834065364295	0.87569892216787
3.6802413208937	0.87542501766531
3.6770815405372	0.87514866338465
3.6739271813725	0.87486987366878
3.6707782294600	0.87458866294116
3.6676346709078	0.87430504570402
3.6644964918714	0.87401903653659
3.6613636785540	0.87373065009328
3.6582362172056	0.87343990110187
3.6551140941234	0.87314680436172
3.6519972956511	0.87285137474194
3.6488858081792	0.87255362717959
3.6457796181442	0.87225357667782
3.6426787120292	0.87195123830412
3.6395830763628	0.87164662718840
3.6364926977196	0.87133975852125
3.6334075627197	0.87103064755205
3.6303276580286	0.87071930958718
3.6272529703569	0.87040575998815
3.6241834864603	0.87009001416978
3.6211191931393	0.86977208759837
3.6180600772387	0.86945199578986
3.6150061256481	0.86912975430800
3.6119573253012	0.86880537876249
3.6089136631756	0.86847888480717
3.6058751262930	0.86815028813816
3.6028417017185	0.86781960449207
3.5998133765610	0.86748684964408
3.5967901379724	0.86715203940620
3.5937719731479	0.86681518962538
3.5907588693257	0.86647631618171
3.5877508137865	0.86613543498656
3.5847477938539	0.86579256198078
3.5817497968937	0.86544771313287
3.5787568103140	0.86510090443716
3.5757688215649	0.86475215191200
3.5727858181385	0.86440147159791
3.5698077875685	0.86404887955583
3.5668347174301	0.86369439186525
3.5638665953400	0.86333802462245
3.5609034089559	0.86297979393869
3.5579451459767	0.86261971593842
3.5549917941421	0.86225780675745
3.5520433412322	0.86189408254124
3.5490997750681	0.86152855944306
3.5461610835108	0.86116125362224
3.5432272544616	0.86079218124240
3.5402982758621	0.86042135846967
3.5373741356932	0.86004880147098
3.5344548219759	0.85967452641225
3.5315403227706	0.85929854945669
3.5286306261770	0.85892088676305
3.5257257203340	0.85854155448388
3.5228255934195	0.85816056876383
3.5199302336503	0.85777794573790
3.5170396292820	0.85739370152978
3.5141537686086	0.85700785225011
3.5112726399625	0.85662041399478
3.5083962317145	0.85623140284331
3.5055245322732	0.85584083485708
3.5026575300853	0.85544872607777
3.4997952136353	0.85505509252558
3.4969375714452	0.85465995019770
3.4940845920746	0.85426331506659
3.4912362641202	0.85386520307837
3.4883925762160	0.85346563015120
3.4855535170329	0.85306461217367
3.4827190752788	0.85266216500320
3.4798892396982	0.85225830446442
3.4770639990721	0.85185304634763
3.4742433422181	0.85144640640719
3.4714272579898	0.85103840035996
3.4686157352771	0.85062904388379
3.4658087630058	0.85021835261591
3.4630063301375	0.84980634215147
3.4602084256694	0.84939302804194
3.4574150386345	0.84897842579370
3.4546261581009	0.84856255086643
3.4518417731721	0.84814541867173
3.4490618729867	0.84772704457157
3.4462864467180	0.84730744387684
3.4435154835745	0.84688663184592
3.4407489727993	0.84646462368325
3.4379869036697	0.84604143453784
3.4352292654979	0.84561707950192
3.4324760476300	0.84519157360949
3.4297272394463	0.84476493183496
3.4269828303612	0.84433716909173
3.4242428098230	0.84390830023089
3.4215071673134	0.84347834003977
3.4187758923480	0.84304730324069
3.4160489744758	0.84261520448957
3.4133264032791	0.84218205837464
3.4106081683732	0.84174787941511
3.4078942594066	0.84131268205992
3.4051846660609	0.84087648068642
3.4024793780502	0.84043928959913
3.3997783851213	0.84000112302848
3.3970816770538	0.83956199512957
3.3943892436594	0.83912191998095
3.3917010747822	0.83868091158339
3.3890171602984	0.83823898385871
3.3863374901163	0.83779615064857
3.3836620541761	0.83735242571332
3.3809908424495	0.83690782273082
3.3783238449403	0.83646235529530
3.3756610516834	0.83601603691625
3.3730024527453	0.83556888101728
3.3703480382237	0.83512090093504
3.3676977982476	0.83467210991809
3.3650517229768	0.83422252112587
3.3624098026021	0.83377214762761
3.3597720273451	0.83332100240132
3.3571383874580	0.83286909833270
3.3545088732237	0.83241644821417
3.3518834749553	0.83196306474383
3.3492621829963	0.83150896052451
3.3466449877205	0.83105414806274
3.3440318795315	0.83059863976785
3.3414228488631	0.83014244795096
3.3388178861789	0.82968558482410
3.3362169819720	0.82922806249925
3.3336201267653	0.82876989298746
3.3310273111111	0.82831108819795
