#Parameters = {thARC=0.8; nARC=3; thsub=1; p=1; nSub=2}
#"Wavelength / um"	"T (269) [Real Part]"
#---------------------------------------
14.989622900000	0.65729231478792
14.937342202292	0.65657688360783
14.885424925521	0.65586426387777
14.833867293419	0.65515449694992
14.782665581854	0.65444762360010
14.731816117936	0.65374368403210
14.681315279138	0.65304271788198
14.631159492435	0.65234476422251
14.581345233463	0.65164986156760
14.531869025691	0.65095804787677
14.482727439614	0.65026936055966
14.433917091960	0.64958383648061
14.385434644914	0.64890151196321
14.337276805356	0.64822242279490
14.289440324118	0.64754660423168
14.241921995249	0.64687409100268
14.194718655303	0.64620491731495
14.147827182633	0.64553911685810
14.101244496707	0.64487672280908
14.054967557431	0.64421776783690
14.008993364486	0.64356228410744
13.963318956684	0.64291030328820
13.917941411328	0.64226185655312
13.872857843591	0.64161697458739
13.828065405904	0.64097568759227
13.783561287356	0.64033802528991
13.739342713107	0.63970401692819
13.695406943810	0.63907369128559
13.651751275046	0.63844707667598
13.608373036768	0.63782420095353
13.565269592760	0.63720509151751
13.522438340099	0.63658977531716
13.479876708633	0.63597827885654
13.437582160466	0.63537062819937
13.395552189455	0.63476684897384
13.353784320713	0.63416696637751
13.312276110124	0.63357100518205
13.271025143869	0.63297898973812
13.230029037952	0.63239094398016
13.189285437747	0.63180689143119
13.148792017544	0.63122685520756
13.108546480105	0.63065085802379
13.068546556234	0.63007892219726
13.028790004346	0.62951106965300
12.989274610052	0.62894732192840
12.949998185745	0.62838770017792
12.910958570198	0.62783222517780
12.872153628167	0.62728091733070
12.833581250000	0.62673379667038
12.795239351259	0.62619088286636
12.757125872340	0.62565219522848
12.719238778108	0.62511775271150
12.681576057530	0.62458757391973
12.644135723323	0.62406167711150
12.606915811606	0.62354008020372
12.569914381551	0.62302280077638
12.533129515050	0.62250985607700
12.496559316382	0.62200126302510
12.460201911887	0.62149703821660
12.424055449648	0.62099719792819
12.388118099174	0.62050175812178
12.352388051092	0.62001073444871
12.316863516845	0.61952414225417
12.281542728390	0.61904199658140
12.246423937908	0.61856431217597
12.211505417515	0.61809110349001
12.176785458976	0.61762238468635
12.142262373431	0.61715816964271
12.107934491115	0.61669847195582
12.073800161095	0.61624330494551
12.039857751004	0.61579268165874
12.006105646776	0.61534661487366
11.972542252396	0.61490511710360
11.939165989646	0.61446820060102
11.905975297855	0.61403587736142
11.872968633663	0.61360815912727
11.840144470774	0.61318505739182
11.807501299724	0.61276658340297
11.775037627651	0.61235274816704
11.742751978065	0.61194356245250
11.710642890625	0.61153903679374
11.678708920919	0.61113918149468
11.646948640249	0.61074400663251
11.615360635413	0.61035352206123
11.583943508501	0.60996773741525
11.552695876686	0.60958666211293
11.521616372022	0.60921030536009
11.490703641242	0.60883867615347
11.459956345566	0.60847178328419
11.429373160503	0.60810963534109
11.398952775665	0.60775224071414
11.368693894577	0.60739960759775
11.338595234493	0.60705174399404
11.308655526217	0.60670865771612
11.278873513920	0.60637035639127
11.249247954972	0.60603684746414
11.219777619760	0.60570813819989
11.190461291527	0.60538423568728
11.161297766195	0.60506514684174
11.132285852209	0.60475087840843
11.103424370370	0.60444143696517
11.074712153676	0.60413682892546
11.046148047163	0.60383706054137
11.017730907755	0.60354213790643
10.989459604106	0.60325206695848
10.961333016453	0.60296685348246
10.933350036470	0.60268650311320
10.905509567115	0.60241102133819
10.877810522496	0.60214041350022
10.850251827723	0.60187468480007
10.822832418773	0.60161384029916
10.795551242348	0.60135788492212
10.768407255747	0.60110682345934
10.741399426729	0.60086066056952
10.714526733381	0.60061940078213
10.687788163993	0.60038304849985
10.661182716927	0.60015160800103
10.634709400497	0.59992508344199
10.608367232838	0.59970347885945
10.582155241793	0.59948679817278
10.556072464789	0.59927504518628
10.530117948718	0.59906822359141
10.504290749825	0.59886633696902
10.478589933590	0.59866938879151
10.453014574616	0.59847738242491
10.427563756522	0.59829032113104
10.402236571825	0.59810820806955
10.377032121841	0.59793104629994
10.351949516575	0.59775883878355
10.326987874612	0.59759158838554
10.302146323024	0.59742929787678
10.277423997257	0.59727196993578
10.252820041040	0.59711960715053
10.228333606278	0.59697221202032
10.203963852961	0.59682978695751
10.179709949066	0.59669233428935
10.155571070461	0.59655985625962
10.131546400811	0.59643235503038
10.107635131490	0.59630983268362
10.083836461487	0.59619229122286
10.060149597315	0.59607973257475
10.036573752929	0.59597215859063
10.013108149633	0.59586957104808
9.9897520159947	0.59577197165237
9.9665045877660	0.59567936203796
9.9433651077944	0.59559174376992
9.9203328259431	0.59550911834530
9.8974069990096	0.59543148719453
9.8745868906456	0.59535885168275
9.8518717712783	0.59529121311111
9.8292609180328	0.59522857271803
9.8067536146549	0.59517093168043
9.7843491514360	0.59511829111500
9.7620468251384	0.59507065207931
9.7398459389214	0.59502801557298
9.7177458022690	0.59499038253882
9.6957457309185	0.59495775386387
9.6738450467893	0.59493013038051
9.6520430779137	0.59490751286745
9.6303391583681	0.59488990205073
9.6087326282051	0.59487729860468
9.5872228333866	0.59486970315288
9.5658091257179	0.59486711626904
9.5444908627826	0.59486953847789
9.5232674078780	0.59487697025601
9.5021381299525	0.59488941203266
9.4811024035421	0.59490686419058
9.4601596087094	0.59492932706671
9.4393091309824	0.59495680095296
9.4185503612944	0.59498928609686
9.3978826959248	0.59502678270228
9.3773055364404	0.59506929093006
9.3568182896380	0.59511681089861
9.3364203674868	0.59516934268447
9.3161111870727	0.59522688632292
9.2958901705426	0.59528944180849
9.2757567450495	0.59535700909543
9.2557103426984	0.59542958809820
9.2357504004929	0.59550717869192
9.2158763602828	0.59558978071278
9.1960876687117	0.59567739395841
9.1763837771656	0.59577001818825
9.1567641417227	0.59586765312390
9.1372282231027	0.59597029844938
9.1177754866180	0.59607795381143
9.0984054021244	0.59619061881977
9.0791174439733	0.59630829304728
9.0599110909640	0.59643097603023
9.0407858262967	0.59655866726842
9.0217411375263	0.59669136622534
9.0027765165165	0.59682907232825
8.9838914593947	0.59697178496828
8.9650854665072	0.59711950350048
8.9463580423754	0.59727222724387
8.9277086956522	0.59742995548139
8.9091369390788	0.59759268745992
8.8906422894425	0.59776042239022
8.8722242675348	0.59793315944683
8.8538823981099	0.59811089776796
8.8356162098438	0.59829363645540
8.8174252352941	0.59848137457431
8.7993090108600	0.59867411115304
8.7812670767428	0.59887184518294
8.7632989769073	0.59907457561809
8.7454042590432	0.59928230137508
8.7275824745269	0.59949502133263
8.7098331783847	0.59971273433136
8.6921559292549	0.59993543917338
8.6745502893519	0.60016313462194
8.6570158244297	0.60039581940103
8.6395521037464	0.60063349219493
8.6221587000288	0.60087615164780
8.6048351894374	0.60112379636315
8.5875811515325	0.60137642490335
8.5703961692396	0.60163403578910
8.5532798288160	0.60189662749890
8.5362317198178	0.60216419846838
8.5192514350668	0.60243674708977
8.5023385706183	0.60271427171122
8.4854927257288	0.60299677063614
8.4687135028249	0.60328424212250
8.4520005074711	0.60357668438212
8.4353533483399	0.60387409557993
8.4187716371806	0.60417647383316
8.4022549887892	0.60448381721060
8.3858030209790	0.60479612373173
8.3694153545505	0.60511339136587
8.3530916132627	0.60543561803133
8.3368314238042	0.60576280159447
8.3206344157646	0.60609493986878
8.3045002216066	0.60643203061394
8.2884284766381	0.60677407153480
8.2724188189845	0.60712106028042
8.2564708895621	0.60747299444297
8.2405843320506	0.60782987155669
8.2247587928669	0.60819168909683
8.2089939211391	0.60855844447848
8.1932893686800	0.60893013505546
8.1776447899618	0.60930675811914
8.1620598420909	0.60968831089722
8.1465341847826	0.61007479055254
8.1310674803363	0.61046619418182
8.1156593936113	0.61086251881434
8.1003095920022	0.61126376141071
8.0850177454153	0.61166991886146
8.0697835262450	0.61208098798572
8.0546066093498	0.61249696552986
8.0394866720300	0.61291784816600
8.0244233940043	0.61334363249065
8.0094164573871	0.61377431502321
7.9944655466667	0.61420989220445
7.9795703486825	0.61465036039505
7.9647305526036	0.61509571587399
7.9499458499072	0.61554595483701
7.9352159343568	0.61600107339502
7.9205405019815	0.61646106757244
7.9059192510549	0.61692593330555
7.8913518820742	0.61739566644083
7.8768380977404	0.61787026273323
7.8623776029373	0.61834971784444
7.8479701047120	0.61883402734113
7.8336153122550	0.61932318669313
7.8193129368805	0.61981719127169
7.8050626920073	0.62031603634752
7.7908642931393	0.62081971708902
7.7767174578470	0.62132822856034
7.7626219057483	0.62184156571943
7.7485773584906	0.62235972341614
7.7345835397317	0.62288269639019
7.7206401751223	0.62341047926920
7.7067469922879	0.62394306656663
7.6929037208109	0.62448045267974
7.6791100922131	0.62502263188748
7.6653658399386	0.62556959834839
7.6516706993364	0.62612134609846
7.6380244076433	0.62667786904895
7.6244267039674	0.62723916098419
7.6108773292714	0.62780521555939
7.5973760263558	0.62837602629834
7.5839225398432	0.62895158659118
7.5705166161616	0.62953188969207
7.5571580035291	0.63011692871688
7.5438464519376	0.63070669664082
7.5305817131374	0.63130118629605
7.5173635406219	0.63190039036930
7.5041916896120	0.63250430139940
7.4910659170415	0.63311291177485
7.4779859815415	0.63372621373131
7.4649516434263	0.63434419934911
7.4519626646781	0.63496686055068
7.4390188089330	0.63559418909801
7.4261198414664	0.63622617659004
7.4132655291790	0.63686281446006
7.4004556405826	0.63750409397307
7.3876899457861	0.63815000622308
7.3749682164822	0.63880054213046
7.3622902259332	0.63945569243919
7.3496557489581	0.64011544771415
7.3370645619187	0.64077979833831
7.3245164427071	0.64144873450996
7.3120111707317	0.64212224623991
7.2995485269053	0.64280032334862
7.2871282936315	0.64348295546335
7.2747502547925	0.64417013201527
7.2624141957364	0.64486184223655
7.2501199032648	0.64555807515741
7.2378671656205	0.64625881960318
7.2256557724753	0.64696406419132
7.2134855149182	0.64767379732837
7.2013561854432	0.64838800720700
7.1892675779376	0.64910668180289
7.1772194876706	0.64982980887171
7.1652117112811	0.65055737594599
7.1532440467669	0.65128937033202
7.1413162934731	0.65202577910672
7.1294282520809	0.65276658911450
7.1175797245964	0.65351178696404
7.1057705143399	0.65426135902513
7.0940004259347	0.65501529142544
7.0822692652965	0.65577357004730
7.0705768396226	0.65653618052443
7.0589229573817	0.65730310823868
7.0473074283028	0.65807433831672
7.0357300633654	0.65884985562676
7.0241906747891	0.65962964477522
7.0126890760234	0.66041369010336
7.0012250817375	0.66120197568397
6.9897985078107	0.66199448531795
6.9784091713222	0.66279120253095
6.9670568905415	0.66359211056997
6.9557414849188	0.66439719239991
6.9444627750753	0.66520643070018
6.9332205827937	0.66601980786122
6.9220147310090	0.66683730598108
6.9108450437990	0.66765890686192
6.8997113463751	0.66848459200653
6.8886134650735	0.66931434261488
6.8775512273457	0.67014813958055
6.8665244617499	0.67098596348728
6.8555329979419	0.67182779460545
6.8445766666667	0.67267361288849
6.8336552997493	0.67352339796941
6.8227687300865	0.67437712915726
6.8119167916383	0.67523478543351
6.8010993194192	0.67609634544859
6.7903161494904	0.67696178751827
6.7795671189507	0.67783108962012
6.7688520659291	0.67870422938998
6.7581708295762	0.67958118411831
6.7475232500563	0.68046193074673
6.7369091685393	0.68134644586438
6.7263284271932	0.68223470570436
6.7157808691756	0.68312668614022
6.7052663386267	0.68402236268234
6.6947846806610	0.68492171047440
6.6843357413601	0.68582470428983
6.6739193677649	0.68673131852825
6.6635354078684	0.68764152721193
6.6531837106081	0.68855530398228
6.6428641258586	0.68947262209629
6.6325765044248	0.69039345442305
6.6223206980340	0.69131777344022
6.6120965593295	0.69224555123056
6.6019039418630	0.69317675947842
6.5917427000879	0.69411136946631
6.5816126893524	0.69504935207144
6.5715137658922	0.69599067776229
6.5614457868243	0.69693531659516
6.5514086101399	0.69788323821085
6.5414020946978	0.69883441183121
6.5314261002179	0.69978880625583
6.5214804872743	0.70074638985871
6.5115651172893	0.70170713058493
6.5016798525266	0.70267099594739
6.4918245560849	0.70363795302356
6.4819990918919	0.70460796845225
6.4722033246978	0.70558100843041
6.4624371200690	0.70655703870999
6.4527003443823	0.70753602459480
6.4429928648184	0.70851793093738
6.4333145493562	0.70950272213603
6.4236652667667	0.71049036213170
6.4140448866068	0.71148081440505
6.4044532792138	0.71247404197351
6.3948903156997	0.71347000738838
6.3853558679446	0.71446867273197
6.3758498085921	0.71546999961479
6.3663720110427	0.71647394917280
6.3569223494487	0.71748048206471
6.3475006987084	0.71848955846926
6.3381069344609	0.71950113808270
6.3287409330800	0.72051518011617
6.3194025716695	0.72153164329320
6.3100917280572	0.72255048584734
6.3008082807902	0.72357166551968
6.2915521091291	0.72459513955663
6.2823230930427	0.72562086470758
6.2731211132036	0.72664879722278
6.2639460509820	0.72767889285116
6.2547977884415	0.72871110683830
6.2456762083333	0.72974539392447
6.2365811940919	0.73078170834268
6.2275126298297	0.73182000381687
6.2184704003319	0.73286023356015
6.2094543910522	0.73390235027309
6.2004644881075	0.73494630614219
6.1915005782734	0.73599205283829
6.1825625489792	0.73703954151519
6.1736502883031	0.73808872280826
6.1647636849681	0.73913954683326
6.1559026283368	0.74019196318509
6.1470670084068	0.74124592093679
6.1382567158067	0.74230136863851
6.1294716417910	0.74335825431667
6.1207116782360	0.74441652547318
6.1119767176351	0.74547612908474
6.1032666530945	0.74653701160230
6.0945813783289	0.74759911895054
6.0859207876573	0.74866239652758
6.0772847759984	0.74972678920469
6.0686732388664	0.75079224132613
6.0600860723671	0.75185869670920
6.0515231731934	0.75292609864427
6.0429844386212	0.75399438989501
6.0344697665056	0.75506351269873
6.0259790552764	0.75613340876684
6.0175122039342	0.75720401928543
6.0090691120465	0.75827528491596
6.0006496797438	0.75934714579611
5.9922538077154	0.76041954154076
5.9838813972056	0.76149241124309
5.9755323500100	0.76256569347577
5.9672065684713	0.76363932629243
5.9589039554760	0.76471324722908
5.9506244144502	0.76578739330583
5.9423678493558	0.76686170102864
5.9341341646873	0.76793610639132
5.9259232654675	0.76901054487759
5.9177350572444	0.77008495146332
5.9095694460871	0.77115926061895
5.9014263385827	0.77223340631202
5.8933056418321	0.77330732200986
5.8852072634472	0.77438094068250
5.8771311115468	0.77545419480565
5.8690770947533	0.77652701636388
5.8610451221896	0.77759933685400
5.8530351034752	0.77867108728852
5.8450469487229	0.77974219819937
5.8370805685358	0.78081259964174
5.8291358740035	0.78188222119804
5.8212127766990	0.78295099198216
5.8133111886756	0.78401884064377
5.8054310224632	0.78508569537289
5.7975721910656	0.78615148390456
5.7897346079567	0.78721613352376
5.7819181870781	0.78827957107047
5.7741228428351	0.78934172294487
5.7663484900942	0.79040251511283
5.7585950441798	0.79146187311146
5.7508624208709	0.79251972205496
5.7431505363985	0.79357598664053
5.7354593074421	0.79463059115458
5.7277886511272	0.79568345947906
5.7201384850219	0.79673451509801
5.7125087271341	0.79778368110427
5.7048992959087	0.79883088020640
5.6973101102242	0.79987603473578
5.6897410893908	0.80091906665394
5.6821921531463	0.80195989755999
5.6746632216544	0.80299844869836
5.6671542155009	0.80403464096661
5.6596650556919	0.80506839492357
5.6521956636501	0.80609963079752
5.6447459612126	0.80712826849471
5.6373158706281	0.80815422760795
5.6299053145540	0.80917742742550
5.6225142160540	0.81019778694007
5.6151424985952	0.81121522485803
5.6077900860456	0.81222965960889
5.6004569026714	0.81324100935484
5.5931428731343	0.81424919200062
5.5858479224893	0.81525412520347
5.5785719761816	0.81625572638334
5.5713149600446	0.81725391273325
5.5640768002970	0.81824860122989
5.5568574235403	0.81923970864436
5.5496567567568	0.82022715155309
5.5424747273063	0.82121084634902
5.5353112629247	0.82219070925290
5.5281662917204	0.82316665632477
5.5210397421731	0.82413860347569
5.5139315431304	0.82510646647957
5.5068416238060	0.82607016098523
5.4997699137773	0.82702960252863
5.4927163429828	0.82798470654527
5.4856808417200	0.82893538838276
5.4786633406433	0.82988156331360
5.4716637707611	0.83082314654805
5.4646820634342	0.83176005324726
5.4577181503732	0.83269219853648
5.4507719636364	0.83361949751853
5.4438434356274	0.83454186528735
5.4369324990932	0.83545921694170
5.4300390871219	0.83637146759912
5.4231631331404	0.83727853240991
5.4163045709124	0.83818032657136
5.4094633345363	0.83907676534204
5.4026393584430	0.83996776405635
5.3958325773938	0.84085323813904
5.3890429264785	0.84173310312007
5.3822703411131	0.84260727464940
5.3755147570378	0.84347566851205
5.3687761103152	0.84433820064322
5.3620543373278	0.84519478714358
5.3553493747767	0.84604534429459
5.3486611596789	0.84688978857399
5.3419896293656	0.84772803667145
5.3353347214807	0.84856000550419
5.3286963739780	0.84938561223282
5.3220745251198	0.85020477427719
5.3154691134752	0.85101740933241
5.3088800779175	0.85182343538486
5.3023073576229	0.85262277072838
5.2957508920685	0.85341533398044
5.2892106210303	0.85420104409842
5.2826864845815	0.85497982039601
5.2761784230905	0.85575158255954
5.2696863772192	0.85651625066451
5.2632102879213	0.85727374519203
5.2567500964405	0.85802398704540
5.2503057443082	0.85876689756670
5.2438771733427	0.85950239855338
5.2374643256464	0.86023041227489
5.2310671436050	0.86095086148939
5.2246855698850	0.86166366946034
5.2183195474326	0.86236875997325
5.2119690194715	0.86306605735230
5.2056339295016	0.86375548647703
5.1993142212973	0.86443697279901
5.1930098389052	0.86511044235844
5.1867207266436	0.86577582180082
5.1804468290997	0.86643303839347
5.1741880911288	0.86708202004211
5.1679444578521	0.86772269530736
5.1617158746556	0.86835499342117
5.1555022871883	0.86897884430324
5.1493036413604	0.86959417857731
5.1431198833419	0.87020092758742
5.1369509595613	0.87079902341412
5.1307968167037	0.87138839889053
5.1246574017094	0.87196898761837
5.1185326617722	0.87254072398380
5.1124225443383	0.87310354317332
5.1063269971044	0.87365738118935
5.1002459680163	0.87420217486589
5.0941794052676	0.87473786188387
5.0881272572980	0.87526438078656
5.0820894727920	0.87578167099466
5.0760660006773	0.87628967282137
5.0700567901235	0.87678832748725
5.0640617905405	0.87727757713494
5.0580809515775	0.87775736484369
5.0521142231210	0.87822763464379
5.0461615552937	0.87868833153069
5.0402228984533	0.87913940147907
5.0342982031906	0.87958079145666
5.0283874203287	0.88001244943782
5.0224905009214	0.88043432441699
5.0166073962517	0.88084636642191
5.0107380578305	0.88124852652657
5.0048824373957	0.88164075686399
4.9990404869101	0.88202301063878
4.9932121585610	0.88239524213941
4.9873974047579	0.88275740675026
4.9815961781323	0.88310946096350
4.9758084315353	0.88345136239053
4.9700341180371	0.88378306977340
4.9642731909256	0.88410454299577
4.9585256037049	0.88441574309370
4.9527913100942	0.88471663226612
4.9470702640264	0.88500717388507
4.9413624196473	0.88528733250559
4.9356677313138	0.88555707387540
4.9299861535932	0.88581636494418
4.9243176412615	0.88606517387264
4.9186621493027	0.88630347004126
4.9130196329072	0.88653122405868
4.9073900474709	0.88674840776987
4.9017733485939	0.88695499426385
4.8961694920790	0.88715095788123
4.8905784339315	0.88733627422130
4.8850001303569	0.88751092014889
4.8794345377604	0.88767487380084
4.8738816127459	0.88782811459215
4.8683413121143	0.88797062322178
4.8628135928629	0.88810238167814
4.8572984121841	0.88822337324419
4.8517957274640	0.88833358250226
4.8463054962819	0.88843299533841
4.8408276764088	0.88852159894657
4.8353622258065	0.88859938183221
4.8299091026261	0.88866633381574
4.8244682652076	0.88872244603549
4.8190396720784	0.88876771095036
4.8136232819525	0.88880212234212
4.8082190537289	0.88882567531731
4.8028269464915	0.88883836630882
4.7974469195071	0.88884019307705
4.7920789322251	0.88883115471077
4.7867229442759	0.88881125162758
4.7813789154705	0.88878048557400
4.7760468057989	0.88873885962518
4.7707265754297	0.88868637818432
4.7654181847083	0.88862304698162
4.7601215941569	0.88854887307292
4.7548367644726	0.88846386483800
4.7495636565272	0.88836803197847
4.7443022313657	0.88826138551530
4.7390524502055	0.88814393778605
4.7338142744355	0.88801570244162
4.7285876656151	0.88787669444280
4.7233725854735	0.88772693005632
4.7181689959081	0.88756642685060
4.7129768589844	0.88739520369122
4.7077961369347	0.88721328073589
4.7026267921569	0.88702067942922
4.6974687872140	0.88681742249703
4.6923220848333	0.88660353394041
4.6871866479049	0.88637903902937
4.6820624394815	0.88614396429621
4.6769494227769	0.88589833752850
4.6718475611657	0.88564218776180
4.6667568181818	0.88537554527199
4.6616771575183	0.88509844156730
4.6566085430258	0.88481090938007
4.6515509387122	0.88451298265811
4.6465043087415	0.88420469655585
4.6414686174330	0.88388608742506
4.6364438292607	0.88355719280542
4.6314299088522	0.88321805141467
4.6264268209877	0.88286870313853
4.6214345305997	0.88250918902033
4.6164530027718	0.88213955125034
4.6114822027380	0.88175983315486
4.6065220958820	0.88137007918498
4.6015726477360	0.88097033490517
4.5966338239804	0.88056064698148
4.5917055904426	0.88014106316966
4.5867879130967	0.87971163230283
4.5818807580621	0.87927240427910
4.5769840916031	0.87882343004882
4.5720978801281	0.87836476160166
4.5672220901889	0.87789645195347
4.5623566884797	0.87741855513291
4.5575016418364	0.87693112616784
4.5526569172361	0.87643422107156
4.5478224817961	0.87592789682882
4.5429983027731	0.87541221138166
4.5381843475628	0.87488722361501
4.5333805836988	0.87435299334221
4.5285869788520	0.87380958129024
4.5238035008299	0.87325704908489
4.5190301175761	0.87269545923571
4.5142667971691	0.87212487512082
4.5095135078219	0.87154536097158
4.5047702178813	0.87095698185715
4.5000368958271	0.87035980366884
4.4953135102714	0.86975389310444
4.4906000299581	0.86913931765234
4.4858964237618	0.86851614557559
4.4812026606876	0.86788444589584
4.4765187098701	0.86724428837720
4.4718445405728	0.86659574350997
4.4671801221875	0.86593888249435
4.4625254242334	0.86527377722400
4.4578804163569	0.86460050026955
4.4532450683304	0.86391912486213
4.4486193500519	0.86322972487671
4.4440032315446	0.86253237481547
4.4393966829557	0.86182714979112
4.4347996745562	0.86111412551018
4.4302121767401	0.86039337825619
4.4256341600236	0.85966498487297
4.4210655950450	0.85892902274779
4.4165064525633	0.85818556979460
4.4119567034584	0.85743470443714
4.4074163187298	0.85667650559223
4.4028852694963	0.85591105265287
4.3983635269953	0.85513842547150
4.3938510625824	0.85435870434323
4.3893478477306	0.85357196998905
4.3848538540295	0.85277830353918
4.3803690531853	0.85197778651634
4.3758934170194	0.85117050081912
4.3714269174686	0.85035652870542
4.3669695265841	0.84953595277591
4.3625212165309	0.84870885595756
4.3580819595871	0.84787532148720
4.3536517281441	0.84703543289523
4.3492304947048	0.84618927398935
4.3448182318841	0.84533692883834
4.3404149124077	0.84447848175601
4.3360205091119	0.84361401728520
4.3316349949429	0.84274362018182
4.3272583429561	0.84186737539909
4.3228905263158	0.84098536807182
4.3185315182944	0.84009768350079
4.3141812922723	0.83920440713732
4.3098398217366	0.83830562456784
4.3055070802815	0.83740142149871
4.3011830416069	0.83649188374105
4.2968676795184	0.83557709719577
4.2925609679267	0.83465714783873
4.2882628808468	0.83373212170600
4.2839733923978	0.83280210487927
4.2796924768023	0.83186718347145
4.2754201083856	0.83092744361236
4.2711562615757	0.82998297143459
4.2669009109024	0.82903385305953
4.2626540309967	0.82808017458351
4.2584155965909	0.82712202206418
4.2541855825174	0.82615948150696
4.2499639637085	0.82519263885171
4.2457507151961	0.82422157995958
4.2415458121109	0.82324639059994
4.2373492296820	0.82226715643762
4.2331609432364	0.82128396302021
4.2289809281986	0.82029689576556
4.2248091600902	0.81930603994951
4.2206456145291	0.81831148069373
4.2164902672293	0.81731330295381
4.2123430940003	0.81631159150745
4.2082040707468	0.81530643094290
4.2040731734680	0.81429790564761
4.1999503782572	0.81328609979694
4.1958356613016	0.81227109734321
4.1917289988814	0.81125298200484
4.1876303673697	0.81023183725572
4.1835397432319	0.80920774631477
4.1794571030252	0.80818079213566
4.1753824233983	0.80715105739678
4.1713156810909	0.80611862449133
4.1672568529330	0.80508357551769
4.1632059158450	0.80404599226991
4.1591628468368	0.80300595622840
4.1551276230076	0.80196354855091
4.1511002215453	0.80091885006353
4.1470806197261	0.79987194125209
4.1430687949143	0.79882290225355
4.1390647245616	0.79777181284776
4.1350683862069	0.79671875244932
4.1310797574755	0.79566380009962
4.1270988160793	0.79460703445914
4.1231255398157	0.79354853379989
4.1191599065677	0.79248837599807
4.1152018943034	0.79142663852691
4.1112514810752	0.79036339844971
4.1073086450199	0.78929873241305
4.1033733643581	0.78823271664019
4.0994456173937	0.78716542692472
4.0955253825137	0.78609693862430
4.0916126381875	0.78502732665466
4.0877073629670	0.78395666548375
4.0838095354856	0.78288502912608
4.0799191344584	0.78181249113728
4.0760361386812	0.78073912460875
4.0721605270307	0.77966500216262
4.0682922784638	0.77859019594677
4.0644313720174	0.77751477763007
4.0605777868075	0.77643881839784
4.0567315020298	0.77536238894742
4.0528924969582	0.77428555948396
4.0490607509454	0.77320839971633
4.0452362434219	0.77213097885326
4.0414189538959	0.77105336559960
4.0376088619529	0.76997562815278
4.0338059472551	0.76889783419941
4.0300101895416	0.76782005091203
4.0262215686274	0.76674234494610
4.0224400644036	0.76566478243705
4.0186656568365	0.76458742899752
4.0148983259676	0.76351034971479
4.0111380519133	0.76243360914834
4.0073848148643	0.76135727132753
4.0036385950855	0.76028139974948
3.9998993729153	0.75920605737708
3.9961671287657	0.75813130663713
3.9924418431216	0.75705720941861
3.9887234965407	0.75598382707117
3.9850120696531	0.75491122040365
3.9813075431607	0.75383944968282
3.9776098978373	0.75276857463222
3.9739191145281	0.75169865443112
3.9702351741491	0.75062974771367
3.9665580576872	0.74956191256807
3.9628877461996	0.74849520653601
3.9592242208135	0.74742968661210
3.9555674627260	0.74636540924349
3.9519174532033	0.74530243032963
3.9482741735809	0.74424080522205
3.9446376052632	0.74318058872440
3.9410077297226	0.74212183509246
3.9373845285001	0.74106459803436
3.9337679832043	0.74000893071086
3.9301580755113	0.73895488573576
3.9265547871644	0.73790251517640
3.9229580999738	0.73685187055424
3.9193679958164	0.73580300284562
3.9157844566353	0.73475596248252
3.9122074644395	0.73371079935351
3.9086370013038	0.73266756280466
3.9050730493682	0.73162630164073
3.9015155908381	0.73058706412627
3.8979646079834	0.72954989798689
3.8944200831385	0.72851485041067
3.8908819987021	0.72748196804952
3.8873503371369	0.72645129702070
3.8838250809690	0.72542288290847
3.8803062127880	0.72439677076570
3.8767937152463	0.72337300511562
3.8732875710594	0.72235162995365
3.8697877630050	0.72133268874932
3.8662942739231	0.72031622444814
3.8628070867156	0.71930227947371
3.8593261843460	0.71829089572975
3.8558515498392	0.71728211460228
3.8523831662812	0.71627597696183
3.8489210168186	0.71527252316569
3.8454650846588	0.71427179306028
3.8420153530693	0.71327382598348
3.8385718053777	0.71227866076711
3.8351344249712	0.71128633573942
3.8317031952965	0.71029688872759
3.8282780998595	0.70931035706038
3.8248591222251	0.70832677757068
3.8214462460166	0.70734618659830
3.8180394549159	0.70636861999258
3.8146387326632	0.70539411311523
3.8112440630562	0.70442270084312
3.8078554299505	0.70345441757110
3.8044728172589	0.70248929721489
3.8010962089514	0.70152737321399
3.7977255890550	0.70056867853464
3.7943609416530	0.69961324567280
3.7910022508852	0.69866110665712
3.7876495009476	0.69771229305201
3.7843026760919	0.69676683596073
3.7809617606256	0.69582476602842
3.7776267389113	0.69488611344524
3.7742975953670	0.69395090794952
3.7709743144654	0.69301917883091
3.7676568807339	0.69209095493356
3.7643452787544	0.69116626465930
3.7610394931627	0.69024513597088
3.7577395086488	0.68932759639518
3.7544453099562	0.68841367302648
3.7511568818819	0.68750339252969
3.7478742092762	0.68659678114363
3.7445972770422	0.68569386468433
3.7413260701360	0.68479466854829
3.7380605735661	0.68389921771582
3.7348007723932	0.68300753675431
3.7315466517301	0.68211964982156
3.7282981967417	0.68123558066911
3.7250553926441	0.68035535264556
3.7218182247052	0.67947898869986
3.7185866782436	0.67860651138469
3.7153607386293	0.67773794285978
3.7121403912828	0.67687330489521
3.7089256216751	0.67601261887477
3.7057164153276	0.67515590579926
3.7025127578115	0.67430318628984
3.6993146347483	0.67345448059134
3.6961220318087	0.67260980857557
3.6929349347130	0.67176918974465
3.6897533292308	0.67093264323426
3.6865772011805	0.67010018781702
3.6834065364295	0.66927184190570
3.6802413208937	0.66844762355654
3.6770815405372	0.66762755047253
3.6739271813725	0.66681164000663
3.6707782294600	0.66599990916504
3.6676346709078	0.66519237461043
3.6644964918714	0.66438905266520
3.6613636785540	0.66358995931461
3.6582362172056	0.66279511021005
3.6551140941234	0.66200452067221
3.6519972956511	0.66121820569419
3.6488858081792	0.66043617994473
3.6457796181442	0.65965845777127
3.6426787120292	0.65888505320314
3.6395830763628	0.65811597995459
3.6364926977196	0.65735125142790
3.6334075627197	0.65659088071646
3.6303276580286	0.65583488060779
3.6272529703569	0.65508326358654
3.6241834864603	0.65433604183755
3.6211191931393	0.65359322724878
3.6180600772387	0.65285483141431
3.6150061256481	0.65212086563723
3.6119573253012	0.65139134093262
3.6089136631756	0.65066626803036
3.6058751262930	0.64994565737810
3.6028417017185	0.64922951914401
3.5998133765610	0.64851786321967
3.5967901379724	0.64781069922285
3.5937719731479	0.64710803650027
3.5907588693257	0.64640988413037
3.5877508137865	0.64571625092602
3.5847477938539	0.64502714543723
3.5817497968937	0.64434257595381
3.5787568103140	0.64366255050803
3.5757688215649	0.64298707687724
3.5727858181385	0.64231616258644
3.5698077875685	0.64164981491089
3.5668347174301	0.64098804087861
3.5638665953400	0.64033084727290
3.5609034089559	0.63967824063485
3.5579451459767	0.63903022726577
3.5549917941421	0.63838681322963
3.5520433412322	0.63774800435544
3.5490997750681	0.63711380623965
3.5461610835108	0.63648422424848
3.5432272544616	0.63585926352023
3.5402982758621	0.63523892896758
3.5373741356932	0.63462322527981
3.5344548219759	0.63401215692508
3.5315403227706	0.63340572815256
3.5286306261770	0.63280394299467
3.5257257203340	0.63220680526916
3.5228255934195	0.63161431858123
3.5199302336503	0.63102648632563
3.5170396292820	0.63044331168868
3.5141537686086	0.62986479765030
3.5112726399625	0.62929094698601
3.5083962317145	0.62872176226884
3.5055245322732	0.62815724587130
3.5026575300853	0.62759739996727
3.4997952136353	0.62704222653383
3.4969375714452	0.62649172735315
3.4940845920746	0.62594590401424
3.4912362641202	0.62540475791473
3.4883925762160	0.62486829026266
3.4855535170329	0.62433650207812
3.4827190752788	0.62380939419500
3.4798892396982	0.62328696726256
3.4770639990721	0.62276922174712
3.4742433422181	0.62225615793362
3.4714272579898	0.62174777592716
3.4686157352771	0.62124407565455
3.4658087630058	0.62074505686577
3.4630063301375	0.62025071913549
3.4602084256694	0.61976106186445
3.4574150386345	0.61927608428086
3.4546261581009	0.61879578544184
3.4518417731721	0.61832016423466
3.4490618729867	0.61784921937814
3.4462864467180	0.61738294942384
3.4435154835745	0.61692135275741
3.4407489727993	0.61646442759970
3.4379869036697	0.61601217200803
3.4352292654979	0.61556458387730
3.4324760476300	0.61512166094113
3.4297272394463	0.61468340077295
3.4269828303612	0.61424980078707
3.4242428098230	0.61382085823970
3.4215071673134	0.61339657022997
3.4187758923480	0.61297693370089
3.4160489744758	0.61256194544031
3.4133264032791	0.61215160208180
3.4106081683732	0.61174590010558
3.4078942594066	0.61134483583932
3.4051846660609	0.61094840545901
3.4024793780502	0.61055660498972
3.3997783851213	0.61016943030638
3.3970816770538	0.60978687713452
3.3943892436594	0.60940894105095
3.3917010747822	0.60903561748445
3.3890171602984	0.60866690171644
3.3863374901163	0.60830278888153
3.3836620541761	0.60794327396819
3.3809908424495	0.60758835181925
3.3783238449403	0.60723801713246
3.3756610516834	0.60689226446096
3.3730024527453	0.60655108821378
3.3703480382237	0.60621448265629
3.3676977982476	0.60588244191060
3.3650517229768	0.60555495995592
3.3624098026021	0.60523203062899
3.3597720273451	0.60491364762434
3.3571383874580	0.60459980449464
3.3545088732237	0.60429049465094
3.3518834749553	0.60398571136297
3.3492621829963	0.60368544775930
3.3466449877205	0.60338969682757
3.3440318795315	0.60309845141465
3.3414228488631	0.60281170422678
3.3388178861789	0.60252944782966
3.3362169819720	0.60225167464859
3.3336201267653	0.60197837696846
3.3310273111111	0.60170954693384
