#Parameters = {thARC=0; nARC=1.25; thsub=1; p=1; nSub=2.25}
#"Wavelength / um"	"T (277) [Real Part]"
#---------------------------------------
14.989622900000	0.85207100774966
14.937342202292	0.85214352757322
14.885424925521	0.85221490035664
14.833867293419	0.85228513424528
14.782665581854	0.85235423737980
14.731816117936	0.85242221789573
14.681315279138	0.85248908392302
14.631159492435	0.85255484358568
14.581345233463	0.85261950500135
14.531869025691	0.85268307628090
14.482727439614	0.85274556552800
14.433917091960	0.85280698083877
14.385434644914	0.85286733030133
14.337276805356	0.85292662199543
14.289440324118	0.85298486399208
14.241921995249	0.85304206435311
14.194718655303	0.85309823113082
14.147827182633	0.85315337236759
14.101244496707	0.85320749609549
14.054967557431	0.85326061033591
14.008993364486	0.85331272309917
13.963318956684	0.85336384238418
13.917941411328	0.85341397617803
13.872857843591	0.85346313245566
13.828065405904	0.85351131917946
13.783561287356	0.85355854429894
13.739342713107	0.85360481575035
13.695406943810	0.85365014145635
13.651751275046	0.85369452932564
13.608373036768	0.85373798725259
13.565269592760	0.85378052311694
13.522438340099	0.85382214478344
13.479876708633	0.85386286010147
13.437582160466	0.85390267690478
13.395552189455	0.85394160301108
13.353784320713	0.85397964622176
13.312276110124	0.85401681432152
13.271025143869	0.85405311507809
13.230029037952	0.85408855624188
13.189285437747	0.85412314554567
13.148792017544	0.85415689070426
13.108546480105	0.85418979941423
13.068546556234	0.85422187935356
13.028790004346	0.85425313818136
12.989274610052	0.85428358353756
12.949998185745	0.85431322304259
12.910958570198	0.85434206429711
12.872153628167	0.85437011488170
12.833581250000	0.85439738235657
12.795239351259	0.85442387426128
12.757125872340	0.85444959811443
12.719238778108	0.85447456141342
12.681576057530	0.85449877163413
12.644135723323	0.85452223623065
12.606915811606	0.85454496263504
12.569914381551	0.85456695825702
12.533129515050	0.85458823048373
12.496559316382	0.85460878667944
12.460201911887	0.85462863418532
12.424055449648	0.85464778031916
12.388118099174	0.85466623237513
12.352388051092	0.85468399762350
12.316863516845	0.85470108331044
12.281542728390	0.85471749665773
12.246423937908	0.85473324486253
12.211505417515	0.85474833509716
12.176785458976	0.85476277450885
12.142262373431	0.85477657021949
12.107934491115	0.85478972932544
12.073800161095	0.85480225889724
12.039857751004	0.85481416597946
12.006105646776	0.85482545759044
11.972542252396	0.85483614072207
11.939165989646	0.85484622233956
11.905975297855	0.85485570938130
11.872968633663	0.85486460875855
11.840144470774	0.85487292735532
11.807501299724	0.85488067202810
11.775037627651	0.85488784960574
11.742751978065	0.85489446688915
11.710642890625	0.85490053065121
11.678708920919	0.85490604763649
11.646948640249	0.85491102456115
11.615360635413	0.85491546811266
11.583943508501	0.85491938494971
11.552695876686	0.85492278170195
11.521616372022	0.85492566496989
11.490703641242	0.85492804132466
11.459956345566	0.85492991730789
11.429373160503	0.85493129943149
11.398952775665	0.85493219417757
11.368693894577	0.85493260799817
11.338595234493	0.85493254731520
11.308655526217	0.85493201852023
11.278873513920	0.85493102797434
11.249247954972	0.85492958200800
11.219777619760	0.85492768692088
11.190461291527	0.85492534898174
11.161297766195	0.85492257442830
11.132285852209	0.85491936946705
11.103424370370	0.85491574027314
11.074712153676	0.85491169299029
11.046148047163	0.85490723373059
11.017730907755	0.85490236857441
10.989459604106	0.85489710357028
10.961333016453	0.85489144473474
10.933350036470	0.85488539805226
10.905509567115	0.85487896947509
10.877810522496	0.85487216492317
10.850251827723	0.85486499028401
10.822832418773	0.85485745141256
10.795551242348	0.85484955413115
10.768407255747	0.85484130422936
10.741399426729	0.85483270746391
10.714526733381	0.85482376955859
10.687788163993	0.85481449620415
10.661182716927	0.85480489305819
10.634709400497	0.85479496574513
10.608367232838	0.85478471985604
10.582155241793	0.85477416094862
10.556072464789	0.85476329454710
10.530117948718	0.85475212614216
10.504290749825	0.85474066119083
10.478589933590	0.85472890511646
10.453014574616	0.85471686330861
10.427563756522	0.85470454112303
10.402236571825	0.85469194388150
10.377032121841	0.85467907687190
10.351949516575	0.85466594534801
10.326987874612	0.85465255452955
10.302146323024	0.85463890960209
10.277423997257	0.85462501571697
10.252820041040	0.85461087799132
10.228333606278	0.85459650150791
10.203963852961	0.85458189131518
10.179709949066	0.85456705242719
10.155571070461	0.85455198982353
10.131546400811	0.85453670844933
10.107635131490	0.85452121321518
10.083836461487	0.85450550899715
10.060149597315	0.85448960063668
10.036573752929	0.85447349294064
10.013108149633	0.85445719068122
9.9897520159947	0.85444069859594
9.9665045877660	0.85442402138764
9.9433651077944	0.85440716372444
9.9203328259431	0.85439013023971
9.8974069990096	0.85437292553208
9.8745868906456	0.85435555416538
9.8518717712783	0.85433802066870
9.8292609180328	0.85432032953630
9.8067536146549	0.85430248522766
9.7843491514360	0.85428449216743
9.7620468251384	0.85426635474546
9.7398459389214	0.85424807731678
9.7177458022690	0.85422966420161
9.6957457309185	0.85421111968533
9.6738450467893	0.85419244801853
9.6520430779137	0.85417365341699
9.6303391583681	0.85415474006169
9.6087326282051	0.85413571209881
9.5872228333866	0.85411657363977
9.5658091257179	0.85409732876121
9.5444908627826	0.85407798150505
9.5232674078780	0.85405853587844
9.5021381299525	0.85403899585384
9.4811024035421	0.85401936536903
9.4601596087094	0.85399964832711
9.4393091309824	0.85397984859654
9.4185503612944	0.85395997001116
9.3978826959248	0.85394001637024
9.3773055364404	0.85391999143848
9.3568182896380	0.85389989894607
9.3364203674868	0.85387974258871
9.3161111870727	0.85385952602763
9.2958901705426	0.85383925288968
9.2757567450495	0.85381892676730
9.2557103426984	0.85379855121862
9.2357504004929	0.85377812976748
9.2158763602828	0.85375766590345
9.1960876687117	0.85373716308193
9.1763837771656	0.85371662472417
9.1567641417227	0.85369605421729
9.1372282231027	0.85367545491438
9.1177754866180	0.85365483013455
9.0984054021244	0.85363418316294
9.0791174439733	0.85361351725082
9.0599110909640	0.85359283561564
9.0407858262967	0.85357214144106
9.0217411375263	0.85355143787705
9.0027765165165	0.85353072803994
8.9838914593947	0.85351001501248
8.9650854665072	0.85348930184389
8.9463580423754	0.85346859154996
8.9277086956522	0.85344788711311
8.9091369390788	0.85342719148244
8.8906422894425	0.85340650757381
8.8722242675348	0.85338583826992
8.8538823981099	0.85336518642041
8.8356162098438	0.85334455484187
8.8174252352941	0.85332394631797
8.7993090108600	0.85330336359954
8.7812670767428	0.85328280940463
8.7632989769073	0.85326228641857
8.7454042590432	0.85324179729412
8.7275824745269	0.85322134465148
8.7098331783847	0.85320093107844
8.6921559292549	0.85318055913041
8.6745502893519	0.85316023133056
8.6570158244297	0.85313995016986
8.6395521037464	0.85311971810722
8.6221587000288	0.85309953756954
8.6048351894374	0.85307941095184
8.5875811515325	0.85305934061730
8.5703961692396	0.85303932889744
8.5532798288160	0.85301937809214
8.5362317198178	0.85299949046976
8.5192514350668	0.85297966826728
8.5023385706183	0.85295991369032
8.4854927257288	0.85294022891334
8.4687135028249	0.85292061607965
8.4520005074711	0.85290107730158
8.4353533483399	0.85288161466056
8.4187716371806	0.85286223020721
8.4022549887892	0.85284292596149
8.3858030209790	0.85282370391276
8.3694153545505	0.85280456601993
8.3530916132627	0.85278551421155
8.3368314238042	0.85276655038592
8.3206344157646	0.85274767641120
8.3045002216066	0.85272889412556
8.2884284766381	0.85271020533723
8.2724188189845	0.85269161182469
8.2564708895621	0.85267311533672
8.2405843320506	0.85265471759256
8.2247587928669	0.85263642028201
8.2089939211391	0.85261822506555
8.1932893686800	0.85260013357448
8.1776447899618	0.85258214741102
8.1620598420909	0.85256426814844
8.1465341847826	0.85254649733116
8.1310674803363	0.85252883647495
8.1156593936113	0.85251128706694
8.1003095920022	0.85249385056585
8.0850177454153	0.85247652840207
8.0697835262450	0.85245932197776
8.0546066093498	0.85244223266706
8.0394866720300	0.85242526181612
8.0244233940043	0.85240841074332
8.0094164573871	0.85239168073934
7.9944655466667	0.85237507306732
7.9795703486825	0.85235858896298
7.9647305526036	0.85234222963476
7.9499458499072	0.85232599626396
7.9352159343568	0.85230989000485
7.9205405019815	0.85229391198484
7.9059192510549	0.85227806330459
7.8913518820742	0.85226234503816
7.8768380977404	0.85224675823313
7.8623776029373	0.85223130391078
7.8479701047120	0.85221598306616
7.8336153122550	0.85220079666832
7.8193129368805	0.85218574566035
7.8050626920073	0.85217083095962
7.7908642931393	0.85215605345783
7.7767174578470	0.85214141402122
7.7626219057483	0.85212691349068
7.7485773584906	0.85211255268192
7.7345835397317	0.85209833238556
7.7206401751223	0.85208425336734
7.7067469922879	0.85207031636824
7.6929037208109	0.85205652210459
7.6791100922131	0.85204287126828
7.6653658399386	0.85202936452687
7.6516706993364	0.85201600252371
7.6380244076433	0.85200278587817
7.6244267039674	0.85198971518571
7.6108773292714	0.85197679101805
7.5973760263558	0.85196401392336
7.5839225398432	0.85195138442635
7.5705166161616	0.85193890302847
7.5571580035291	0.85192657020800
7.5438464519376	0.85191438642029
7.5305817131374	0.85190235209784
7.5173635406219	0.85189046765047
7.5041916896120	0.85187873346548
7.4910659170415	0.85186714990781
7.4779859815415	0.85185571732018
7.4649516434263	0.85184443602324
7.4519626646781	0.85183330631576
7.4390188089330	0.85182232847472
7.4261198414664	0.85181150275553
7.4132655291790	0.85180082939216
7.4004556405826	0.85179030859728
7.3876899457861	0.85177994056244
7.3749682164822	0.85176972545822
7.3622902259332	0.85175966343437
7.3496557489581	0.85174975462000
7.3370645619187	0.85173999912372
7.3245164427071	0.85173039703378
7.3120111707317	0.85172094841826
7.2995485269053	0.85171165332522
7.2871282936315	0.85170251178284
7.2747502547925	0.85169352379959
7.2624141957364	0.85168468936441
7.2501199032648	0.85167600844685
7.2378671656205	0.85166748099720
7.2256557724753	0.85165910694673
7.2134855149182	0.85165088620776
7.2013561854432	0.85164281867388
7.1892675779376	0.85163490422011
7.1772194876706	0.85162714270301
7.1652117112811	0.85161953396090
7.1532440467669	0.85161207781399
7.1413162934731	0.85160477406455
7.1294282520809	0.85159762249708
7.1175797245964	0.85159062287843
7.1057705143399	0.85158377495804
7.0940004259347	0.85157707846802
7.0822692652965	0.85157053312337
7.0705768396226	0.85156413862212
7.0589229573817	0.85155789464548
7.0473074283028	0.85155180085803
7.0357300633654	0.85154585690787
7.0241906747891	0.85154006242678
7.0126890760234	0.85153441703039
7.0012250817375	0.85152892031833
6.9897985078107	0.85152357187442
6.9784091713222	0.85151837126680
6.9670568905415	0.85151331804812
6.9557414849188	0.85150841175568
6.9444627750753	0.85150365191163
6.9332205827937	0.85149903802308
6.9220147310090	0.85149456958233
6.9108450437990	0.85149024606696
6.8997113463751	0.85148606694006
6.8886134650735	0.85148203165035
6.8775512273457	0.85147813963237
6.8665244617499	0.85147439030662
6.8555329979419	0.85147078307974
6.8445766666667	0.85146731734467
6.8336552997493	0.85146399248082
6.8227687300865	0.85146080785423
6.8119167916383	0.85145776281770
6.8010993194192	0.85145485671103
6.7903161494904	0.85145208886110
6.7795671189507	0.85144945858209
6.7688520659291	0.85144696517562
6.7581708295762	0.85144460793092
6.7475232500563	0.85144238612499
6.7369091685393	0.85144029902275
6.7263284271932	0.85143834587725
6.7157808691756	0.85143652592976
6.7052663386267	0.85143483841000
6.6947846806610	0.85143328253628
6.6843357413601	0.85143185751563
6.6739193677649	0.85143056254401
6.6635354078684	0.85142939680645
6.6531837106081	0.85142835947722
6.6428641258586	0.85142744971998
6.6325765044248	0.85142666668795
6.6223206980340	0.85142600952406
6.6120965593295	0.85142547736114
6.6019039418630	0.85142506932206
6.5917427000879	0.85142478451989
6.5816126893524	0.85142462205806
6.5715137658922	0.85142458103054
6.5614457868243	0.85142466052196
6.5514086101399	0.85142485960784
6.5414020946978	0.85142517735466
6.5314261002179	0.85142561282010
6.5214804872743	0.85142616505316
6.5115651172893	0.85142683309432
6.5016798525266	0.85142761597570
6.4918245560849	0.85142851272124
6.4819990918919	0.85142952234682
6.4722033246978	0.85143064386047
6.4624371200690	0.85143187626248
6.4527003443823	0.85143321854557
6.4429928648184	0.85143466969508
6.4333145493562	0.85143622868908
6.4236652667667	0.85143789449855
6.4140448866068	0.85143966608755
6.4044532792138	0.85144154241335
6.3948903156997	0.85144352242659
6.3853558679446	0.85144560507146
6.3758498085921	0.85144778928583
6.3663720110427	0.85145007400142
6.3569223494487	0.85145245814393
6.3475006987084	0.85145494063324
6.3381069344609	0.85145752038350
6.3287409330800	0.85146019630336
6.3194025716695	0.85146296729606
6.3100917280572	0.85146583225959
6.3008082807902	0.85146879008691
6.2915521091291	0.85147183966598
6.2823230930427	0.85147497988005
6.2731211132036	0.85147820960770
6.2639460509820	0.85148152772304
6.2547977884415	0.85148493309587
6.2456762083333	0.85148842459180
6.2365811940919	0.85149200107241
6.2275126298297	0.85149566139542
6.2184704003319	0.85149940441481
6.2094543910522	0.85150322898098
6.2004644881075	0.85150713394089
6.1915005782734	0.85151111813823
6.1825625489792	0.85151518041355
6.1736502883031	0.85151931960438
6.1647636849681	0.85152353454545
6.1559026283368	0.85152782406875
6.1470670084068	0.85153218700372
6.1382567158067	0.85153662217742
6.1294716417910	0.85154112841459
6.1207116782360	0.85154570453789
6.1119767176351	0.85155034936797
6.1032666530945	0.85155506172366
6.0945813783289	0.85155984042208
6.0859207876573	0.85156468427880
6.0772847759984	0.85156959210796
6.0686732388664	0.85157456272244
6.0600860723671	0.85157959493398
6.0515231731934	0.85158468755333
6.0429844386212	0.85158983939036
6.0344697665056	0.85159504925423
6.0259790552764	0.85160031595354
6.0175122039342	0.85160563829640
6.0090691120465	0.85161101509064
6.0006496797438	0.85161644514391
5.9922538077154	0.85162192726382
5.9838813972056	0.85162746025805
5.9755323500100	0.85163304293456
5.9672065684713	0.85163867410161
5.9589039554760	0.85164435256801
5.9506244144502	0.85165007714315
5.9423678493558	0.85165584663721
5.9341341646873	0.85166165986123
5.9259232654675	0.85166751562729
5.9177350572444	0.85167341274861
5.9095694460871	0.85167935003967
5.9014263385827	0.85168532631638
5.8933056418321	0.85169134039616
5.8852072634472	0.85169739109808
5.8771311115468	0.85170347724303
5.8690770947533	0.85170959765376
5.8610451221896	0.85171575115509
5.8530351034752	0.85172193657398
5.8450469487229	0.85172815273967
5.8370805685358	0.85173439848381
5.8291358740035	0.85174067264057
5.8212127766990	0.85174697404675
5.8133111886756	0.85175330154195
5.8054310224632	0.85175965396861
5.7975721910656	0.85176603017221
5.7897346079567	0.85177242900134
5.7819181870781	0.85177884930782
5.7741228428351	0.85178528994683
5.7663484900942	0.85179174977704
5.7585950441798	0.85179822766068
5.7508624208709	0.85180472246368
5.7431505363985	0.85181123305582
5.7354593074421	0.85181775831076
5.7277886511272	0.85182429710623
5.7201384850219	0.85183084832410
5.7125087271341	0.85183741085050
5.7048992959087	0.85184398357593
5.6973101102242	0.85185056539537
5.6897410893908	0.85185715520839
5.6821921531463	0.85186375191926
5.6746632216544	0.85187035443702
5.6671542155009	0.85187696167565
5.6596650556919	0.85188357255412
5.6521956636501	0.85189018599652
5.6447459612126	0.85189680093217
5.6373158706281	0.85190341629569
5.6299053145540	0.85191003102713
5.6225142160540	0.85191664407206
5.6151424985952	0.85192325438168
5.6077900860456	0.85192986091289
5.6004569026714	0.85193646262841
5.5931428731343	0.85194305849691
5.5858479224893	0.85194964749302
5.5785719761816	0.85195622859752
5.5713149600446	0.85196280079735
5.5640768002970	0.85196936308579
5.5568574235403	0.85197591446246
5.5496567567568	0.85198245393349
5.5424747273063	0.85198898051157
5.5353112629247	0.85199549321604
5.5281662917204	0.85200199107301
5.5210397421731	0.85200847311541
5.5139315431304	0.85201493838309
5.5068416238060	0.85202138592292
5.4997699137773	0.85202781478887
5.4927163429828	0.85203422404208
5.4856808417200	0.85204061275094
5.4786633406433	0.85204697999122
5.4716637707611	0.85205332484608
5.4646820634342	0.85205964640622
5.4577181503732	0.85206594376991
5.4507719636364	0.85207221604308
5.4438434356274	0.85207846233943
5.4369324990932	0.85208468178045
5.4300390871219	0.85209087349556
5.4231631331404	0.85209703662211
5.4163045709124	0.85210317030555
5.4094633345363	0.85210927369939
5.4026393584430	0.85211534596538
5.3958325773938	0.85212138627350
5.3890429264785	0.85212739380208
5.3822703411131	0.85213336773785
5.3755147570378	0.85213930727599
5.3687761103152	0.85214521162024
5.3620543373278	0.85215107998292
5.3553493747767	0.85215691158505
5.3486611596789	0.85216270565635
5.3419896293656	0.85216846143534
5.3353347214807	0.85217417816941
5.3286963739780	0.85217985511486
5.3220745251198	0.85218549153697
5.3154691134752	0.85219108671004
5.3088800779175	0.85219663991748
5.3023073576229	0.85220215045187
5.2957508920685	0.85220761761495
5.2892106210303	0.85221304071777
5.2826864845815	0.85221841908067
5.2761784230905	0.85222375203336
5.2696863772192	0.85222903891498
5.2632102879213	0.85223427907414
5.2567500964405	0.85223947186897
5.2503057443082	0.85224461666716
5.2438771733427	0.85224971284603
5.2374643256464	0.85225475979256
5.2310671436050	0.85225975690345
5.2246855698850	0.85226470358514
5.2183195474326	0.85226959925387
5.2119690194715	0.85227444333573
5.2056339295016	0.85227923526667
5.1993142212973	0.85228397449259
5.1930098389052	0.85228866046933
5.1867207266436	0.85229329266274
5.1804468290997	0.85229787054870
5.1741880911288	0.85230239361316
5.1679444578521	0.85230686135218
5.1617158746556	0.85231127327196
5.1555022871883	0.85231562888888
5.1493036413604	0.85231992772952
5.1431198833419	0.85232416933068
5.1369509595613	0.85232835323946
5.1307968167037	0.85233247901322
5.1246574017094	0.85233654621966
5.1185326617722	0.85234055443682
5.1124225443383	0.85234450325311
5.1063269971044	0.85234839226735
5.1002459680163	0.85235222108876
5.0941794052676	0.85235598933702
5.0881272572980	0.85235969664226
5.0820894727920	0.85236334264509
5.0760660006773	0.85236692699663
5.0700567901235	0.85237044935851
5.0640617905405	0.85237390940291
5.0580809515775	0.85237730681254
5.0521142231210	0.85238064128068
5.0461615552937	0.85238391251120
5.0402228984533	0.85238712021855
5.0342982031906	0.85239026412777
5.0283874203287	0.85239334397453
5.0224905009214	0.85239635950510
5.0166073962517	0.85239931047639
5.0107380578305	0.85240219665595
5.0048824373957	0.85240501782195
4.9990404869101	0.85240777376321
4.9932121585610	0.85241046427921
4.9873974047579	0.85241308918005
4.9815961781323	0.85241564828651
4.9758084315353	0.85241814143001
4.9700341180371	0.85242056845261
4.9642731909256	0.85242292920702
4.9585256037049	0.85242522355659
4.9527913100942	0.85242745137534
4.9470702640264	0.85242961254787
4.9413624196473	0.85243170696944
4.9356677313138	0.85243373454594
4.9299861535932	0.85243569519384
4.9243176412615	0.85243758884022
4.9186621493027	0.85243941542276
4.9130196329072	0.85244117488971
4.9073900474709	0.85244286719988
4.9017733485939	0.85244449232264
4.8961694920790	0.85244605023788
4.8905784339315	0.85244754093603
4.8850001303569	0.85244896441799
4.8794345377604	0.85245032069516
4.8738816127459	0.85245160978941
4.8683413121143	0.85245283173304
4.8628135928629	0.85245398656876
4.8572984121841	0.85245507434968
4.8517957274640	0.85245609513931
4.8463054962819	0.85245704901147
4.8408276764088	0.85245793605032
4.8353622258065	0.85245875635030
4.8299091026261	0.85245951001613
4.8244682652076	0.85246019716275
4.8190396720784	0.85246081791533
4.8136232819525	0.85246137240918
4.8082190537289	0.85246186078977
4.8028269464915	0.85246228321267
4.7974469195071	0.85246263984353
4.7920789322251	0.85246293085802
4.7867229442759	0.85246315644182
4.7813789154705	0.85246331679058
4.7760468057989	0.85246341210984
4.7707265754297	0.85246344261506
4.7654181847083	0.85246340853150
4.7601215941569	0.85246331009425
4.7548367644726	0.85246314754814
4.7495636565272	0.85246292114771
4.7443022313657	0.85246263115717
4.7390524502055	0.85246227785033
4.7338142744355	0.85246186151059
4.7285876656151	0.85246138243086
4.7233725854735	0.85246084091353
4.7181689959081	0.85246023727041
4.7129768589844	0.85245957182267
4.7077961369347	0.85245884490080
4.7026267921569	0.85245805684456
4.6974687872140	0.85245720800291
4.6923220848333	0.85245629873397
4.6871866479049	0.85245532940493
4.6820624394815	0.85245430039206
4.6769494227769	0.85245321208057
4.6718475611657	0.85245206486460
4.6667568181818	0.85245085914716
4.6616771575183	0.85244959534004
4.6566085430258	0.85244827386376
4.6515509387122	0.85244689514753
4.6465043087415	0.85244545962914
4.6414686174330	0.85244396775493
4.6364438292607	0.85244241997970
4.6314299088522	0.85244081676667
4.6264268209877	0.85243915858737
4.6214345305997	0.85243744592162
4.6164530027718	0.85243567925741
4.6114822027380	0.85243385909086
4.6065220958820	0.85243198592615
4.6015726477360	0.85243006027541
4.5966338239804	0.85242808265868
4.5917055904426	0.85242605360384
4.5867879130967	0.85242397364649
4.5818807580621	0.85242184332992
4.5769840916031	0.85241966320500
4.5720978801281	0.85241743383012
4.5672220901889	0.85241515577110
4.5623566884797	0.85241282960109
4.5575016418364	0.85241045590054
4.5526569172361	0.85240803525706
4.5478224817961	0.85240556826536
4.5429983027731	0.85240305552719
4.5381843475628	0.85240049765119
4.5333805836988	0.85239789525287
4.5285869788520	0.85239524895450
4.5238035008299	0.85239255938498
4.5190301175761	0.85238982717982
4.5142667971691	0.85238705298099
4.5095135078219	0.85238423743689
4.5047702178813	0.85238138120217
4.5000368958271	0.85237848493773
4.4953135102714	0.85237554931057
4.4906000299581	0.85237257499371
4.4858964237618	0.85236956266608
4.4812026606876	0.85236651301247
4.4765187098701	0.85236342672336
4.4718445405728	0.85236030449488
4.4671801221875	0.85235714702871
4.4625254242334	0.85235395503192
4.4578804163569	0.85235072921694
4.4532450683304	0.85234747030144
4.4486193500519	0.85234417900817
4.4440032315446	0.85234085606496
4.4393966829557	0.85233750220451
4.4347996745562	0.85233411816436
4.4302121767401	0.85233070468677
4.4256341600236	0.85232726251856
4.4210655950450	0.85232379241109
4.4165064525633	0.85232029512007
4.4119567034584	0.85231677140551
4.4074163187298	0.85231322203157
4.4028852694963	0.85230964776649
4.3983635269953	0.85230604938243
4.3938510625824	0.85230242765541
4.3893478477306	0.85229878336513
4.3848538540295	0.85229511729493
4.3803690531853	0.85229143023165
4.3758934170194	0.85228772296548
4.3714269174686	0.85228399628987
4.3669695265841	0.85228025100145
4.3625212165309	0.85227648789985
4.3580819595871	0.85227270778761
4.3536517281441	0.85226891147007
4.3492304947048	0.85226509975524
4.3448182318841	0.85226127345368
4.3404149124077	0.85225743337838
4.3360205091119	0.85225358034463
4.3316349949429	0.85224971516993
4.3272583429561	0.85224583867383
4.3228905263158	0.85224195167782
4.3185315182944	0.85223805500520
4.3141812922723	0.85223414948097
4.3098398217366	0.85223023593171
4.3055070802815	0.85222631518541
4.3011830416069	0.85222238807140
4.2968676795184	0.85221845542016
4.2925609679267	0.85221451806328
4.2882628808468	0.85221057683322
4.2839733923978	0.85220663256329
4.2796924768023	0.85220268608744
4.2754201083856	0.85219873824015
4.2711562615757	0.85219478985635
4.2669009109024	0.85219084177120
4.2626540309967	0.85218689482002
4.2584155965909	0.85218294983815
4.2541855825174	0.85217900766080
4.2499639637085	0.85217506912291
4.2457507151961	0.85217113505905
4.2415458121109	0.85216720630324
4.2373492296820	0.85216328368886
4.2331609432364	0.85215936804848
4.2289809281986	0.85215546021372
4.2248091600902	0.85215156101515
4.2206456145291	0.85214767128211
4.2164902672293	0.85214379184261
4.2123430940003	0.85213992352314
4.2082040707468	0.85213606714860
4.2040731734680	0.85213222354209
4.1999503782572	0.85212839352482
4.1958356613016	0.85212457791593
4.1917289988814	0.85212077753239
4.1876303673697	0.85211699318883
4.1835397432319	0.85211322569741
4.1794571030252	0.85210947586765
4.1753824233983	0.85210574450633
4.1713156810909	0.85210203241732
4.1672568529330	0.85209834040144
4.1632059158450	0.85209466925630
4.1591628468368	0.85209101977620
4.1551276230076	0.85208739275194
4.1511002215453	0.85208378897068
4.1470806197261	0.85208020921582
4.1430687949143	0.85207665426683
4.1390647245616	0.85207312489911
4.1350683862069	0.85206962188385
4.1310797574755	0.85206614598784
4.1270988160793	0.85206269797341
4.1231255398157	0.85205927859819
4.1191599065677	0.85205588861500
4.1152018943034	0.85205252877171
4.1112514810752	0.85204919981109
4.1073086450199	0.85204590247063
4.1033733643581	0.85204263748241
4.0994456173937	0.85203940557297
4.0955253825137	0.85203620746311
4.0916126381875	0.85203304386779
4.0877073629670	0.85202991549594
4.0838095354856	0.85202682305034
4.0799191344584	0.85202376722742
4.0760361386812	0.85202074871718
4.0721605270307	0.85201776820297
4.0682922784638	0.85201482636137
4.0644313720174	0.85201192386203
4.0605777868075	0.85200906136751
4.0567315020298	0.85200623953314
4.0528924969582	0.85200345900687
4.0490607509454	0.85200072042909
4.0452362434219	0.85199802443249
4.0414189538959	0.85199537164192
4.0376088619529	0.85199276267420
4.0338059472551	0.85199019813800
4.0300101895416	0.85198767863368
4.0262215686274	0.85198520475312
4.0224400644036	0.85198277707955
4.0186656568365	0.85198039618743
4.0148983259676	0.85197806264230
4.0111380519133	0.85197577700057
4.0073848148643	0.85197353980940
4.0036385950855	0.85197135160657
3.9998993729153	0.85196921292025
3.9961671287657	0.85196712426893
3.9924418431216	0.85196508616119
3.9887234965407	0.85196309909560
3.9850120696531	0.85196116356050
3.9813075431607	0.85195928003391
3.9776098978373	0.85195744898335
3.9739191145281	0.85195567086564
3.9702351741491	0.85195394612680
3.9665580576872	0.85195227520189
3.9628877461996	0.85195065851480
3.9592242208135	0.85194909647814
3.9555674627260	0.85194758949307
3.9519174532033	0.85194613794915
3.9482741735809	0.85194474222416
3.9446376052632	0.85194340268396
3.9410077297226	0.85194211968234
3.9373845285001	0.85194089356083
3.9337679832043	0.85193972464860
3.9301580755113	0.85193861326223
3.9265547871644	0.85193755970560
3.9229580999738	0.85193656426973
3.9193679958164	0.85193562723262
3.9157844566353	0.85193474885907
3.9122074644395	0.85193392940054
3.9086370013038	0.85193316909502
3.9050730493682	0.85193246816681
3.9015155908381	0.85193182682641
3.8979646079834	0.85193124527038
3.8944200831385	0.85193072368110
3.8908819987021	0.85193026222673
3.8873503371369	0.85192986106093
3.8838250809690	0.85192952032282
3.8803062127880	0.85192924013673
3.8767937152463	0.85192902061210
3.8732875710594	0.85192886184329
3.8697877630050	0.85192876390947
3.8662942739231	0.85192872687441
3.8628070867156	0.85192875078634
3.8593261843460	0.85192883567784
3.8558515498392	0.85192898156560
3.8523831662812	0.85192918845036
3.8489210168186	0.85192945631668
3.8454650846588	0.85192978513282
3.8420153530693	0.85193017485057
3.8385718053777	0.85193062540513
3.8351344249712	0.85193113671490
3.8317031952965	0.85193170868138
3.8282780998595	0.85193234118898
3.8248591222251	0.85193303410489
3.8214462460166	0.85193378727892
3.8180394549159	0.85193460054332
3.8146387326632	0.85193547371269
3.8112440630562	0.85193640658377
3.8078554299505	0.85193739893531
3.8044728172589	0.85193845052792
3.8010962089514	0.85193956110391
3.7977255890550	0.85194073038717
3.7943609416530	0.85194195808296
3.7910022508852	0.85194324387782
3.7876495009476	0.85194458743939
3.7843026760919	0.85194598841627
3.7809617606256	0.85194744643786
3.7776267389113	0.85194896111422
3.7742975953670	0.85195053203594
3.7709743144654	0.85195215877394
3.7676568807339	0.85195384087940
3.7643452787544	0.85195557788352
3.7610394931627	0.85195736929746
3.7577395086488	0.85195921461215
3.7544453099562	0.85196111329813
3.7511568818819	0.85196306480546
3.7478742092762	0.85196506856353
3.7445972770422	0.85196712398090
3.7413260701360	0.85196923044524
3.7380605735661	0.85197138732307
3.7348007723932	0.85197359395974
3.7315466517301	0.85197584967917
3.7282981967417	0.85197815378381
3.7250553926441	0.85198050555443
3.7218182247052	0.85198290425001
3.7185866782436	0.85198534910760
3.7153607386293	0.85198783934217
3.7121403912828	0.85199037414647
3.7089256216751	0.85199295269092
3.7057164153276	0.85199557412343
3.7025127578115	0.85199823756930
3.6993146347483	0.85200094213104
3.6961220318087	0.85200368688830
3.6929349347130	0.85200647089768
3.6897533292308	0.85200929319260
3.6865772011805	0.85201215278321
3.6834065364295	0.85201504865619
3.6802413208937	0.85201797977469
3.6770815405372	0.85202094507815
3.6739271813725	0.85202394348216
3.6707782294600	0.85202697387839
3.6676346709078	0.85203003513440
3.6644964918714	0.85203312609353
3.6613636785540	0.85203624557479
3.6582362172056	0.85203939237270
3.6551140941234	0.85204256525722
3.6519972956511	0.85204576297354
3.6488858081792	0.85204898424204
3.6457796181442	0.85205222775809
3.6426787120292	0.85205549219201
3.6395830763628	0.85205877618887
3.6364926977196	0.85206207836840
3.6334075627197	0.85206539732489
3.6303276580286	0.85206873162704
3.6272529703569	0.85207207981785
3.6241834864603	0.85207544041451
3.6211191931393	0.85207881190825
3.6180600772387	0.85208219276430
3.6150061256481	0.85208558142167
3.6119573253012	0.85208897629313
3.6089136631756	0.85209237576504
3.6058751262930	0.85209577819724
3.6028417017185	0.85209918192297
3.5998133765610	0.85210258524875
3.5967901379724	0.85210598645424
3.5937719731479	0.85210938379217
3.5907588693257	0.85211277548819
3.5877508137865	0.85211615974082
3.5847477938539	0.85211953472129
3.5817497968937	0.85212289857348
3.5787568103140	0.85212624941377
3.5757688215649	0.85212958533097
3.5727858181385	0.85213290438622
3.5698077875685	0.85213620461288
3.5668347174301	0.85213948401641
3.5638665953400	0.85214274057433
3.5609034089559	0.85214597223604
3.5579451459767	0.85214917692281
3.5549917941421	0.85215235252763
3.5520433412322	0.85215549691512
3.5490997750681	0.85215860792146
3.5461610835108	0.85216168335430
3.5432272544616	0.85216472099263
3.5402982758621	0.85216771858674
3.5373741356932	0.85217067385812
3.5344548219759	0.85217358449932
3.5315403227706	0.85217644817397
3.5286306261770	0.85217926251659
3.5257257203340	0.85218202513256
3.5228255934195	0.85218473359806
3.5199302336503	0.85218738545993
3.5170396292820	0.85218997823564
3.5141537686086	0.85219250941318
3.5112726399625	0.85219497645102
3.5083962317145	0.85219737677800
3.5055245322732	0.85219970779327
3.5026575300853	0.85220196686622
3.4997952136353	0.85220415133642
3.4969375714452	0.85220625851353
3.4940845920746	0.85220828567723
3.4912362641202	0.85221023007718
3.4883925762160	0.85221208893294
3.4855535170329	0.85221385943389
3.4827190752788	0.85221553873920
3.4798892396982	0.85221712397775
3.4770639990721	0.85221861224805
3.4742433422181	0.85222000061824
3.4714272579898	0.85222128612599
3.4686157352771	0.85222246577843
3.4658087630058	0.85222353655215
3.4630063301375	0.85222449539312
3.4602084256694	0.85222533921662
3.4574150386345	0.85222606490723
3.4546261581009	0.85222666931874
3.4518417731721	0.85222714927417
3.4490618729867	0.85222750156564
3.4462864467180	0.85222772295441
3.4435154835745	0.85222781017078
3.4407489727993	0.85222775991408
3.4379869036697	0.85222756885263
3.4352292654979	0.85222723362370
3.4324760476300	0.85222675083349
3.4297272394463	0.85222611705705
3.4269828303612	0.85222532883833
3.4242428098230	0.85222438269007
3.4215071673134	0.85222327509384
3.4187758923480	0.85222200249995
3.4160489744758	0.85222056132750
3.4133264032791	0.85221894796429
3.4106081683732	0.85221715876684
3.4078942594066	0.85221519006037
3.4051846660609	0.85221303813876
3.4024793780502	0.85221069926456
3.3997783851213	0.85220816966898
3.3970816770538	0.85220544555184
3.3943892436594	0.85220252308161
3.3917010747822	0.85219939839539
3.3890171602984	0.85219606759887
3.3863374901163	0.85219252676638
3.3836620541761	0.85218877194085
3.3809908424495	0.85218479913384
3.3783238449403	0.85218060432550
3.3756610516834	0.85217618346462
3.3730024527453	0.85217153246863
3.3703480382237	0.85216664722357
3.3676977982476	0.85216152358414
3.3650517229768	0.85215615737371
3.3624098026021	0.85215054438431
3.3597720273451	0.85214468037667
3.3571383874580	0.85213856108022
3.3545088732237	0.85213218219315
3.3518834749553	0.85212553938238
3.3492621829963	0.85211862828361
3.3466449877205	0.85211144450136
3.3440318795315	0.85210398360897
3.3414228488631	0.85209624114867
3.3388178861789	0.85208821263156
3.3362169819720	0.85207989353772
3.3336201267653	0.85207127931616
3.3310273111111	0.85206236538494
