#Parameters = {thARC=1; nARC=1; thsub=1; p=1; nSub=2.25}
#"Wavelength / um"	"T (276) [Real Part]"
#---------------------------------------
14.989622900000	0.85207063419594
14.937342202292	0.85207775052606
14.885424925521	0.85208463128482
14.833867293419	0.85209128050325
14.782665581854	0.85209770217321
14.731816117936	0.85210390024746
14.681315279138	0.85210987863984
14.631159492435	0.85211564122534
14.581345233463	0.85212119184030
14.531869025691	0.85212653428249
14.482727439614	0.85213167231124
14.433917091960	0.85213660964763
14.385434644914	0.85214134997455
14.337276805356	0.85214589693693
14.289440324118	0.85215025414178
14.241921995249	0.85215442515843
14.194718655303	0.85215841351860
14.147827182633	0.85216222271661
14.101244496707	0.85216585620947
14.054967557431	0.85216931741707
14.008993364486	0.85217260972232
13.963318956684	0.85217573647130
13.917941411328	0.85217870097342
13.872857843591	0.85218150650159
13.828065405904	0.85218415629234
13.783561287356	0.85218665354602
13.739342713107	0.85218900142696
13.695406943810	0.85219120306359
13.651751275046	0.85219326154867
13.608373036768	0.85219517993939
13.565269592760	0.85219696125759
13.522438340099	0.85219860848990
13.479876708633	0.85220012458792
13.437582160466	0.85220151246839
13.395552189455	0.85220277501336
13.353784320713	0.85220391507037
13.312276110124	0.85220493545263
13.271025143869	0.85220583893917
13.230029037952	0.85220662827506
13.189285437747	0.85220730617154
13.148792017544	0.85220787530625
13.108546480105	0.85220833832338
13.068546556234	0.85220869783384
13.028790004346	0.85220895641550
12.989274610052	0.85220911661330
12.949998185745	0.85220918093950
12.910958570198	0.85220915187382
12.872153628167	0.85220903186366
12.833581250000	0.85220882332425
12.795239351259	0.85220852863891
12.757125872340	0.85220815015913
12.719238778108	0.85220769020488
12.681576057530	0.85220715106472
12.644135723323	0.85220653499601
12.606915811606	0.85220584422513
12.569914381551	0.85220508094764
12.533129515050	0.85220424732849
12.496559316382	0.85220334550222
12.460201911887	0.85220237757315
12.424055449648	0.85220134561559
12.388118099174	0.85220025167398
12.352388051092	0.85219909776319
12.316863516845	0.85219788586862
12.281542728390	0.85219661794644
12.246423937908	0.85219529592382
12.211505417515	0.85219392169906
12.176785458976	0.85219249714186
12.142262373431	0.85219102409346
12.107934491115	0.85218950436691
12.073800161095	0.85218793974719
12.039857751004	0.85218633199148
12.006105646776	0.85218468282934
11.972542252396	0.85218299396289
11.939165989646	0.85218126706706
11.905975297855	0.85217950378975
11.872968633663	0.85217770575204
11.840144470774	0.85217587454843
11.807501299724	0.85217401174701
11.775037627651	0.85217211888966
11.742751978065	0.85217019749229
11.710642890625	0.85216824904500
11.678708920919	0.85216627501233
11.646948640249	0.85216427683343
11.615360635413	0.85216225592227
11.583943508501	0.85216021366789
11.552695876686	0.85215815143452
11.521616372022	0.85215607056187
11.490703641242	0.85215397236529
11.459956345566	0.85215185813599
11.429373160503	0.85214972914123
11.398952775665	0.85214758662456
11.368693894577	0.85214543180597
11.338595234493	0.85214326588216
11.308655526217	0.85214109002670
11.278873513920	0.85213890539025
11.249247954972	0.85213671310077
11.219777619760	0.85213451426371
11.190461291527	0.85213230996224
11.161297766195	0.85213010125742
11.132285852209	0.85212788918844
11.103424370370	0.85212567477282
11.074712153676	0.85212345900657
11.046148047163	0.85212124286445
11.017730907755	0.85211902730016
10.989459604106	0.85211681324652
10.961333016453	0.85211460161569
10.933350036470	0.85211239329937
10.905509567115	0.85211018916902
10.877810522496	0.85210799007603
10.850251827723	0.85210579685195
10.822832418773	0.85210361030868
10.795551242348	0.85210143123867
10.768407255747	0.85209926041511
10.741399426729	0.85209709859218
10.714526733381	0.85209494650518
10.687788163993	0.85209280487077
10.661182716927	0.85209067438719
10.634709400497	0.85208855573441
10.608367232838	0.85208644957435
10.582155241793	0.85208435655110
10.556072464789	0.85208227729106
10.530117948718	0.85208021240322
10.504290749825	0.85207816247928
10.478589933590	0.85207612809388
10.453014574616	0.85207410980482
10.427563756522	0.85207210815318
10.402236571825	0.85207012366361
10.377032121841	0.85206815684444
10.351949516575	0.85206620818793
10.326987874612	0.85206427817044
10.302146323024	0.85206236725260
10.277423997257	0.85206047587956
10.252820041040	0.85205860448113
10.228333606278	0.85205675347197
10.203963852961	0.85205492325183
10.179709949066	0.85205311420567
10.155571070461	0.85205132670390
10.131546400811	0.85204956110255
10.107635131490	0.85204781774346
10.083836461487	0.85204609695444
10.060149597315	0.85204439904951
10.036573752929	0.85204272432903
10.013108149633	0.85204107307990
9.9897520159947	0.85203944557578
9.9665045877660	0.85203784207721
9.9433651077944	0.85203626283184
9.9203328259431	0.85203470807459
9.8974069990096	0.85203317802782
9.8745868906456	0.85203167290156
9.8518717712783	0.85203019289360
9.8292609180328	0.85202873818975
9.8067536146549	0.85202730896399
9.7843491514360	0.85202590537862
9.7620468251384	0.85202452758447
9.7398459389214	0.85202317572105
9.7177458022690	0.85202184991675
9.6957457309185	0.85202055028897
9.6738450467893	0.85201927694435
9.6520430779137	0.85201802997888
9.6303391583681	0.85201680947810
9.6087326282051	0.85201561551728
9.5872228333866	0.85201444816157
9.5658091257179	0.85201330746616
9.5444908627826	0.85201219347647
9.5232674078780	0.85201110622830
9.5021381299525	0.85201004574799
9.4811024035421	0.85200901205259
9.4601596087094	0.85200800515004
9.4393091309824	0.85200702503928
9.4185503612944	0.85200607171047
9.3978826959248	0.85200514514512
9.3773055364404	0.85200424531624
9.3568182896380	0.85200337218852
9.3364203674868	0.85200252571847
9.3161111870727	0.85200170585457
9.2958901705426	0.85200091253746
9.2757567450495	0.85200014570005
9.2557103426984	0.85199940526769
9.2357504004929	0.85199869115833
9.2158763602828	0.85199800328266
9.1960876687117	0.85199734154427
9.1763837771656	0.85199670583976
9.1567641417227	0.85199609605896
9.1372282231027	0.85199551208500
9.1177754866180	0.85199495379451
9.0984054021244	0.85199442105772
9.0791174439733	0.85199391373865
9.0599110909640	0.85199343169521
9.0407858262967	0.85199297477937
9.0217411375263	0.85199254283729
9.0027765165165	0.85199213570944
8.9838914593947	0.85199175323077
8.9650854665072	0.85199139523082
8.9463580423754	0.85199106153389
8.9277086956522	0.85199075195913
8.9091369390788	0.85199046632069
8.8906422894425	0.85199020442788
8.8722242675348	0.85198996608526
8.8538823981099	0.85198975109280
8.8356162098438	0.85198955924598
8.8174252352941	0.85198939033595
8.7993090108600	0.85198924414964
8.7812670767428	0.85198912046988
8.7632989769073	0.85198901907554
8.7454042590432	0.85198893974164
8.7275824745269	0.85198888223948
8.7098331783847	0.85198884633675
8.6921559292549	0.85198883179767
8.6745502893519	0.85198883838310
8.6570158244297	0.85198886585063
8.6395521037464	0.85198891395476
8.6221587000288	0.85198898244694
8.6048351894374	0.85198907107574
8.5875811515325	0.85198917958696
8.5703961692396	0.85198930772369
8.5532798288160	0.85198945522648
8.5362317198178	0.85198962183344
8.5192514350668	0.85198980728031
8.5023385706183	0.85199001130061
8.4854927257288	0.85199023362573
8.4687135028249	0.85199047398502
8.4520005074711	0.85199073210594
8.4353533483399	0.85199100771410
8.4187716371806	0.85199130053342
8.4022549887892	0.85199161028619
8.3858030209790	0.85199193669319
8.3694153545505	0.85199227947379
8.3530916132627	0.85199263834604
8.3368314238042	0.85199301302674
8.3206344157646	0.85199340323161
8.3045002216066	0.85199380867529
8.2884284766381	0.85199422907152
8.2724188189845	0.85199466413315
8.2564708895621	0.85199511357231
8.2405843320506	0.85199557710042
8.2247587928669	0.85199605442836
8.2089939211391	0.85199654526648
8.1932893686800	0.85199704932475
8.1776447899618	0.85199756631279
8.1620598420909	0.85199809594001
8.1465341847826	0.85199863791563
8.1310674803363	0.85199919194883
8.1156593936113	0.85199975774876
8.1003095920022	0.85200033502467
8.0850177454153	0.85200092348598
8.0697835262450	0.85200152284234
8.0546066093498	0.85200213280370
8.0394866720300	0.85200275308044
8.0244233940043	0.85200338338335
8.0094164573871	0.85200402342380
7.9944655466667	0.85200467291375
7.9795703486825	0.85200533156584
7.9647305526036	0.85200599909344
7.9499458499072	0.85200667521076
7.9352159343568	0.85200735963288
7.9205405019815	0.85200805207583
7.9059192510549	0.85200875225665
7.8913518820742	0.85200945989345
7.8768380977404	0.85201017470549
7.8623776029373	0.85201089641323
7.8479701047120	0.85201162473839
7.8336153122550	0.85201235940399
7.8193129368805	0.85201310013447
7.8050626920073	0.85201384665566
7.7908642931393	0.85201459869492
7.7767174578470	0.85201535598114
7.7626219057483	0.85201611824481
7.7485773584906	0.85201688521807
7.7345835397317	0.85201765663478
7.7206401751223	0.85201843223055
7.7067469922879	0.85201921174280
7.6929037208109	0.85201999491081
7.6791100922131	0.85202078147574
7.6653658399386	0.85202157118074
7.6516706993364	0.85202236377092
7.6380244076433	0.85202315899345
7.6244267039674	0.85202395659758
7.6108773292714	0.85202475633469
7.5973760263558	0.85202555795833
7.5839225398432	0.85202636122425
7.5705166161616	0.85202716589047
7.5571580035291	0.85202797171727
7.5438464519376	0.85202877846728
7.5305817131374	0.85202958590549
7.5173635406219	0.85203039379927
7.5041916896120	0.85203120191844
7.4910659170415	0.85203201003529
7.4779859815415	0.85203281792459
7.4649516434263	0.85203362536367
7.4519626646781	0.85203443213240
7.4390188089330	0.85203523801324
7.4261198414664	0.85203604279130
7.4132655291790	0.85203684625430
7.4004556405826	0.85203764819268
7.3876899457861	0.85203844839955
7.3749682164822	0.85203924667075
7.3622902259332	0.85204004280490
7.3496557489581	0.85204083660337
7.3370645619187	0.85204162787033
7.3245164427071	0.85204241641279
7.3120111707317	0.85204320204059
7.2995485269053	0.85204398456642
7.2871282936315	0.85204476380587
7.2747502547925	0.85204553957741
7.2624141957364	0.85204631170243
7.2501199032648	0.85204708000528
7.2378671656205	0.85204784431321
7.2256557724753	0.85204860445647
7.2134855149182	0.85204936026826
7.2013561854432	0.85205011158479
7.1892675779376	0.85205085824527
7.1772194876706	0.85205160009190
7.1652117112811	0.85205233696993
7.1532440467669	0.85205306872763
7.1413162934731	0.85205379521631
7.1294282520809	0.85205451629034
7.1175797245964	0.85205523180714
7.1057705143399	0.85205594162718
7.0940004259347	0.85205664561404
7.0822692652965	0.85205734363433
7.0705768396226	0.85205803555777
7.0589229573817	0.85205872125715
7.0473074283028	0.85205940060835
7.0357300633654	0.85206007349032
7.0241906747891	0.85206073978512
7.0126890760234	0.85206139937790
7.0012250817375	0.85206205215688
6.9897985078107	0.85206269801338
6.9784091713222	0.85206333684181
6.9670568905415	0.85206396853965
6.9557414849188	0.85206459300748
6.9444627750753	0.85206521014894
6.9332205827937	0.85206581987076
6.9220147310090	0.85206642208271
6.9108450437990	0.85206701669765
6.8997113463751	0.85206760363149
6.8886134650735	0.85206818280318
6.8775512273457	0.85206875413471
6.8665244617499	0.85206931755112
6.8555329979419	0.85206987298046
6.8445766666667	0.85207042035380
6.8336552997493	0.85207095960520
6.8227687300865	0.85207149067173
6.8119167916383	0.85207201349344
6.8010993194192	0.85207252801334
6.7903161494904	0.85207303417742
6.7795671189507	0.85207353193458
6.7688520659291	0.85207402123668
6.7581708295762	0.85207450203849
6.7475232500563	0.85207497429767
6.7369091685393	0.85207543797478
6.7263284271932	0.85207589303324
6.7157808691756	0.85207633943934
6.7052663386267	0.85207677716219
6.6947846806610	0.85207720617374
6.6843357413601	0.85207762644871
6.6739193677649	0.85207803796462
6.6635354078684	0.85207844070178
6.6531837106081	0.85207883464321
6.6428641258586	0.85207921977467
6.6325765044248	0.85207959608462
6.6223206980340	0.85207996356420
6.6120965593295	0.85208032220724
6.6019039418630	0.85208067201017
6.5917427000879	0.85208101297207
6.5816126893524	0.85208134509461
6.5715137658922	0.85208166838203
6.5614457868243	0.85208198284111
6.5514086101399	0.85208228848117
6.5414020946978	0.85208258531404
6.5314261002179	0.85208287335401
6.5214804872743	0.85208315261782
6.5115651172893	0.85208342312466
6.5016798525266	0.85208368489610
6.4918245560849	0.85208393795609
6.4819990918919	0.85208418233094
6.4722033246978	0.85208441804928
6.4624371200690	0.85208464514201
6.4527003443823	0.85208486364234
6.4429928648184	0.85208507358568
6.4333145493562	0.85208527500968
6.4236652667667	0.85208546795416
6.4140448866068	0.85208565246111
6.4044532792138	0.85208582857461
6.3948903156997	0.85208599634088
6.3853558679446	0.85208615580819
6.3758498085921	0.85208630702684
6.3663720110427	0.85208645004914
6.3569223494487	0.85208658492940
6.3475006987084	0.85208671172384
6.3381069344609	0.85208683049062
6.3287409330800	0.85208694128979
6.3194025716695	0.85208704418323
6.3100917280572	0.85208713923468
6.3008082807902	0.85208722650962
6.2915521091291	0.85208730607534
6.2823230930427	0.85208737800082
6.2731211132036	0.85208744235676
6.2639460509820	0.85208749921552
6.2547977884415	0.85208754865107
6.2456762083333	0.85208759073900
6.2365811940919	0.85208762555646
6.2275126298297	0.85208765318212
6.2184704003319	0.85208767369617
6.2094543910522	0.85208768718025
6.2004644881075	0.85208769371743
6.1915005782734	0.85208769339220
6.1825625489792	0.85208768629040
6.1736502883031	0.85208767249919
6.1647636849681	0.85208765210706
6.1559026283368	0.85208762520373
6.1470670084068	0.85208759188019
6.1382567158067	0.85208755222859
6.1294716417910	0.85208750634225
6.1207116782360	0.85208745431565
6.1119767176351	0.85208739624432
6.1032666530945	0.85208733222488
6.0945813783289	0.85208726235496
6.0859207876573	0.85208718673320
6.0772847759984	0.85208710545918
6.0686732388664	0.85208701863342
6.0600860723671	0.85208692635731
6.0515231731934	0.85208682873310
6.0429844386212	0.85208672586389
6.0344697665056	0.85208661785352
6.0259790552764	0.85208650480661
6.0175122039342	0.85208638682849
6.0090691120465	0.85208626402519
6.0006496797438	0.85208613650337
5.9922538077154	0.85208600437032
5.9838813972056	0.85208586773389
5.9755323500100	0.85208572670251
5.9672065684713	0.85208558138510
5.9589039554760	0.85208543189107
5.9506244144502	0.85208527833027
5.9423678493558	0.85208512081297
5.9341341646873	0.85208495944982
5.9259232654675	0.85208479435181
5.9177350572444	0.85208462563025
5.9095694460871	0.85208445339673
5.9014263385827	0.85208427776307
5.8933056418321	0.85208409884132
5.8852072634472	0.85208391674370
5.8771311115468	0.85208373158260
5.8690770947533	0.85208354347050
5.8610451221896	0.85208335251998
5.8530351034752	0.85208315884365
5.8450469487229	0.85208296255416
5.8370805685358	0.85208276376413
5.8291358740035	0.85208256258616
5.8212127766990	0.85208235913274
5.8133111886756	0.85208215351628
5.8054310224632	0.85208194584903
5.7975721910656	0.85208173624308
5.7897346079567	0.85208152481032
5.7819181870781	0.85208131166241
5.7741228428351	0.85208109691074
5.7663484900942	0.85208088066640
5.7585950441798	0.85208066304018
5.7508624208709	0.85208044414251
5.7431505363985	0.85208022408342
5.7354593074421	0.85208000297255
5.7277886511272	0.85207978091910
5.7201384850219	0.85207955803178
5.7125087271341	0.85207933441883
5.7048992959087	0.85207911018795
5.6973101102242	0.85207888544628
5.6897410893908	0.85207866030038
5.6821921531463	0.85207843485622
5.6746632216544	0.85207820921912
5.6671542155009	0.85207798349372
5.6596650556919	0.85207775778401
5.6521956636501	0.85207753219322
5.6447459612126	0.85207730682386
5.6373158706281	0.85207708177768
5.6299053145540	0.85207685715562
5.6225142160540	0.85207663305780
5.6151424985952	0.85207640958351
5.6077900860456	0.85207618683116
5.6004569026714	0.85207596489827
5.5931428731343	0.85207574388145
5.5858479224893	0.85207552387635
5.5785719761816	0.85207530497768
5.5713149600446	0.85207508727915
5.5640768002970	0.85207487087346
5.5568574235403	0.85207465585229
5.5496567567568	0.85207444230625
5.5424747273063	0.85207423032488
5.5353112629247	0.85207401999664
5.5281662917204	0.85207381140885
5.5210397421731	0.85207360464769
5.5139315431304	0.85207339979821
5.5068416238060	0.85207319694425
5.4997699137773	0.85207299616848
5.4927163429828	0.85207279755233
5.4856808417200	0.85207260117600
5.4786633406433	0.85207240711845
5.4716637707611	0.85207221545735
5.4646820634342	0.85207202626910
5.4577181503732	0.85207183962878
5.4507719636364	0.85207165561013
5.4438434356274	0.85207147428559
5.4369324990932	0.85207129572622
5.4300390871219	0.85207112000170
5.4231631331404	0.85207094718034
5.4163045709124	0.85207077732903
5.4094633345363	0.85207061051328
5.4026393584430	0.85207044679712
5.3958325773938	0.85207028624317
5.3890429264785	0.85207012891258
5.3822703411131	0.85206997486503
5.3755147570378	0.85206982415872
5.3687761103152	0.85206967685036
5.3620543373278	0.85206953299513
5.3553493747767	0.85206939264672
5.3486611596789	0.85206925585728
5.3419896293656	0.85206912267741
5.3353347214807	0.85206899315617
5.3286963739780	0.85206886734108
5.3220745251198	0.85206874527805
5.3154691134752	0.85206862701145
5.3088800779175	0.85206851258405
5.3023073576229	0.85206840203702
5.2957508920685	0.85206829540994
5.2892106210303	0.85206819274078
5.2826864845815	0.85206809406590
5.2761784230905	0.85206799942002
5.2696863772192	0.85206790883626
5.2632102879213	0.85206782234609
5.2567500964405	0.85206773997935
5.2503057443082	0.85206766176424
5.2438771733427	0.85206758772731
5.2374643256464	0.85206751789346
5.2310671436050	0.85206745228594
5.2246855698850	0.85206739092634
5.2183195474326	0.85206733383462
5.2119690194715	0.85206728102904
5.2056339295016	0.85206723252622
5.1993142212973	0.85206718834112
5.1930098389052	0.85206714848703
5.1867207266436	0.85206711297559
5.1804468290997	0.85206708181675
5.1741880911288	0.85206705501883
5.1679444578521	0.85206703258846
5.1617158746556	0.85206701453064
5.1555022871883	0.85206700084869
5.1493036413604	0.85206699154429
5.1431198833419	0.85206698661744
5.1369509595613	0.85206698606653
5.1307968167037	0.85206698988827
5.1246574017094	0.85206699807776
5.1185326617722	0.85206701062842
5.1124225443383	0.85206702753208
5.1063269971044	0.85206704877893
5.1002459680163	0.85206707435751
5.0941794052676	0.85206710425480
5.0881272572980	0.85206713845611
5.0820894727920	0.85206717694520
5.0760660006773	0.85206721970419
5.0700567901235	0.85206726671366
5.0640617905405	0.85206731795258
5.0580809515775	0.85206737339835
5.0521142231210	0.85206743302682
5.0461615552937	0.85206749681229
5.0402228984533	0.85206756472751
5.0342982031906	0.85206763674369
5.0283874203287	0.85206771283054
5.0224905009214	0.85206779295625
5.0166073962517	0.85206787708751
5.0107380578305	0.85206796518952
5.0048824373957	0.85206805722601
4.9990404869101	0.85206815315924
4.9932121585610	0.85206825295003
4.9873974047579	0.85206835655776
4.9815961781323	0.85206846394039
4.9758084315353	0.85206857505446
4.9700341180371	0.85206868985513
4.9642731909256	0.85206880829617
4.9585256037049	0.85206893032999
4.9527913100942	0.85206905590766
4.9470702640264	0.85206918497889
4.9413624196473	0.85206931749211
4.9356677313138	0.85206945339442
4.9299861535932	0.85206959263165
4.9243176412615	0.85206973514836
4.9186621493027	0.85206988088786
4.9130196329072	0.85207002979224
4.9073900474709	0.85207018180236
4.9017733485939	0.85207033685790
4.8961694920790	0.85207049489736
4.8905784339315	0.85207065585809
4.8850001303569	0.85207081967630
4.8794345377604	0.85207098628707
4.8738816127459	0.85207115562441
4.8683413121143	0.85207132762125
4.8628135928629	0.85207150220944
4.8572984121841	0.85207167931982
4.8517957274640	0.85207185888222
4.8463054962819	0.85207204082546
4.8408276764088	0.85207222507741
4.8353622258065	0.85207241156499
4.8299091026261	0.85207260021420
4.8244682652076	0.85207279095012
4.8190396720784	0.85207298369697
4.8136232819525	0.85207317837812
4.8082190537289	0.85207337491610
4.8028269464915	0.85207357323262
4.7974469195071	0.85207377324865
4.7920789322251	0.85207397488435
4.7867229442759	0.85207417805919
4.7813789154705	0.85207438269190
4.7760468057989	0.85207458870055
4.7707265754297	0.85207479600254
4.7654181847083	0.85207500451463
4.7601215941569	0.85207521415299
4.7548367644726	0.85207542483321
4.7495636565272	0.85207563647030
4.7443022313657	0.85207584897877
4.7390524502055	0.85207606227262
4.7338142744355	0.85207627626537
4.7285876656151	0.85207649087009
4.7233725854735	0.85207670599944
4.7181689959081	0.85207692156568
4.7129768589844	0.85207713748071
4.7077961369347	0.85207735365608
4.7026267921569	0.85207757000305
4.6974687872140	0.85207778643257
4.6923220848333	0.85207800285536
4.6871866479049	0.85207821918191
4.6820624394815	0.85207843532249
4.6769494227769	0.85207865118723
4.6718475611657	0.85207886668611
4.6667568181818	0.85207908172900
4.6616771575183	0.85207929622566
4.6566085430258	0.85207951008584
4.6515509387122	0.85207972321925
4.6465043087415	0.85207993553558
4.6414686174330	0.85208014694458
4.6364438292607	0.85208035735606
4.6314299088522	0.85208056667992
4.6264268209877	0.85208077482618
4.6214345305997	0.85208098170500
4.6164530027718	0.85208118722674
4.6114822027380	0.85208139130196
4.6065220958820	0.85208159384147
4.6015726477360	0.85208179475634
4.5966338239804	0.85208199395795
4.5917055904426	0.85208219135798
4.5867879130967	0.85208238686851
4.5818807580621	0.85208258040199
4.5769840916031	0.85208277187128
4.5720978801281	0.85208296118970
4.5672220901889	0.85208314827105
4.5623566884797	0.85208333302963
4.5575016418364	0.85208351538028
4.5526569172361	0.85208369523842
4.5478224817961	0.85208387252004
4.5429983027731	0.85208404714177
4.5381843475628	0.85208421902092
4.5333805836988	0.85208438807545
4.5285869788520	0.85208455422405
4.5238035008299	0.85208471738615
4.5190301175761	0.85208487748196
4.5142667971691	0.85208503443248
4.5095135078219	0.85208518815957
4.5047702178813	0.85208533858592
4.5000368958271	0.85208548563512
4.4953135102714	0.85208562923168
4.4906000299581	0.85208576930106
4.4858964237618	0.85208590576969
4.4812026606876	0.85208603856501
4.4765187098701	0.85208616761548
4.4718445405728	0.85208629285062
4.4671801221875	0.85208641420106
4.4625254242334	0.85208653159852
4.4578804163569	0.85208664497588
4.4532450683304	0.85208675426717
4.4486193500519	0.85208685940764
4.4440032315446	0.85208696033375
4.4393966829557	0.85208705698323
4.4347996745562	0.85208714929505
4.4302121767401	0.85208723720951
4.4256341600236	0.85208732066825
4.4210655950450	0.85208739961425
4.4165064525633	0.85208747399186
4.4119567034584	0.85208754374686
4.4074163187298	0.85208760882644
4.4028852694963	0.85208766917927
4.3983635269953	0.85208772475548
4.3938510625824	0.85208777550672
4.3893478477306	0.85208782138616
4.3848538540295	0.85208786234852
4.3803690531853	0.85208789835010
4.3758934170194	0.85208792934881
4.3714269174686	0.85208795530416
4.3669695265841	0.85208797617732
4.3625212165309	0.85208799193113
4.3580819595871	0.85208800253010
4.3536517281441	0.85208800794046
4.3492304947048	0.85208800813017
4.3448182318841	0.85208800306894
4.3404149124077	0.85208799272825
4.3360205091119	0.85208797708137
4.3316349949429	0.85208795610339
4.3272583429561	0.85208792977121
4.3228905263158	0.85208789806359
4.3185315182944	0.85208786096116
4.3141812922723	0.85208781844644
4.3098398217366	0.85208777050382
4.3055070802815	0.85208771711965
4.3011830416069	0.85208765828217
4.2968676795184	0.85208759398162
4.2925609679267	0.85208752421017
4.2882628808468	0.85208744896199
4.2839733923978	0.85208736823324
4.2796924768023	0.85208728202208
4.2754201083856	0.85208719032872
4.2711562615757	0.85208709315539
4.2669009109024	0.85208699050637
4.2626540309967	0.85208688238801
4.2584155965909	0.85208676880872
4.2541855825174	0.85208664977902
4.2499639637085	0.85208652531151
4.2457507151961	0.85208639542088
4.2415458121109	0.85208626012397
4.2373492296820	0.85208611943973
4.2331609432364	0.85208597338922
4.2289809281986	0.85208582199568
4.2248091600902	0.85208566528447
4.2206456145291	0.85208550328311
4.2164902672293	0.85208533602130
4.2123430940003	0.85208516353087
4.2082040707468	0.85208498584585
4.2040731734680	0.85208480300244
4.1999503782572	0.85208461503900
4.1958356613016	0.85208442199610
4.1917289988814	0.85208422391648
4.1876303673697	0.85208402084507
4.1835397432319	0.85208381282897
4.1794571030252	0.85208359991749
4.1753824233983	0.85208338216211
4.1713156810909	0.85208315961652
4.1672568529330	0.85208293233656
4.1632059158450	0.85208270038029
4.1591628468368	0.85208246380791
4.1551276230076	0.85208222268183
4.1511002215453	0.85208197706660
4.1470806197261	0.85208172702898
4.1430687949143	0.85208147263784
4.1390647245616	0.85208121396423
4.1350683862069	0.85208095108135
4.1310797574755	0.85208068406453
4.1270988160793	0.85208041299122
4.1231255398157	0.85208013794101
4.1191599065677	0.85207985899559
4.1152018943034	0.85207957623875
4.1112514810752	0.85207928975637
4.1073086450199	0.85207899963638
4.1033733643581	0.85207870596881
4.0994456173937	0.85207840884571
4.0955253825137	0.85207810836117
4.0916126381875	0.85207780461130
4.0877073629670	0.85207749769419
4.0838095354856	0.85207718770994
4.0799191344584	0.85207687476059
4.0760361386812	0.85207655895015
4.0721605270307	0.85207624038451
4.0682922784638	0.85207591917152
4.0644313720174	0.85207559542087
4.0605777868075	0.85207526924413
4.0567315020298	0.85207494075469
4.0528924969582	0.85207461006778
4.0490607509454	0.85207427730039
4.0452362434219	0.85207394257128
4.0414189538959	0.85207360600095
4.0376088619529	0.85207326771161
4.0338059472551	0.85207292782713
4.0300101895416	0.85207258647305
4.0262215686274	0.85207224377652
4.0224400644036	0.85207189986626
4.0186656568365	0.85207155487258
4.0148983259676	0.85207120892729
4.0111380519133	0.85207086216368
4.0073848148643	0.85207051471652
4.0036385950855	0.85207016672197
3.9998993729153	0.85206981831759
3.9961671287657	0.85206946964226
3.9924418431216	0.85206912083620
3.9887234965407	0.85206877204085
3.9850120696531	0.85206842339890
3.9813075431607	0.85206807505423
3.9776098978373	0.85206772715183
3.9739191145281	0.85206737983782
3.9702351741491	0.85206703325934
3.9665580576872	0.85206668756455
3.9628877461996	0.85206634290258
3.9592242208135	0.85206599942344
3.9555674627260	0.85206565727805
3.9519174532033	0.85206531661810
3.9482741735809	0.85206497759607
3.9446376052632	0.85206464036513
3.9410077297226	0.85206430507915
3.9373845285001	0.85206397189255
3.9337679832043	0.85206364096036
3.9301580755113	0.85206331243806
3.9265547871644	0.85206298648159
3.9229580999738	0.85206266324728
3.9193679958164	0.85206234289176
3.9157844566353	0.85206202557195
3.9122074644395	0.85206171144495
3.9086370013038	0.85206140066803
3.9050730493682	0.85206109339851
3.9015155908381	0.85206078979375
3.8979646079834	0.85206049001104
3.8944200831385	0.85206019420756
3.8908819987021	0.85205990254032
3.8873503371369	0.85205961516607
3.8838250809690	0.85205933224125
3.8803062127880	0.85205905392190
3.8767937152463	0.85205878036359
3.8732875710594	0.85205851172140
3.8697877630050	0.85205824814975
3.8662942739231	0.85205798980242
3.8628070867156	0.85205773683242
3.8593261843460	0.85205748939193
3.8558515498392	0.85205724763222
3.8523831662812	0.85205701170357
3.8489210168186	0.85205678175520
3.8454650846588	0.85205655793517
3.8420153530693	0.85205634039033
3.8385718053777	0.85205612926620
3.8351344249712	0.85205592470690
3.8317031952965	0.85205572685509
3.8282780998595	0.85205553585185
3.8248591222251	0.85205535183658
3.8214462460166	0.85205517494698
3.8180394549159	0.85205500531890
3.8146387326632	0.85205484308624
3.8112440630562	0.85205468838093
3.8078554299505	0.85205454133277
3.8044728172589	0.85205440206934
3.8010962089514	0.85205427071597
3.7977255890550	0.85205414739555
3.7943609416530	0.85205403222850
3.7910022508852	0.85205392533268
3.7876495009476	0.85205382682321
3.7843026760919	0.85205373681247
3.7809617606256	0.85205365540993
3.7776267389113	0.85205358272206
3.7742975953670	0.85205351885227
3.7709743144654	0.85205346390073
3.7676568807339	0.85205341796434
3.7643452787544	0.85205338113658
3.7610394931627	0.85205335350739
3.7577395086488	0.85205333516310
3.7544453099562	0.85205332618631
3.7511568818819	0.85205332665577
3.7478742092762	0.85205333664623
3.7445972770422	0.85205335622843
3.7413260701360	0.85205338546886
3.7380605735661	0.85205342442975
3.7348007723932	0.85205347316888
3.7315466517301	0.85205353173952
3.7282981967417	0.85205360019025
3.7250553926441	0.85205367856491
3.7218182247052	0.85205376690240
3.7185866782436	0.85205386523664
3.7153607386293	0.85205397359640
3.7121403912828	0.85205409200516
3.7089256216751	0.85205422048104
3.7057164153276	0.85205435903662
3.7025127578115	0.85205450767885
3.6993146347483	0.85205466640891
3.6961220318087	0.85205483522207
3.6929349347130	0.85205501410758
3.6897533292308	0.85205520304850
3.6865772011805	0.85205540202164
3.6834065364295	0.85205561099734
3.6802413208937	0.85205582993941
3.6770815405372	0.85205605880495
3.6739271813725	0.85205629754421
3.6707782294600	0.85205654610049
3.6676346709078	0.85205680440999
3.6644964918714	0.85205707240163
3.6613636785540	0.85205734999697
3.6582362172056	0.85205763711003
3.6551140941234	0.85205793364714
3.6519972956511	0.85205823950685
3.6488858081792	0.85205855457972
3.6457796181442	0.85205887874821
3.6426787120292	0.85205921188656
3.6395830763628	0.85205955386056
3.6364926977196	0.85205990452749
3.6334075627197	0.85206026373593
3.6303276580286	0.85206063132560
3.6272529703569	0.85206100712724
3.6241834864603	0.85206139096244
3.6211191931393	0.85206178264347
3.6180600772387	0.85206218197318
3.6150061256481	0.85206258874477
3.6119573253012	0.85206300274171
3.6089136631756	0.85206342373753
3.6058751262930	0.85206385149568
3.6028417017185	0.85206428576940
3.5998133765610	0.85206472630151
3.5967901379724	0.85206517282426
3.5937719731479	0.85206562505923
3.5907588693257	0.85206608271709
3.5877508137865	0.85206654549746
3.5847477938539	0.85206701308879
3.5817497968937	0.85206748516814
3.5787568103140	0.85206796140104
3.5757688215649	0.85206844144133
3.5727858181385	0.85206892493097
3.5698077875685	0.85206941149991
3.5668347174301	0.85206990076587
3.5638665953400	0.85207039233423
3.5609034089559	0.85207088579782
3.5579451459767	0.85207138073674
3.5549917941421	0.85207187671825
3.5520433412322	0.85207237329652
3.5490997750681	0.85207287001251
3.5461610835108	0.85207336639378
3.5432272544616	0.85207386195433
3.5402982758621	0.85207435619438
3.5373741356932	0.85207484860026
3.5344548219759	0.85207533864419
3.5315403227706	0.85207582578409
3.5286306261770	0.85207630946346
3.5257257203340	0.85207678911114
3.5228255934195	0.85207726414119
3.5199302336503	0.85207773395265
3.5170396292820	0.85207819792940
3.5141537686086	0.85207865543997
3.5112726399625	0.85207910583735
3.5083962317145	0.85207954845883
3.5055245322732	0.85207998262579
3.5026575300853	0.85208040764353
3.4997952136353	0.85208082280110
3.4969375714452	0.85208122737108
3.4940845920746	0.85208162060943
3.4912362641202	0.85208200175530
3.4883925762160	0.85208237003082
3.4855535170329	0.85208272464095
3.4827190752788	0.85208306477324
3.4798892396982	0.85208338959772
3.4770639990721	0.85208369826664
3.4742433422181	0.85208398991433
3.4714272579898	0.85208426365696
3.4686157352771	0.85208451859242
3.4658087630058	0.85208475380009
3.4630063301375	0.85208496834063
3.4602084256694	0.85208516125585
3.4574150386345	0.85208533156845
3.4546261581009	0.85208547828190
3.4518417731721	0.85208560038018
3.4490618729867	0.85208569682765
3.4462864467180	0.85208576656881
3.4435154835745	0.85208580852814
3.4407489727993	0.85208582160990
3.4379869036697	0.85208580469793
3.4352292654979	0.85208575665545
3.4324760476300	0.85208567632491
3.4297272394463	0.85208556252774
3.4269828303612	0.85208541406419
3.4242428098230	0.85208522971313
3.4215071673134	0.85208500823186
3.4187758923480	0.85208474835591
3.4160489744758	0.85208444879886
3.4133264032791	0.85208410825210
3.4106081683732	0.85208372538472
3.4078942594066	0.85208329884324
3.4051846660609	0.85208282725145
3.4024793780502	0.85208230921019
3.3997783851213	0.85208174329722
3.3970816770538	0.85208112806694
3.3943892436594	0.85208046205025
3.3917010747822	0.85207974375436
3.3890171602984	0.85207897166255
3.3863374901163	0.85207814423403
3.3836620541761	0.85207725990371
3.3809908424495	0.85207631708203
3.3783238449403	0.85207531415474
3.3756610516834	0.85207424948273
3.3730024527453	0.85207312140183
3.3703480382237	0.85207192822261
3.3676977982476	0.85207066823020
3.3650517229768	0.85206933968409
3.3624098026021	0.85206794081792
3.3597720273451	0.85206646983933
3.3571383874580	0.85206492492974
3.3545088732237	0.85206330424415
3.3518834749553	0.85206160591098
3.3492621829963	0.85205982803184
3.3466449877205	0.85205796868138
3.3440318795315	0.85205602590708
3.3414228488631	0.85205399772905
3.3388178861789	0.85205188213985
3.3362169819720	0.85204967710433
3.3336201267653	0.85204738055939
3.3310273111111	0.85204499041384
