#Parameters = {thARC=0.2; nARC=1.5; thsub=1; p=1; nSub=2.5}
#"Wavelength / um"	"T (338) [Real Part]"
#---------------------------------------
14.989622900000	0.81866286182815
14.937342202292	0.81867900558898
14.885424925521	0.81869521173768
14.833867293419	0.81871148019427
14.782665581854	0.81872781087905
14.731816117936	0.81874420371257
14.681315279138	0.81876065861569
14.631159492435	0.81877717550954
14.581345233463	0.81879375431554
14.531869025691	0.81881039495541
14.482727439614	0.81882709735116
14.433917091960	0.81884386142510
14.385434644914	0.81886068709986
14.337276805356	0.81887757429835
14.289440324118	0.81889452294381
14.241921995249	0.81891153295978
14.194718655303	0.81892860427013
14.147827182633	0.81894573679905
14.101244496707	0.81896293047103
14.054967557431	0.81898018521092
14.008993364486	0.81899750094387
13.963318956684	0.81901487759538
13.917941411328	0.81903231509129
13.872857843591	0.81904981335776
13.828065405904	0.81906737232131
13.783561287356	0.81908499190878
13.739342713107	0.81910267204738
13.695406943810	0.81912041266467
13.651751275046	0.81913821368854
13.608373036768	0.81915607504725
13.565269592760	0.81917399666943
13.522438340099	0.81919197848404
13.479876708633	0.81921002042043
13.437582160466	0.81922812240831
13.395552189455	0.81924628437774
13.353784320713	0.81926450625916
13.312276110124	0.81928278798339
13.271025143869	0.81930112948162
13.230029037952	0.81931953068541
13.189285437747	0.81933799152671
13.148792017544	0.81935651193784
13.108546480105	0.81937509185151
13.068546556234	0.81939373120081
13.028790004346	0.81941242991923
12.989274610052	0.81943118794062
12.949998185745	0.81945000519925
12.910958570198	0.81946888162977
12.872153628167	0.81948781716722
12.833581250000	0.81950681174705
12.795239351259	0.81952586530510
12.757125872340	0.81954497777761
12.719238778108	0.81956414910121
12.681576057530	0.81958337921295
12.644135723323	0.81960266805028
12.606915811606	0.81962201555104
12.569914381551	0.81964142165350
12.533129515050	0.81966088629632
12.496559316382	0.81968040941858
12.460201911887	0.81969999095977
12.424055449648	0.81971963085978
12.388118099174	0.81973932905893
12.352388051092	0.81975908549794
12.316863516845	0.81977890011795
12.281542728390	0.81979877286053
12.246423937908	0.81981870366764
12.211505417515	0.81983869248169
12.176785458976	0.81985873924547
12.142262373431	0.81987884390224
12.107934491115	0.81989900639563
12.073800161095	0.81991922666972
12.039857751004	0.81993950466901
12.006105646776	0.81995984033843
11.972542252396	0.81998023362330
11.939165989646	0.82000068446941
11.905975297855	0.82002119282294
11.872968633663	0.82004175863051
11.840144470774	0.82006238183916
11.807501299724	0.82008306239636
11.775037627651	0.82010380025001
11.742751978065	0.82012459534842
11.710642890625	0.82014544764035
11.678708920919	0.82016635707497
11.646948640249	0.82018732360189
11.615360635413	0.82020834717113
11.583943508501	0.82022942773315
11.552695876686	0.82025056523883
11.521616372022	0.82027175963950
11.490703641242	0.82029301088689
11.459956345566	0.82031431893317
11.429373160503	0.82033568373093
11.398952775665	0.82035710523320
11.368693894577	0.82037858339343
11.338595234493	0.82040011816550
11.308655526217	0.82042170950370
11.278873513920	0.82044335736277
11.249247954972	0.82046506169787
11.219777619760	0.82048682246457
11.190461291527	0.82050863961888
11.161297766195	0.82053051311723
11.132285852209	0.82055244291649
11.103424370370	0.82057442897392
11.074712153676	0.82059647124723
11.046148047163	0.82061856969454
11.017730907755	0.82064072427441
10.989459604106	0.82066293494579
10.961333016453	0.82068520166808
10.933350036470	0.82070752440108
10.905509567115	0.82072990310501
10.877810522496	0.82075233774053
10.850251827723	0.82077482826870
10.822832418773	0.82079737465098
10.795551242348	0.82081997684928
10.768407255747	0.82084263482590
10.741399426729	0.82086534854356
10.714526733381	0.82088811796538
10.687788163993	0.82091094305493
10.661182716927	0.82093382377614
10.634709400497	0.82095676009338
10.608367232838	0.82097975197142
10.582155241793	0.82100279937543
10.556072464789	0.82102590227100
10.530117948718	0.82104906062411
10.504290749825	0.82107227440114
10.478589933590	0.82109554356889
10.453014574616	0.82111886809454
10.427563756522	0.82114224794568
10.402236571825	0.82116568309030
10.377032121841	0.82118917349676
10.351949516575	0.82121271913385
10.326987874612	0.82123631997073
10.302146323024	0.82125997597695
10.277423997257	0.82128368712246
10.252820041040	0.82130745337759
10.228333606278	0.82133127471307
10.203963852961	0.82135515109998
10.179709949066	0.82137908250982
10.155571070461	0.82140306891445
10.131546400811	0.82142711028612
10.107635131490	0.82145120659745
10.083836461487	0.82147535782143
10.060149597315	0.82149956393144
10.036573752929	0.82152382490122
10.013108149633	0.82154814070487
9.9897520159947	0.82157251131689
9.9665045877660	0.82159693671211
9.9433651077944	0.82162141686574
9.9203328259431	0.82164595175336
9.8974069990096	0.82167054135088
9.8745868906456	0.82169518563462
9.8518717712783	0.82171988458119
9.8292609180328	0.82174463816761
9.8067536146549	0.82176944637122
9.7843491514360	0.82179430916971
9.7620468251384	0.82181922654114
9.7398459389214	0.82184419846388
9.7177458022690	0.82186922491668
9.6957457309185	0.82189430587861
9.6738450467893	0.82191944132906
9.6520430779137	0.82194463124780
9.6303391583681	0.82196987561489
9.6087326282051	0.82199517441074
9.5872228333866	0.82202052761611
9.5658091257179	0.82204593521204
9.5444908627826	0.82207139717993
9.5232674078780	0.82209691350149
9.5021381299525	0.82212248415875
9.4811024035421	0.82214810913405
9.4601596087094	0.82217378841005
9.4393091309824	0.82219952196973
9.4185503612944	0.82222530979636
9.3978826959248	0.82225115187353
9.3773055364404	0.82227704818513
9.3568182896380	0.82230299871536
9.3364203674868	0.82232900344870
9.3161111870727	0.82235506236995
9.2958901705426	0.82238117546417
9.2757567450495	0.82240734271676
9.2557103426984	0.82243356411335
9.2357504004929	0.82245983963991
9.2158763602828	0.82248616928266
9.1960876687117	0.82251255302811
9.1763837771656	0.82253899086305
9.1567641417227	0.82256548277453
9.1372282231027	0.82259202874990
9.1177754866180	0.82261862877675
9.0984054021244	0.82264528284296
9.0791174439733	0.82267199093665
9.0599110909640	0.82269875304623
9.0407858262967	0.82272556916035
9.0217411375263	0.82275243926792
9.0027765165165	0.82277936335809
8.9838914593947	0.82280634142029
8.9650854665072	0.82283337344416
8.9463580423754	0.82286045941961
8.9277086956522	0.82288759933678
8.9091369390788	0.82291479318606
8.8906422894425	0.82294204095807
8.8722242675348	0.82296934264364
8.8538823981099	0.82299669823387
8.8356162098438	0.82302410772006
8.8174252352941	0.82305157109374
8.7993090108600	0.82307908834666
8.7812670767428	0.82310665947080
8.7632989769073	0.82313428445833
8.7454042590432	0.82316196330165
8.7275824745269	0.82318969599338
8.7098331783847	0.82321748252631
8.6921559292549	0.82324532289348
8.6745502893519	0.82327321708809
8.6570158244297	0.82330116510355
8.6395521037464	0.82332916693349
8.6221587000288	0.82335722257168
8.6048351894374	0.82338533201213
8.5875811515325	0.82341349524900
8.5703961692396	0.82344171227665
8.5532798288160	0.82346998308962
8.5362317198178	0.82349830768261
8.5192514350668	0.82352668605051
8.5023385706183	0.82355511818837
8.4854927257288	0.82358360409142
8.4687135028249	0.82361214375504
8.4520005074711	0.82364073717479
8.4353533483399	0.82366938434636
8.4187716371806	0.82369808526561
8.4022549887892	0.82372683992857
8.3858030209790	0.82375564833139
8.3694153545505	0.82378451047038
8.3530916132627	0.82381342634200
8.3368314238042	0.82384239594283
8.3206344157646	0.82387141926961
8.3045002216066	0.82390049631920
8.2884284766381	0.82392962708859
8.2724188189845	0.82395881157491
8.2564708895621	0.82398804977540
8.2405843320506	0.82401734168743
8.2247587928669	0.82404668730850
8.2089939211391	0.82407608663621
8.1932893686800	0.82410553966827
8.1776447899618	0.82413504640251
8.1620598420909	0.82416460683688
8.1465341847826	0.82419422096939
8.1310674803363	0.82422388879821
8.1156593936113	0.82425361032156
8.1003095920022	0.82428338553778
8.0850177454153	0.82431321444529
8.0697835262450	0.82434309704261
8.0546066093498	0.82437303332834
8.0394866720300	0.82440302330116
8.0244233940043	0.82443306695984
8.0094164573871	0.82446316430321
7.9944655466667	0.82449331533019
7.9795703486825	0.82452352003978
7.9647305526036	0.82455377843102
7.9499458499072	0.82458409050303
7.9352159343568	0.82461445625500
7.9205405019815	0.82464487568618
7.9059192510549	0.82467534879586
7.8913518820742	0.82470587558340
7.8768380977404	0.82473645604820
7.8623776029373	0.82476709018971
7.8479701047120	0.82479777800744
7.8336153122550	0.82482851950093
7.8193129368805	0.82485931466976
7.8050626920073	0.82489016351354
7.7908642931393	0.82492106603193
7.7767174578470	0.82495202222461
7.7626219057483	0.82498303209129
7.7485773584906	0.82501409563171
7.7345835397317	0.82504521284562
7.7206401751223	0.82507638373282
7.7067469922879	0.82510760829309
7.6929037208109	0.82513888652625
7.6791100922131	0.82517021843212
7.6653658399386	0.82520160401054
7.6516706993364	0.82523304326134
7.6380244076433	0.82526453618436
7.6244267039674	0.82529608277945
7.6108773292714	0.82532768304645
7.5973760263558	0.82535933698520
7.5839225398432	0.82539104459553
7.5705166161616	0.82542280587726
7.5571580035291	0.82545462083020
7.5438464519376	0.82548648945415
7.5305817131374	0.82551841174887
7.5173635406219	0.82555038771413
7.5041916896120	0.82558241734967
7.4910659170415	0.82561450065518
7.4779859815415	0.82564663763036
7.4649516434263	0.82567882827485
7.4519626646781	0.82571107258827
7.4390188089330	0.82574337057022
7.4261198414664	0.82577572222022
7.4132655291790	0.82580812753780
7.4004556405826	0.82584058652240
7.3876899457861	0.82587309917347
7.3749682164822	0.82590566549036
7.3622902259332	0.82593828547239
7.3496557489581	0.82597095911885
7.3370645619187	0.82600368642894
7.3245164427071	0.82603646740183
7.3120111707317	0.82606930203661
7.2995485269053	0.82610219033233
7.2871282936315	0.82613513228796
7.2747502547925	0.82616812790241
7.2624141957364	0.82620117717453
7.2501199032648	0.82623428010308
7.2378671656205	0.82626743668678
7.2256557724753	0.82630064692424
7.2134855149182	0.82633391081401
7.2013561854432	0.82636722835456
7.1892675779376	0.82640059954429
7.1772194876706	0.82643402438149
7.1652117112811	0.82646750286440
7.1532440467669	0.82650103499114
7.1413162934731	0.82653462075975
7.1294282520809	0.82656826016820
7.1175797245964	0.82660195321435
7.1057705143399	0.82663569989595
7.0940004259347	0.82666950021068
7.0822692652965	0.82670335415611
7.0705768396226	0.82673726172970
7.0589229573817	0.82677122292882
7.0473074283028	0.82680523775074
7.0357300633654	0.82683930619260
7.0241906747891	0.82687342825145
7.0126890760234	0.82690760392423
7.0012250817375	0.82694183320776
6.9897985078107	0.82697611609875
6.9784091713222	0.82701045259380
6.9670568905415	0.82704484268938
6.9557414849188	0.82707928638185
6.9444627750753	0.82711378366746
6.9332205827937	0.82714833454231
6.9220147310090	0.82718293900241
6.9108450437990	0.82721759704361
6.8997113463751	0.82725230866165
6.8886134650735	0.82728707385216
6.8775512273457	0.82732189261061
6.8665244617499	0.82735676493235
6.8555329979419	0.82739169081259
6.8445766666667	0.82742667024643
6.8336552997493	0.82746170322881
6.8227687300865	0.82749678975453
6.8119167916383	0.82753192981827
6.8010993194192	0.82756712341457
6.7903161494904	0.82760237053780
6.7795671189507	0.82763767118222
6.7688520659291	0.82767302534193
6.7581708295762	0.82770843301089
6.7475232500563	0.82774389418290
6.7369091685393	0.82777940885164
6.7263284271932	0.82781497701062
6.7157808691756	0.82785059865320
6.7052663386267	0.82788627377260
6.6947846806610	0.82792200236188
6.6843357413601	0.82795778441394
6.6739193677649	0.82799361992155
6.6635354078684	0.82802950887729
6.6531837106081	0.82806545127362
6.6428641258586	0.82810144710281
6.6325765044248	0.82813749635699
6.6223206980340	0.82817359902814
6.6120965593295	0.82820975510804
6.6019039418630	0.82824596458836
6.5917427000879	0.82828222746057
6.5816126893524	0.82831854371599
6.5715137658922	0.82835491334579
6.5614457868243	0.82839133634095
6.5514086101399	0.82842781269230
6.5414020946978	0.82846434239050
6.5314261002179	0.82850092542604
6.5214804872743	0.82853756178926
6.5115651172893	0.82857425147032
6.5016798525266	0.82861099445919
6.4918245560849	0.82864779074571
6.4819990918919	0.82868464031953
6.4722033246978	0.82872154317013
6.4624371200690	0.82875849928681
6.4527003443823	0.82879550865872
6.4429928648184	0.82883257127483
6.4333145493562	0.82886968712392
6.4236652667667	0.82890685619463
6.4140448866068	0.82894407847540
6.4044532792138	0.82898135395450
6.3948903156997	0.82901868262004
6.3853558679446	0.82905606445995
6.3758498085921	0.82909349946197
6.3663720110427	0.82913098761369
6.3569223494487	0.82916852890251
6.3475006987084	0.82920612331566
6.3381069344609	0.82924377084018
6.3287409330800	0.82928147146297
6.3194025716695	0.82931922517071
6.3100917280572	0.82935703194994
6.3008082807902	0.82939489178700
6.2915521091291	0.82943280466807
6.2823230930427	0.82947077057914
6.2731211132036	0.82950878950604
6.2639460509820	0.82954686143441
6.2547977884415	0.82958498634972
6.2456762083333	0.82962316423727
6.2365811940919	0.82966139508216
6.2275126298297	0.82969967886935
6.2184704003319	0.82973801558361
6.2094543910522	0.82977640520951
6.2004644881075	0.82981484773148
6.1915005782734	0.82985334313375
6.1825625489792	0.82989189140040
6.1736502883031	0.82993049251531
6.1647636849681	0.82996914646220
6.1559026283368	0.83000785322461
6.1470670084068	0.83004661278592
6.1382567158067	0.83008542512931
6.1294716417910	0.83012429023782
6.1207116782360	0.83016320809428
6.1119767176351	0.83020217868139
6.1032666530945	0.83024120198164
6.0945813783289	0.83028027797737
6.0859207876573	0.83031940665075
6.0772847759984	0.83035858798377
6.0686732388664	0.83039782195826
6.0600860723671	0.83043710855588
6.0515231731934	0.83047644775810
6.0429844386212	0.83051583954626
6.0344697665056	0.83055528390150
6.0259790552764	0.83059478080481
6.0175122039342	0.83063433023702
6.0090691120465	0.83067393217877
6.0006496797438	0.83071358661056
5.9922538077154	0.83075329351272
5.9838813972056	0.83079305286542
5.9755323500100	0.83083286464865
5.9672065684713	0.83087272884225
5.9589039554760	0.83091264542592
5.9506244144502	0.83095261437917
5.9423678493558	0.83099263568136
5.9341341646873	0.83103270931171
5.9259232654675	0.83107283524926
5.9177350572444	0.83111301347290
5.9095694460871	0.83115324396137
5.9014263385827	0.83119352669326
5.8933056418321	0.83123386164701
5.8852072634472	0.83127424880088
5.8771311115468	0.83131468813302
5.8690770947533	0.83135517962140
5.8610451221896	0.83139572324385
5.8530351034752	0.83143631897806
5.8450469487229	0.83147696680157
5.8370805685358	0.83151766669177
5.8291358740035	0.83155841862591
5.8212127766990	0.83159922258109
5.8133111886756	0.83164007853428
5.8054310224632	0.83168098646232
5.7975721910656	0.83172194634187
5.7897346079567	0.83176295814950
5.7819181870781	0.83180402186160
5.7741228428351	0.83184513745447
5.7663484900942	0.83188630490425
5.7585950441798	0.83192752418693
5.7508624208709	0.83196879527841
5.7431505363985	0.83201011815444
5.7354593074421	0.83205149279063
5.7277886511272	0.83209291916249
5.7201384850219	0.83213439724537
5.7125087271341	0.83217592701453
5.7048992959087	0.83221750844510
5.6973101102242	0.83225914151206
5.6897410893908	0.83230082619031
5.6821921531463	0.83234256245462
5.6746632216544	0.83238435027962
5.6671542155009	0.83242618963985
5.6596650556919	0.83246808050974
5.6521956636501	0.83251002286359
5.6447459612126	0.83255201667560
5.6373158706281	0.83259406191986
5.6299053145540	0.83263615857036
5.6225142160540	0.83267830660097
5.6151424985952	0.83272050598546
5.6077900860456	0.83276275669751
5.6004569026714	0.83280505871069
5.5931428731343	0.83284741199847
5.5858479224893	0.83288981653423
5.5785719761816	0.83293227229126
5.5713149600446	0.83297477924273
5.5640768002970	0.83301733736174
5.5568574235403	0.83305994662131
5.5496567567568	0.83310260699435
5.5424747273063	0.83314531845369
5.5353112629247	0.83318808097207
5.5281662917204	0.83323089452217
5.5210397421731	0.83327375907657
5.5139315431304	0.83331667460776
5.5068416238060	0.83335964108818
5.4997699137773	0.83340265849018
5.4927163429828	0.83344572678604
5.4856808417200	0.83348884594795
5.4786633406433	0.83353201594807
5.4716637707611	0.83357523675845
5.4646820634342	0.83361850835109
5.4577181503732	0.83366183069794
5.4507719636364	0.83370520377087
5.4438434356274	0.83374862754169
5.4369324990932	0.83379210198217
5.4300390871219	0.83383562706399
5.4231631331404	0.83387920275881
5.4163045709124	0.83392282903821
5.4094633345363	0.83396650587374
5.4026393584430	0.83401023323690
5.3958325773938	0.83405401109911
5.3890429264785	0.83409783943180
5.3822703411131	0.83414171820631
5.3755147570378	0.83418564739395
5.3687761103152	0.83422962696602
5.3620543373278	0.83427365689375
5.3553493747767	0.83431773714834
5.3486611596789	0.83436186770097
5.3419896293656	0.83440604852277
5.3353347214807	0.83445027958487
5.3286963739780	0.83449456085834
5.3220745251198	0.83453889231425
5.3154691134752	0.83458327392364
5.3088800779175	0.83462770565751
5.3023073576229	0.83467218748688
5.2957508920685	0.83471671938271
5.2892106210303	0.83476130131597
5.2826864845815	0.83480593325762
5.2761784230905	0.83485061517860
5.2696863772192	0.83489534704983
5.2632102879213	0.83494012884225
5.2567500964405	0.83498496052677
5.2503057443082	0.83502984207431
5.2438771733427	0.83507477345579
5.2374643256464	0.83511975464213
5.2310671436050	0.83516478560424
5.2246855698850	0.83520986631305
5.2183195474326	0.83525499673949
5.2119690194715	0.83530017685451
5.2056339295016	0.83534540662906
5.1993142212973	0.83539068603411
5.1930098389052	0.83543601504062
5.1867207266436	0.83548139361962
5.1804468290997	0.83552682174210
5.1741880911288	0.83557229937911
5.1679444578521	0.83561782650170
5.1617158746556	0.83566340308098
5.1555022871883	0.83570902908804
5.1493036413604	0.83575470449403
5.1431198833419	0.83580042927012
5.1369509595613	0.83584620338752
5.1307968167037	0.83589202681746
5.1246574017094	0.83593789953123
5.1185326617722	0.83598382150014
5.1124225443383	0.83602979269554
5.1063269971044	0.83607581308883
5.1002459680163	0.83612188265145
5.0941794052676	0.83616800135490
5.0881272572980	0.83621416917071
5.0820894727920	0.83626038607046
5.0760660006773	0.83630665202579
5.0700567901235	0.83635296700839
5.0640617905405	0.83639933099002
5.0580809515775	0.83644574394247
5.0521142231210	0.83649220583760
5.0461615552937	0.83653871664735
5.0402228984533	0.83658527634370
5.0342982031906	0.83663188489869
5.0283874203287	0.83667854228446
5.0224905009214	0.83672524847317
5.0166073962517	0.83677200343709
5.0107380578305	0.83681880714855
5.0048824373957	0.83686565957993
4.9990404869101	0.83691256070373
4.9932121585610	0.83695951049249
4.9873974047579	0.83700650891883
4.9815961781323	0.83705355595547
4.9758084315353	0.83710065157520
4.9700341180371	0.83714779575090
4.9642731909256	0.83719498845551
4.9585256037049	0.83724222966209
4.9527913100942	0.83728951934377
4.9470702640264	0.83733685747377
4.9413624196473	0.83738424402541
4.9356677313138	0.83743167897209
4.9299861535932	0.83747916228731
4.9243176412615	0.83752669394467
4.9186621493027	0.83757427391786
4.9130196329072	0.83762190218068
4.9073900474709	0.83766957870700
4.9017733485939	0.83771730347084
4.8961694920790	0.83776507644627
4.8905784339315	0.83781289760751
4.8850001303569	0.83786076692885
4.8794345377604	0.83790868438471
4.8738816127459	0.83795664994961
4.8683413121143	0.83800466359817
4.8628135928629	0.83805272530515
4.8572984121841	0.83810083504538
4.8517957274640	0.83814899279384
4.8463054962819	0.83819719852560
4.8408276764088	0.83824545221585
4.8353622258065	0.83829375383992
4.8299091026261	0.83834210337323
4.8244682652076	0.83839050079132
4.8190396720784	0.83843894606987
4.8136232819525	0.83848743918466
4.8082190537289	0.83853598011161
4.8028269464915	0.83858456882675
4.7974469195071	0.83863320530624
4.7920789322251	0.83868188952635
4.7867229442759	0.83873062146351
4.7813789154705	0.83877940109425
4.7760468057989	0.83882822839522
4.7707265754297	0.83887710334323
4.7654181847083	0.83892602591519
4.7601215941569	0.83897499608816
4.7548367644726	0.83902401383931
4.7495636565272	0.83907307914597
4.7443022313657	0.83912219198558
4.7390524502055	0.83917135233572
4.7338142744355	0.83922056017410
4.7285876656151	0.83926981547857
4.7233725854735	0.83931911822711
4.7181689959081	0.83936846839784
4.7129768589844	0.83941786596902
4.7077961369347	0.83946731091903
4.7026267921569	0.83951680322641
4.6974687872140	0.83956634286981
4.6923220848333	0.83961592982804
4.6871866479049	0.83966556408004
4.6820624394815	0.83971524560489
4.6769494227769	0.83976497438181
4.6718475611657	0.83981475039015
4.6667568181818	0.83986457360941
4.6616771575183	0.83991444401922
4.6566085430258	0.83996436159937
4.6515509387122	0.84001432632976
4.6465043087415	0.84006433819045
4.6414686174330	0.84011439716163
4.6364438292607	0.84016450322365
4.6314299088522	0.84021465635697
4.6264268209877	0.84026485654221
4.6214345305997	0.84031510376012
4.6164530027718	0.84036539799161
4.6114822027380	0.84041573921769
4.6065220958820	0.84046612741955
4.6015726477360	0.84051656257851
4.5966338239804	0.84056704467600
4.5917055904426	0.84061757369362
4.5867879130967	0.84066814961311
4.5818807580621	0.84071877241632
4.5769840916031	0.84076944208527
4.5720978801281	0.84082015860209
4.5672220901889	0.84087092194906
4.5623566884797	0.84092173210859
4.5575016418364	0.84097258906325
4.5526569172361	0.84102349279570
4.5478224817961	0.84107444328878
4.5429983027731	0.84112544052543
4.5381843475628	0.84117648448874
4.5333805836988	0.84122757516193
4.5285869788520	0.84127871252835
4.5238035008299	0.84132989657147
4.5190301175761	0.84138112727492
4.5142667971691	0.84143240462242
4.5095135078219	0.84148372859785
4.5047702178813	0.84153509918519
4.5000368958271	0.84158651636858
4.4953135102714	0.84163798013224
4.4906000299581	0.84168949046055
4.4858964237618	0.84174104733800
4.4812026606876	0.84179265074920
4.4765187098701	0.84184430067889
4.4718445405728	0.84189599711190
4.4671801221875	0.84194774003321
4.4625254242334	0.84199952942790
4.4578804163569	0.84205136528117
4.4532450683304	0.84210324757833
4.4486193500519	0.84215517630480
4.4440032315446	0.84220715144611
4.4393966829557	0.84225917298791
4.4347996745562	0.84231124091593
4.4302121767401	0.84236335521604
4.4256341600236	0.84241551587419
4.4210655950450	0.84246772287643
4.4165064525633	0.84251997620892
4.4119567034584	0.84257227585792
4.4074163187298	0.84262462180978
4.4028852694963	0.84267701405093
4.3983635269953	0.84272945256793
4.3938510625824	0.84278193734738
4.3893478477306	0.84283446837601
4.3848538540295	0.84288704564062
4.3803690531853	0.84293966912809
4.3758934170194	0.84299233882537
4.3714269174686	0.84304505471953
4.3669695265841	0.84309781679767
4.3625212165309	0.84315062504699
4.3580819595871	0.84320347945475
4.3536517281441	0.84325638000829
4.3492304947048	0.84330932669502
4.3448182318841	0.84336231950239
4.3404149124077	0.84341535841793
4.3360205091119	0.84346844342924
4.3316349949429	0.84352157452395
4.3272583429561	0.84357475168976
4.3228905263158	0.84362797491441
4.3185315182944	0.84368124418571
4.3141812922723	0.84373455949149
4.3098398217366	0.84378792081963
4.3055070802815	0.84384132815805
4.3011830416069	0.84389478149472
4.2968676795184	0.84394828081761
4.2925609679267	0.84400182611474
4.2882628808468	0.84405541737418
4.2839733923978	0.84410905458397
4.2796924768023	0.84416273773221
4.2754201083856	0.84421646680701
4.2711562615757	0.84427024179648
4.2669009109024	0.84432406268875
4.2626540309967	0.84437792947196
4.2584155965909	0.84443184213425
4.2541855825174	0.84448580066374
4.2499639637085	0.84453980504858
4.2457507151961	0.84459385527689
4.2415458121109	0.84464795133677
4.2373492296820	0.84470209321633
4.2331609432364	0.84475628090364
4.2289809281986	0.84481051438675
4.2248091600902	0.84486479365370
4.2206456145291	0.84491911869248
4.2164902672293	0.84497348949104
4.2123430940003	0.84502790603732
4.2082040707468	0.84508236831917
4.2040731734680	0.84513687632444
4.1999503782572	0.84519143004090
4.1958356613016	0.84524602945628
4.1917289988814	0.84530067455822
4.1876303673697	0.84535536533434
4.1835397432319	0.84541010177215
4.1794571030252	0.84546488385911
4.1753824233983	0.84551971158259
4.1713156810909	0.84557458492988
4.1672568529330	0.84562950388820
4.1632059158450	0.84568446844464
4.1591628468368	0.84573947858622
4.1551276230076	0.84579453429987
4.1511002215453	0.84584963557237
4.1470806197261	0.84590478239044
4.1430687949143	0.84595997474065
4.1390647245616	0.84601521260945
4.1350683862069	0.84607049598318
4.1310797574755	0.84612582484803
4.1270988160793	0.84618119919008
4.1231255398157	0.84623661899524
4.1191599065677	0.84629208424929
4.1152018943034	0.84634759493785
4.1112514810752	0.84640315104639
4.1073086450199	0.84645875256021
4.1033733643581	0.84651439946444
4.0994456173937	0.84657009174405
4.0955253825137	0.84662582938381
4.0916126381875	0.84668161236833
4.0877073629670	0.84673744068201
4.0838095354856	0.84679331430906
4.0799191344584	0.84684923323349
4.0760361386812	0.84690519743910
4.0721605270307	0.84696120690949
4.0682922784638	0.84701726162801
4.0644313720174	0.84707336157782
4.0605777868075	0.84712950674182
4.0567315020298	0.84718569710270
4.0528924969582	0.84724193264289
4.0490607509454	0.84729821334458
4.0452362434219	0.84735453918968
4.0414189538959	0.84741091015988
4.0376088619529	0.84746732623657
4.0338059472551	0.84752378740088
4.0300101895416	0.84758029363366
4.0262215686274	0.84763684491546
4.0224400644036	0.84769344122656
4.0186656568365	0.84775008254693
4.0148983259676	0.84780676885622
4.0111380519133	0.84786350013379
4.0073848148643	0.84792027635867
4.0036385950855	0.84797709750956
3.9998993729153	0.84803396356485
3.9961671287657	0.84809087450256
3.9924418431216	0.84814783030039
3.9887234965407	0.84820483093566
3.9850120696531	0.84826187638537
3.9813075431607	0.84831896662612
3.9776098978373	0.84837610163414
3.9739191145281	0.84843328138531
3.9702351741491	0.84849050585509
3.9665580576872	0.84854777501855
3.9628877461996	0.84860508885037
3.9592242208135	0.84866244732482
3.9555674627260	0.84871985041576
3.9519174532033	0.84877729809661
3.9482741735809	0.84883479034036
3.9446376052632	0.84889232711959
3.9410077297226	0.84894990840640
3.9373845285001	0.84900753417247
3.9337679832043	0.84906520438900
3.9301580755113	0.84912291902672
3.9265547871644	0.84918067805590
3.9229580999738	0.84923848144632
3.9193679958164	0.84929632916727
3.9157844566353	0.84935422118754
3.9122074644395	0.84941215747544
3.9086370013038	0.84947013799872
3.9050730493682	0.84952816272465
3.9015155908381	0.84958623161996
3.8979646079834	0.84964434465084
3.8944200831385	0.84970250178294
3.8908819987021	0.84976070298134
3.8873503371369	0.84981894821060
3.8838250809690	0.84987723743468
3.8803062127880	0.84993557061697
3.8767937152463	0.84999394772029
3.8732875710594	0.85005236870684
3.8697877630050	0.85011083353826
3.8662942739231	0.85016934217555
3.8628070867156	0.85022789457910
3.8593261843460	0.85028649070870
3.8558515498392	0.85034513052347
3.8523831662812	0.85040381398191
3.8489210168186	0.85046254104187
3.8454650846588	0.85052131166055
3.8420153530693	0.85058012579446
3.8385718053777	0.85063898339947
3.8351344249712	0.85069788443074
3.8317031952965	0.85075682884274
3.8282780998595	0.85081581658927
3.8248591222251	0.85087484762338
3.8214462460166	0.85093392189744
3.8180394549159	0.85099303936308
3.8146387326632	0.85105219997118
3.8112440630562	0.85111140367192
3.8078554299505	0.85117065041469
3.8044728172589	0.85122994014814
3.8010962089514	0.85128927282014
3.7977255890550	0.85134864837780
3.7943609416530	0.85140806676743
3.7910022508852	0.85146752793456
3.7876495009476	0.85152703182390
3.7843026760919	0.85158657837936
3.7809617606256	0.85164616754402
3.7776267389113	0.85170579926015
3.7742975953670	0.85176547346916
3.7709743144654	0.85182519011163
3.7676568807339	0.85188494912728
3.7643452787544	0.85194475045494
3.7610394931627	0.85200459403262
3.7577395086488	0.85206447979739
3.7544453099562	0.85212440768546
3.7511568818819	0.85218437763215
3.7478742092762	0.85224438957183
3.7445972770422	0.85230444343800
3.7413260701360	0.85236453916319
3.7380605735661	0.85242467667901
3.7348007723932	0.85248485591615
3.7315466517301	0.85254507680429
3.7282981967417	0.85260533927221
3.7250553926441	0.85266564324766
3.7218182247052	0.85272598865744
3.7185866782436	0.85278637542736
3.7153607386293	0.85284680348221
3.7121403912828	0.85290727274579
3.7089256216751	0.85296778314087
3.7057164153276	0.85302833458921
3.7025127578115	0.85308892701151
3.6993146347483	0.85314956032743
3.6961220318087	0.85321023445558
3.6929349347130	0.85327094931352
3.6897533292308	0.85333170481771
3.6865772011805	0.85339250088354
3.6834065364295	0.85345333742532
3.6802413208937	0.85351421435623
3.6770815405372	0.85357513158836
3.6739271813725	0.85363608903269
3.6707782294600	0.85369708659905
3.6676346709078	0.85375812419615
3.6644964918714	0.85381920173154
3.6613636785540	0.85388031911163
3.6582362172056	0.85394147624164
3.6551140941234	0.85400267302564
3.6519972956511	0.85406390936650
3.6488858081792	0.85412518516591
3.6457796181442	0.85418650032436
3.6426787120292	0.85424785474111
3.6395830763628	0.85430924831422
3.6364926977196	0.85437068094051
3.6334075627197	0.85443215251557
3.6303276580286	0.85449366293374
3.6272529703569	0.85455521208809
3.6241834864603	0.85461679987045
3.6211191931393	0.85467842617135
3.6180600772387	0.85474009088005
3.6150061256481	0.85480179388452
3.6119573253012	0.85486353507143
3.6089136631756	0.85492531432612
3.6058751262930	0.85498713153263
3.6028417017185	0.85504898657366
3.5998133765610	0.85511087933058
3.5967901379724	0.85517280968341
3.5937719731479	0.85523477751082
3.5907588693257	0.85529678269010
3.5877508137865	0.85535882509718
3.5847477938539	0.85542090460661
3.5817497968937	0.85548302109154
3.5787568103140	0.85554517442372
3.5757688215649	0.85560736447350
3.5727858181385	0.85566959110980
3.5698077875685	0.85573185420014
3.5668347174301	0.85579415361056
3.5638665953400	0.85585648920570
3.5609034089559	0.85591886084873
3.5579451459767	0.85598126840135
3.5549917941421	0.85604371172381
3.5520433412322	0.85610619067487
3.5490997750681	0.85616870511180
3.5461610835108	0.85623125489038
3.5432272544616	0.85629383986489
3.5402982758621	0.85635645988809
3.5373741356932	0.85641911481123
3.5344548219759	0.85648180448402
3.5315403227706	0.85654452875464
3.5286306261770	0.85660728746972
3.5257257203340	0.85667008047435
3.5228255934195	0.85673290761203
3.5199302336503	0.85679576872472
3.5170396292820	0.85685866365279
3.5141537686086	0.85692159223501
3.5112726399625	0.85698455430857
3.5083962317145	0.85704754970907
3.5055245322732	0.85711057827047
3.5026575300853	0.85717363982514
3.4997952136353	0.85723673420381
3.4969375714452	0.85729986123557
3.4940845920746	0.85736302074788
3.4912362641202	0.85742621256654
3.4883925762160	0.85748943651572
3.4855535170329	0.85755269241790
3.4827190752788	0.85761598009388
3.4798892396982	0.85767929936280
3.4770639990721	0.85774265004212
3.4742433422181	0.85780603194758
3.4714272579898	0.85786944489324
3.4686157352771	0.85793288869145
3.4658087630058	0.85799636315281
3.4630063301375	0.85805986808625
3.4602084256694	0.85812340329894
3.4574150386345	0.85818696859631
3.4546261581009	0.85825056378205
3.4518417731721	0.85831418865811
3.4490618729867	0.85837784302466
3.4462864467180	0.85844152668014
3.4435154835745	0.85850523942118
3.4407489727993	0.85856898104266
3.4379869036697	0.85863275133765
3.4352292654979	0.85869655009746
3.4324760476300	0.85876037711159
3.4297272394463	0.85882423216771
3.4269828303612	0.85888811505173
3.4242428098230	0.85895202554770
3.4215071673134	0.85901596343787
3.4187758923480	0.85907992850265
3.4160489744758	0.85914392052064
3.4133264032791	0.85920793926857
3.4106081683732	0.85927198452133
3.4078942594066	0.85933605605198
3.4051846660609	0.85940015363169
3.4024793780502	0.85946427702981
3.3997783851213	0.85952842601377
3.3970816770538	0.85959260034917
3.3943892436594	0.85965679979970
3.3917010747822	0.85972102412720
3.3890171602984	0.85978527309158
3.3863374901163	0.85984954645089
3.3836620541761	0.85991384396127
3.3809908424495	0.85997816537693
3.3783238449403	0.86004251045022
3.3756610516834	0.86010687893154
3.3730024527453	0.86017127056938
3.3703480382237	0.86023568511031
3.3676977982476	0.86030012229897
3.3650517229768	0.86036458187808
3.3624098026021	0.86042906358841
3.3597720273451	0.86049356716880
3.3571383874580	0.86055809235614
3.3545088732237	0.86062263888538
3.3518834749553	0.86068720648950
3.3492621829963	0.86075179489955
3.3466449877205	0.86081640384460
3.3440318795315	0.86088103305178
3.3414228488631	0.86094568224624
3.3388178861789	0.86101035115116
3.3362169819720	0.86107503948775
3.3336201267653	0.86113974697524
3.3310273111111	0.86120447333091
