#Parameters = {thARC=0.6; nARC=1.75; thsub=1; p=1; nSub=2.5}
#"Wavelength / um"	"T (346) [Real Part]"
#---------------------------------------
14.989622900000	0.84314697164456
14.937342202292	0.84333476985827
14.885424925521	0.84352284968387
14.833867293419	0.84371121498162
14.782665581854	0.84389986955632
14.731816117936	0.84408881715751
14.681315279138	0.84427806147955
14.631159492435	0.84446760616179
14.581345233463	0.84465745478870
14.531869025691	0.84484761089006
14.482727439614	0.84503807794105
14.433917091960	0.84522885936247
14.385434644914	0.84541995852083
14.337276805356	0.84561137872858
14.289440324118	0.84580312324421
14.241921995249	0.84599519527244
14.194718655303	0.84618759796442
14.147827182633	0.84638033441783
14.101244496707	0.84657340767713
14.054967557431	0.84676682073366
14.008993364486	0.84696057652587
13.963318956684	0.84715467793950
13.917941411328	0.84734912780771
13.872857843591	0.84754392891133
13.828065405904	0.84773908397900
13.783561287356	0.84793459568738
13.739342713107	0.84813046666131
13.695406943810	0.84832669947408
13.651751275046	0.84852329664751
13.608373036768	0.84872026065226
13.565269592760	0.84891759390794
13.522438340099	0.84911529878338
13.479876708633	0.84931337759679
13.437582160466	0.84951183261595
13.395552189455	0.84971066605848
13.353784320713	0.84990988009200
13.312276110124	0.85010947683433
13.271025143869	0.85030945835376
13.230029037952	0.85050982666920
13.189285437747	0.85071058375043
13.148792017544	0.85091173151830
13.108546480105	0.85111327184497
13.068546556234	0.85131520655412
13.028790004346	0.85151753742116
12.989274610052	0.85172026617347
12.949998185745	0.85192339449061
12.910958570198	0.85212692400457
12.872153628167	0.85233085629997
12.833581250000	0.85253519291429
12.795239351259	0.85273993533814
12.757125872340	0.85294508501545
12.719238778108	0.85315064334372
12.681576057530	0.85335661167423
12.644135723323	0.85356299131234
12.606915811606	0.85376978351764
12.569914381551	0.85397698950427
12.533129515050	0.85418461044109
12.496559316382	0.85439264745198
12.460201911887	0.85460110161603
12.424055449648	0.85480997396783
12.388118099174	0.85501926549767
12.352388051092	0.85522897715181
12.316863516845	0.85543910983273
12.281542728390	0.85564966439936
12.246423937908	0.85586064166733
12.211505417515	0.85607204240923
12.176785458976	0.85628386735485
12.142262373431	0.85649611719144
12.107934491115	0.85670879256394
12.073800161095	0.85692189407527
12.039857751004	0.85713542228652
12.006105646776	0.85734937771728
11.972542252396	0.85756376084583
11.939165989646	0.85777857210943
11.905975297855	0.85799381190458
11.872968633663	0.85820948058723
11.840144470774	0.85842557847310
11.807501299724	0.85864210583788
11.775037627651	0.85885906291754
11.742751978065	0.85907644990853
11.710642890625	0.85929426696811
11.678708920919	0.85951251421453
11.646948640249	0.85973119172736
11.615360635413	0.85995029954771
11.583943508501	0.86016983767849
11.552695876686	0.86038980608470
11.521616372022	0.86061020469367
11.490703641242	0.86083103339531
11.459956345566	0.86105229204241
11.429373160503	0.86127398045086
11.398952775665	0.86149609839995
11.368693894577	0.86171864563259
11.338595234493	0.86194162185562
11.308655526217	0.86216502674006
11.278873513920	0.86238885992133
11.249247954972	0.86261312099958
11.219777619760	0.86283780953992
11.190461291527	0.86306292507266
11.161297766195	0.86328846709364
11.132285852209	0.86351443506444
11.103424370370	0.86374082841263
11.074712153676	0.86396764653211
11.046148047163	0.86419488878331
11.017730907755	0.86442255449345
10.989459604106	0.86465064295686
10.961333016453	0.86487915343518
10.933350036470	0.86510808515769
10.905509567115	0.86533743732151
10.877810522496	0.86556720909190
10.850251827723	0.86579739960253
10.822832418773	0.86602800795570
10.795551242348	0.86625903322266
10.768407255747	0.86649047444384
10.741399426729	0.86672233062911
10.714526733381	0.86695460075808
10.687788163993	0.86718728378030
10.661182716927	0.86742037861559
10.634709400497	0.86765388415424
10.608367232838	0.86788779925734
10.582155241793	0.86812212275695
10.556072464789	0.86835685345647
10.530117948718	0.86859199013082
10.504290749825	0.86882753152672
10.478589933590	0.86906347636297
10.453014574616	0.86929982333069
10.427563756522	0.86953657109359
10.402236571825	0.86977371828820
10.377032121841	0.87001126352420
10.351949516575	0.87024920538459
10.326987874612	0.87048754242600
10.302146323024	0.87072627317895
10.277423997257	0.87096539614806
10.252820041040	0.87120490981237
10.228333606278	0.87144481262554
10.203963852961	0.87168510301615
10.179709949066	0.87192577938791
10.155571070461	0.87216684011995
10.131546400811	0.87240828356706
10.107635131490	0.87265010805993
10.083836461487	0.87289231190541
10.060149597315	0.87313489338680
10.036573752929	0.87337785076401
10.013108149633	0.87362118227392
9.9897520159947	0.87386488613053
9.9665045877660	0.87410896052528
9.9433651077944	0.87435340362727
9.9203328259431	0.87459821358348
9.8974069990096	0.87484338851907
9.8745868906456	0.87508892653760
9.8518717712783	0.87533482572125
9.8292609180328	0.87558108413111
9.8067536146549	0.87582769980740
9.7843491514360	0.87607467076970
9.7620468251384	0.87632199501721
9.7398459389214	0.87656967052898
9.7177458022690	0.87681769526417
9.6957457309185	0.87706606716227
9.6738450467893	0.87731478414333
9.6520430779137	0.87756384410821
9.6303391583681	0.87781324493882
9.6087326282051	0.87806298449837
9.5872228333866	0.87831306063154
9.5658091257179	0.87856347116481
9.5444908627826	0.87881421390660
9.5232674078780	0.87906528664756
9.5021381299525	0.87931668716078
9.4811024035421	0.87956841320203
9.4601596087094	0.87982046250997
9.4393091309824	0.88007283280639
9.4185503612944	0.88032552179644
9.3978826959248	0.88057852716885
9.3773055364404	0.88083184659615
9.3568182896380	0.88108547773492
9.3364203674868	0.88133941822595
9.3161111870727	0.88159366569454
9.2958901705426	0.88184821775066
9.2757567450495	0.88210307198921
9.2557103426984	0.88235822599021
9.2357504004929	0.88261367731901
9.2158763602828	0.88286942352656
9.1960876687117	0.88312546214956
9.1763837771656	0.88338179071069
9.1567641417227	0.88363840671887
9.1372282231027	0.88389530766941
9.1177754866180	0.88415249104423
9.0984054021244	0.88440995431213
9.0791174439733	0.88466769492889
9.0599110909640	0.88492571033759
9.0407858262967	0.88518399796874
9.0217411375263	0.88544255524049
9.0027765165165	0.88570137955889
8.9838914593947	0.88596046831802
8.9650854665072	0.88621981890022
8.9463580423754	0.88647942867632
8.9277086956522	0.88673929500577
8.9091369390788	0.88699941523691
8.8906422894425	0.88725978670710
8.8722242675348	0.88752040674297
8.8538823981099	0.88778127266058
8.8356162098438	0.88804238176561
8.8174252352941	0.88830373135357
8.7993090108600	0.88856531870998
8.7812670767428	0.88882714111054
8.7632989769073	0.88908919582135
8.7454042590432	0.88935148009907
8.7275824745269	0.88961399119111
8.7098331783847	0.88987672633582
8.6921559292549	0.89013968276266
8.6745502893519	0.89040285769238
8.6570158244297	0.89066624833721
8.6395521037464	0.89092985190102
8.6221587000288	0.89119366557953
8.6048351894374	0.89145768656042
8.5875811515325	0.89172191202358
8.5703961692396	0.89198633914123
8.5532798288160	0.89225096507809
8.5362317198178	0.89251578699157
8.5192514350668	0.89278080203196
8.5023385706183	0.89304600734252
8.4854927257288	0.89331140005971
8.4687135028249	0.89357697731336
8.4520005074711	0.89384273622675
8.4353533483399	0.89410867391688
8.4187716371806	0.89437478749455
8.4022549887892	0.89464107406454
8.3858030209790	0.89490753072577
8.3694153545505	0.89517415457147
8.3530916132627	0.89544094268929
8.3368314238042	0.89570789216149
8.3206344157646	0.89597500006509
8.3045002216066	0.89624226347200
8.2884284766381	0.89650967944916
8.2724188189845	0.89677724505872
8.2564708895621	0.89704495735815
8.2405843320506	0.89731281340043
8.2247587928669	0.89758081023412
8.2089939211391	0.89784894490357
8.1932893686800	0.89811721444901
8.1776447899618	0.89838561590672
8.1620598420909	0.89865414630915
8.1465341847826	0.89892280268506
8.1310674803363	0.89919158205964
8.1156593936113	0.89946048145465
8.1003095920022	0.89972949788857
8.0850177454153	0.89999862837670
8.0697835262450	0.90026786993130
8.0546066093498	0.90053721956169
8.0394866720300	0.90080667427444
8.0244233940043	0.90107623107342
8.0094164573871	0.90134588695995
7.9944655466667	0.90161563893293
7.9795703486825	0.90188548398896
7.9647305526036	0.90215541912243
7.9499458499072	0.90242544132564
7.9352159343568	0.90269554758896
7.9205405019815	0.90296573490088
7.9059192510549	0.90323600024816
7.8913518820742	0.90350634061591
7.8768380977404	0.90377675298776
7.8623776029373	0.90404723434587
7.8479701047120	0.90431778167112
7.8336153122550	0.90458839194317
7.8193129368805	0.90485906214059
7.8050626920073	0.90512978924091
7.7908642931393	0.90540057022080
7.7767174578470	0.90567140205609
7.7626219057483	0.90594228172189
7.7485773584906	0.90621320619273
7.7345835397317	0.90648417244259
7.7206401751223	0.90675517744502
7.7067469922879	0.90702621817323
7.6929037208109	0.90729729160019
7.6791100922131	0.90756839469869
7.6653658399386	0.90783952444146
7.6516706993364	0.90811067780123
7.6380244076433	0.90838185175081
7.6244267039674	0.90865304326319
7.6108773292714	0.90892424931163
7.5973760263558	0.90919546686969
7.5839225398432	0.90946669291138
7.5705166161616	0.90973792441117
7.5571580035291	0.91000915834409
7.5438464519376	0.91028039168582
7.5305817131374	0.91055162141275
7.5173635406219	0.91082284450204
7.5041916896120	0.91109405793169
7.4910659170415	0.91136525868064
7.4779859815415	0.91163644372879
7.4649516434263	0.91190761005711
7.4519626646781	0.91217875464766
7.4390188089330	0.91244987448370
7.4261198414664	0.91272096654970
7.4132655291790	0.91299202783145
7.4004556405826	0.91326305531609
7.3876899457861	0.91353404599215
7.3749682164822	0.91380499684966
7.3622902259332	0.91407590488016
7.3496557489581	0.91434676707676
7.3370645619187	0.91461758043421
7.3245164427071	0.91488834194894
7.3120111707317	0.91515904861909
7.2995485269053	0.91542969744460
7.2871282936315	0.91570028542722
7.2747502547925	0.91597080957058
7.2624141957364	0.91624126688021
7.2501199032648	0.91651165436361
7.2378671656205	0.91678196903028
7.2256557724753	0.91705220789174
7.2134855149182	0.91732236796161
7.2013561854432	0.91759244625563
7.1892675779376	0.91786243979167
7.1772194876706	0.91813234558980
7.1652117112811	0.91840216067234
7.1532440467669	0.91867188206384
7.1413162934731	0.91894150679113
7.1294282520809	0.91921103188341
7.1175797245964	0.91948045437217
7.1057705143399	0.91974977129133
7.0940004259347	0.92001897967719
7.0822692652965	0.92028807656850
7.0705768396226	0.92055705900645
7.0589229573817	0.92082592403474
7.0473074283028	0.92109466869954
7.0357300633654	0.92136329004960
7.0241906747891	0.92163178513617
7.0126890760234	0.92190015101309
7.0012250817375	0.92216838473681
6.9897985078107	0.92243648336635
6.9784091713222	0.92270444396337
6.9670568905415	0.92297226359217
6.9557414849188	0.92323993931971
6.9444627750753	0.92350746821559
6.9332205827937	0.92377484735213
6.9220147310090	0.92404207380432
6.9108450437990	0.92430914464984
6.8997113463751	0.92457605696910
6.8886134650735	0.92484280784523
6.8775512273457	0.92510939436408
6.8665244617499	0.92537581361425
6.8555329979419	0.92564206268707
6.8445766666667	0.92590813867662
6.8336552997493	0.92617403867973
6.8227687300865	0.92643975979599
6.8119167916383	0.92670529912774
6.8010993194192	0.92697065378009
6.7903161494904	0.92723582086089
6.7795671189507	0.92750079748077
6.7688520659291	0.92776558075311
6.7581708295762	0.92803016779404
6.7475232500563	0.92829455572246
6.7369091685393	0.92855874166000
6.7263284271932	0.92882272273107
6.7157808691756	0.92908649606278
6.7052663386267	0.92935005878501
6.6947846806610	0.92961340803036
6.6843357413601	0.92987654093415
6.6739193677649	0.93013945463442
6.6635354078684	0.93040214627192
6.6531837106081	0.93066461299009
6.6428641258586	0.93092685193507
6.6325765044248	0.93118886025567
6.6223206980340	0.93145063510336
6.6120965593295	0.93171217363230
6.6019039418630	0.93197347299924
6.5917427000879	0.93223453036362
6.5816126893524	0.93249534288745
6.5715137658922	0.93275590773536
6.5614457868243	0.93301622207459
6.5514086101399	0.93327628307491
6.5414020946978	0.93353608790869
6.5314261002179	0.93379563375081
6.5214804872743	0.93405491777871
6.5115651172893	0.93431393717231
6.5016798525266	0.93457268911403
6.4918245560849	0.93483117078877
6.4819990918919	0.93508937938386
6.4722033246978	0.93534731208911
6.4624371200690	0.93560496609670
6.4527003443823	0.93586233860124
6.4429928648184	0.93611942679969
6.4333145493562	0.93637622789140
6.4236652667667	0.93663273907803
6.4140448866068	0.93688895756355
6.4044532792138	0.93714488055425
6.3948903156997	0.93740050525867
6.3853558679446	0.93765582888760
6.3758498085921	0.93791084865407
6.3663720110427	0.93816556177329
6.3569223494487	0.93841996546270
6.3475006987084	0.93867405694184
6.3381069344609	0.93892783343242
6.3287409330800	0.93918129215826
6.3194025716695	0.93943443034526
6.3100917280572	0.93968724522139
6.3008082807902	0.93993973401665
6.2915521091291	0.94019189396308
6.2823230930427	0.94044372229468
6.2731211132036	0.94069521624745
6.2639460509820	0.94094637305931
6.2547977884415	0.94119718997012
6.2456762083333	0.94144766422160
6.2365811940919	0.94169779305737
6.2275126298297	0.94194757372289
6.2184704003319	0.94219700346543
6.2094543910522	0.94244607953407
6.2004644881075	0.94269479917965
6.1915005782734	0.94294315965475
6.1825625489792	0.94319115821369
6.1736502883031	0.94343879211247
6.1647636849681	0.94368605860876
6.1559026283368	0.94393295496190
6.1470670084068	0.94417947843283
6.1382567158067	0.94442562628410
6.1294716417910	0.94467139577984
6.1207116782360	0.94491678418572
6.1119767176351	0.94516178876893
6.1032666530945	0.94540640679818
6.0945813783289	0.94565063554366
6.0859207876573	0.94589447227701
6.0772847759984	0.94613791427130
6.0686732388664	0.94638095880101
6.0600860723671	0.94662360314201
6.0515231731934	0.94686584457155
6.0429844386212	0.94710768036821
6.0344697665056	0.94734910781188
6.0259790552764	0.94759012418377
6.0175122039342	0.94783072676637
6.0090691120465	0.94807091284341
6.0006496797438	0.94831067969987
5.9922538077154	0.94855002462195
5.9838813972056	0.94878894489705
5.9755323500100	0.94902743781372
5.9672065684713	0.94926550066170
5.9589039554760	0.94950313073187
5.9506244144502	0.94974032531622
5.9423678493558	0.94997708170784
5.9341341646873	0.95021339720093
5.9259232654675	0.95044926909073
5.9177350572444	0.95068469467356
5.9095694460871	0.95091967124677
5.9014263385827	0.95115419610873
5.8933056418321	0.95138826655882
5.8852072634472	0.95162187989742
5.8771311115468	0.95185503342588
5.8690770947533	0.95208772444651
5.8610451221896	0.95231995026260
5.8530351034752	0.95255170817837
5.8450469487229	0.95278299549895
5.8370805685358	0.95301380953043
5.8291358740035	0.95324414757978
5.8212127766990	0.95347400695487
5.8133111886756	0.95370338496448
5.8054310224632	0.95393227891827
5.7975721910656	0.95416068612674
5.7897346079567	0.95438860390131
5.7819181870781	0.95461602955423
5.7741228428351	0.95484296039862
5.7663484900942	0.95506939374843
5.7585950441798	0.95529532691849
5.7508624208709	0.95552075722445
5.7431505363985	0.95574568198280
5.7354593074421	0.95597009851089
5.7277886511272	0.95619400412689
5.7201384850219	0.95641739614982
5.7125087271341	0.95664027189952
5.7048992959087	0.95686262869669
5.6973101102242	0.95708446386286
5.6897410893908	0.95730577472042
5.6821921531463	0.95752655859258
5.6746632216544	0.95774681280342
5.6671542155009	0.95796653467789
5.6596650556919	0.95818572154178
5.6521956636501	0.95840437072177
5.6447459612126	0.95862247954540
5.6373158706281	0.95884004534113
5.6299053145540	0.95905706543827
5.6225142160540	0.95927353716709
5.6151424985952	0.95948945785875
5.6077900860456	0.95970482484535
5.6004569026714	0.95991963545993
5.5931428731343	0.96013388703650
5.5858479224893	0.96034757691005
5.5785719761816	0.96056070241653
5.5713149600446	0.96077326089295
5.5640768002970	0.96098524967730
5.5568574235403	0.96119666610864
5.5496567567568	0.96140750752709
5.5424747273063	0.96161777127387
5.5353112629247	0.96182745469129
5.5281662917204	0.96203655512281
5.5210397421731	0.96224506991303
5.5139315431304	0.96245299640774
5.5068416238060	0.96266033195395
5.4997699137773	0.96286707389987
5.4927163429828	0.96307321959502
5.4856808417200	0.96327876639017
5.4786633406433	0.96348371163744
5.4716637707611	0.96368805269029
5.4646820634342	0.96389178690358
5.4577181503732	0.96409491163357
5.4507719636364	0.96429742423798
5.4438434356274	0.96449932207603
5.4369324990932	0.96470060250845
5.4300390871219	0.96490126289756
5.4231631331404	0.96510130060724
5.4163045709124	0.96530071300306
5.4094633345363	0.96549949745222
5.4026393584430	0.96569765132369
5.3958325773938	0.96589517198819
5.3890429264785	0.96609205681824
5.3822703411131	0.96628830318823
5.3755147570378	0.96648390847446
5.3687761103152	0.96667887005516
5.3620543373278	0.96687318531057
5.3553493747767	0.96706685162298
5.3486611596789	0.96725986637677
5.3419896293656	0.96745222695847
5.3353347214807	0.96764393075683
5.3286963739780	0.96783497516284
5.3220745251198	0.96802535756981
5.3154691134752	0.96821507537340
5.3088800779175	0.96840412597173
5.3023073576229	0.96859250676536
5.2957508920685	0.96878021515743
5.2892106210303	0.96896724855367
5.2826864845815	0.96915360436246
5.2761784230905	0.96933927999493
5.2696863772192	0.96952427286499
5.2632102879213	0.96970858038939
5.2567500964405	0.96989219998784
5.2503057443082	0.97007512908301
5.2438771733427	0.97025736510062
5.2374643256464	0.97043890546954
5.2310671436050	0.97061974762183
5.2246855698850	0.97079988899280
5.2183195474326	0.97097932702111
5.2119690194715	0.97115805914883
5.2056339295016	0.97133608282154
5.1993142212973	0.97151339548834
5.1930098389052	0.97168999460201
5.1867207266436	0.97186587761903
5.1804468290997	0.97204104199966
5.1741880911288	0.97221548520806
5.1679444578521	0.97238920471234
5.1617158746556	0.97256219798464
5.1555022871883	0.97273446250123
5.1493036413604	0.97290599574257
5.1431198833419	0.97307679519343
5.1369509595613	0.97324685834294
5.1307968167037	0.97341618268469
5.1246574017094	0.97358476571684
5.1185326617722	0.97375260494215
5.1124225443383	0.97391969786815
5.1063269971044	0.97408604200717
5.1002459680163	0.97425163487644
5.0941794052676	0.97441647399821
5.0881272572980	0.97458055689983
5.0820894727920	0.97474388111381
5.0760660006773	0.97490644417799
5.0700567901235	0.97506824363556
5.0640617905405	0.97522927703521
5.0580809515775	0.97538954193118
5.0521142231210	0.97554903588344
5.0461615552937	0.97570775645767
5.0402228984533	0.97586570122549
5.0342982031906	0.97602286776446
5.0283874203287	0.97617925365824
5.0224905009214	0.97633485649666
5.0166073962517	0.97648967387586
5.0107380578305	0.97664370339836
5.0048824373957	0.97679694267320
4.9990404869101	0.97694938931599
4.9932121585610	0.97710104094909
4.9873974047579	0.97725189520167
4.9815961781323	0.97740194970983
4.9758084315353	0.97755120211670
4.9700341180371	0.97769965007259
4.9642731909256	0.97784729123505
4.9585256037049	0.97799412326901
4.9527913100942	0.97814014384688
4.9470702640264	0.97828535064869
4.9413624196473	0.97842974136216
4.9356677313138	0.97857331368285
4.9299861535932	0.97871606531426
4.9243176412615	0.97885799396795
4.9186621493027	0.97899909736366
4.9130196329072	0.97913937322942
4.9073900474709	0.97927881930165
4.9017733485939	0.97941743332533
4.8961694920790	0.97955521305407
4.8905784339315	0.97969215625024
4.8850001303569	0.97982826068510
4.8794345377604	0.97996352413892
4.8738816127459	0.98009794440109
4.8683413121143	0.98023151927024
4.8628135928629	0.98036424655439
4.8572984121841	0.98049612407103
4.8517957274640	0.98062714964727
4.8463054962819	0.98075732111995
4.8408276764088	0.98088663633578
4.8353622258065	0.98101509315144
4.8299091026261	0.98114268943372
4.8244682652076	0.98126942305964
4.8190396720784	0.98139529191658
4.8136232819525	0.98152029390239
4.8082190537289	0.98164442692552
4.8028269464915	0.98176768890518
4.7974469195071	0.98189007777139
4.7920789322251	0.98201159146520
4.7867229442759	0.98213222793871
4.7813789154705	0.98225198515531
4.7760468057989	0.98237086108971
4.7707265754297	0.98248885372813
4.7654181847083	0.98260596106838
4.7601215941569	0.98272218112003
4.7548367644726	0.98283751190450
4.7495636565272	0.98295195145521
4.7443022313657	0.98306549781770
4.7390524502055	0.98317814904976
4.7338142744355	0.98328990322154
4.7285876656151	0.98340075841569
4.7233725854735	0.98351071272751
4.7181689959081	0.98361976426503
4.7129768589844	0.98372791114917
4.7077961369347	0.98383515151386
4.7026267921569	0.98394148350614
4.6974687872140	0.98404690528634
4.6923220848333	0.98415141502816
4.6871866479049	0.98425501091881
4.6820624394815	0.98435769115914
4.6769494227769	0.98445945396377
4.6718475611657	0.98456029756120
4.6667568181818	0.98466022019393
4.6616771575183	0.98475922011862
4.6566085430258	0.98485729560618
4.6515509387122	0.98495444494191
4.6465043087415	0.98505066642561
4.6414686174330	0.98514595837173
4.6364438292607	0.98524031910944
4.6314299088522	0.98533374698284
4.6264268209877	0.98542624035098
4.6214345305997	0.98551779758806
4.6164530027718	0.98560841708350
4.6114822027380	0.98569809724211
4.6065220958820	0.98578683648416
4.6015726477360	0.98587463324553
4.5966338239804	0.98596148597781
4.5917055904426	0.98604739314844
4.5867879130967	0.98613235324082
4.5818807580621	0.98621636475439
4.5769840916031	0.98629942620482
4.5720978801281	0.98638153612405
4.5672220901889	0.98646269306047
4.5623566884797	0.98654289557897
4.5575016418364	0.98662214226110
4.5526569172361	0.98670043170517
4.5478224817961	0.98677776252635
4.5429983027731	0.98685413335681
4.5381843475628	0.98692954284578
4.5333805836988	0.98700398965970
4.5285869788520	0.98707747248233
4.5238035008299	0.98714999001482
4.5190301175761	0.98722154097586
4.5142667971691	0.98729212410174
4.5095135078219	0.98736173814651
4.5047702178813	0.98743038188201
4.5000368958271	0.98749805409806
4.4953135102714	0.98756475360248
4.4906000299581	0.98763047922122
4.4858964237618	0.98769522979849
4.4812026606876	0.98775900419681
4.4765187098701	0.98782180129713
4.4718445405728	0.98788361999893
4.4671801221875	0.98794445922027
4.4625254242334	0.98800431789797
4.4578804163569	0.98806319498761
4.4532450683304	0.98812108946367
4.4486193500519	0.98817800031961
4.4440032315446	0.98823392656794
4.4393966829557	0.98828886724036
4.4347996745562	0.98834282138775
4.4302121767401	0.98839578808036
4.4256341600236	0.98844776640780
4.4210655950450	0.98849875547919
4.4165064525633	0.98854875442320
4.4119567034584	0.98859776238813
4.4074163187298	0.98864577854200
4.4028852694963	0.98869280207262
4.3983635269953	0.98873883218765
4.3938510625824	0.98878386811470
4.3893478477306	0.98882790910136
4.3848538540295	0.98887095441530
4.3803690531853	0.98891300334433
4.3758934170194	0.98895405519646
4.3714269174686	0.98899410929994
4.3669695265841	0.98903316500337
4.3625212165309	0.98907122167573
4.3580819595871	0.98910827870643
4.3536517281441	0.98914433550540
4.3492304947048	0.98917939150309
4.3448182318841	0.98921344615058
4.3404149124077	0.98924649891960
4.3360205091119	0.98927854930258
4.3316349949429	0.98930959681270
4.3272583429561	0.98933964098394
4.3228905263158	0.98936868137110
4.3185315182944	0.98939671754990
4.3141812922723	0.98942374911693
4.3098398217366	0.98944977568977
4.3055070802815	0.98947479690699
4.3011830416069	0.98949881242816
4.2968676795184	0.98952182193394
4.2925609679267	0.98954382512603
4.2882628808468	0.98956482172729
4.2839733923978	0.98958481148169
4.2796924768023	0.98960379415436
4.2754201083856	0.98962176953161
4.2711562615757	0.98963873742096
4.2669009109024	0.98965469765113
4.2626540309967	0.98966965007209
4.2584155965909	0.98968359455504
4.2541855825174	0.98969653099242
4.2499639637085	0.98970845929795
4.2457507151961	0.98971937940660
4.2415458121109	0.98972929127462
4.2373492296820	0.98973819487952
4.2331609432364	0.98974609022009
4.2289809281986	0.98975297731635
4.2248091600902	0.98975885620963
4.2206456145291	0.98976372696247
4.2164902672293	0.98976758965865
4.2123430940003	0.98977044440321
4.2082040707468	0.98977229132236
4.2040731734680	0.98977313056353
4.1999503782572	0.98977296229532
4.1958356613016	0.98977178670745
4.1917289988814	0.98976960401081
4.1876303673697	0.98976641443737
4.1835397432319	0.98976221824015
4.1794571030252	0.98975701569323
4.1753824233983	0.98975080709168
4.1713156810909	0.98974359275154
4.1672568529330	0.98973537300976
4.1632059158450	0.98972614822418
4.1591628468368	0.98971591877350
4.1551276230076	0.98970468505716
4.1511002215453	0.98969244749538
4.1470806197261	0.98967920652905
4.1430687949143	0.98966496261971
4.1390647245616	0.98964971624944
4.1350683862069	0.98963346792087
4.1310797574755	0.98961621815705
4.1270988160793	0.98959796750146
4.1231255398157	0.98957871651785
4.1191599065677	0.98955846579026
4.1152018943034	0.98953721592287
4.1112514810752	0.98951496753998
4.1073086450199	0.98949172128590
4.1033733643581	0.98946747782490
4.0994456173937	0.98944223784109
4.0955253825137	0.98941600203834
4.0916126381875	0.98938877114022
4.0877073629670	0.98936054588988
4.0838095354856	0.98933132704998
4.0799191344584	0.98930111540255
4.0760361386812	0.98926991174894
4.0721605270307	0.98923771690968
4.0682922784638	0.98920453172442
4.0644313720174	0.98917035705177
4.0605777868075	0.98913519376921
4.0567315020298	0.98909904277299
4.0528924969582	0.98906190497800
4.0490607509454	0.98902378131766
4.0452362434219	0.98898467274380
4.0414189538959	0.98894458022651
4.0376088619529	0.98890350475406
4.0338059472551	0.98886144733272
4.0300101895416	0.98881840898666
4.0262215686274	0.98877439075783
4.0224400644036	0.98872939370578
4.0186656568365	0.98868341890754
4.0148983259676	0.98863646745748
4.0111380519133	0.98858854046716
4.0073848148643	0.98853963906521
4.0036385950855	0.98848976439711
3.9998993729153	0.98843891762512
3.9961671287657	0.98838709992805
3.9924418431216	0.98833431250116
3.9887234965407	0.98828055655597
3.9850120696531	0.98822583332007
3.9813075431607	0.98817014403703
3.9776098978373	0.98811348996614
3.9739191145281	0.98805587238230
3.9702351741491	0.98799729257582
3.9665580576872	0.98793775185225
3.9628877461996	0.98787725153219
3.9592242208135	0.98781579295111
3.9555674627260	0.98775337745919
3.9519174532033	0.98769000642109
3.9482741735809	0.98762568121578
3.9446376052632	0.98756040323635
3.9410077297226	0.98749417388981
3.9373845285001	0.98742699459690
3.9337679832043	0.98735886679186
3.9301580755113	0.98728979192225
3.9265547871644	0.98721977144875
3.9229580999738	0.98714880684494
3.9193679958164	0.98707689959707
3.9157844566353	0.98700405120388
3.9122074644395	0.98693026317637
3.9086370013038	0.98685553703758
3.9050730493682	0.98677987432234
3.9015155908381	0.98670327657710
3.8979646079834	0.98662574535967
3.8944200831385	0.98654728223900
3.8908819987021	0.98646788879494
3.8873503371369	0.98638756661800
3.8838250809690	0.98630631730915
3.8803062127880	0.98622414247953
3.8767937152463	0.98614104375025
3.8732875710594	0.98605702275213
3.8697877630050	0.98597208112544
3.8662942739231	0.98588622051969
3.8628070867156	0.98579944259333
3.8593261843460	0.98571174901354
3.8558515498392	0.98562314145594
3.8523831662812	0.98553362160437
3.8489210168186	0.98544319115058
3.8454650846588	0.98535185179403
3.8420153530693	0.98525960524156
3.8385718053777	0.98516645320717
3.8351344249712	0.98507239741174
3.8317031952965	0.98497743958274
3.8282780998595	0.98488158145398
3.8248591222251	0.98478482476533
3.8214462460166	0.98468717126242
3.8180394549159	0.98458862269638
3.8146387326632	0.98448918082359
3.8112440630562	0.98438884740530
3.8078554299505	0.98428762420747
3.8044728172589	0.98418551300037
3.8010962089514	0.98408251555836
3.7977255890550	0.98397863365956
3.7943609416530	0.98387386908559
3.7910022508852	0.98376822362124
3.7876495009476	0.98366169905419
3.7843026760919	0.98355429717470
3.7809617606256	0.98344601977532
3.7776267389113	0.98333686865059
3.7742975953670	0.98322684559672
3.7709743144654	0.98311595241127
3.7676568807339	0.98300419089290
3.7643452787544	0.98289156284096
3.7610394931627	0.98277807005530
3.7577395086488	0.98266371433583
3.7544453099562	0.98254849748232
3.7511568818819	0.98243242129398
3.7478742092762	0.98231548756923
3.7445972770422	0.98219769810530
3.7413260701360	0.98207905469797
3.7380605735661	0.98195955914121
3.7348007723932	0.98183921322686
3.7315466517301	0.98171801874433
3.7282981967417	0.98159597748023
3.7250553926441	0.98147309121805
3.7218182247052	0.98134936173787
3.7185866782436	0.98122479081596
3.7153607386293	0.98109938022450
3.7121403912828	0.98097313173123
3.7089256216751	0.98084604709909
3.7057164153276	0.98071812808592
3.7025127578115	0.98058937644409
3.6993146347483	0.98045979392016
3.6961220318087	0.98032938225457
3.6929349347130	0.98019814318127
3.6897533292308	0.98006607842737
3.6865772011805	0.97993318971282
3.6834065364295	0.97979947875004
3.6802413208937	0.97966494724360
3.6770815405372	0.97952959688984
3.6739271813725	0.97939342937653
3.6707782294600	0.97925644638254
3.6676346709078	0.97911864957749
3.6644964918714	0.97898004062134
3.6613636785540	0.97884062116412
3.6582362172056	0.97870039284552
3.6551140941234	0.97855935729456
3.6519972956511	0.97841751612922
3.6488858081792	0.97827487095610
3.6457796181442	0.97813142337005
3.6426787120292	0.97798717495384
3.6395830763628	0.97784212727775
3.6364926977196	0.97769628189926
3.6334075627197	0.97754964036268
3.6303276580286	0.97740220419879
3.6272529703569	0.97725397492446
3.6241834864603	0.97710495404233
3.6211191931393	0.97695514304040
3.6180600772387	0.97680454339172
3.6150061256481	0.97665315655399
3.6119573253012	0.97650098396923
3.6089136631756	0.97634802706339
3.6058751262930	0.97619428724600
3.6028417017185	0.97603976590983
3.5998133765610	0.97588446443050
3.5967901379724	0.97572838416610
3.5937719731479	0.97557152645689
3.5907588693257	0.97541389262489
3.5877508137865	0.97525548397352
3.5847477938539	0.97509630178726
3.5817497968937	0.97493634733129
3.5787568103140	0.97477562185109
3.5757688215649	0.97461412657211
3.5727858181385	0.97445186269942
3.5698077875685	0.97428883141732
3.5668347174301	0.97412503388899
3.5638665953400	0.97396047125614
3.5609034089559	0.97379514463863
3.5579451459767	0.97362905513415
3.5549917941421	0.97346220381780
3.5520433412322	0.97329459174178
3.5490997750681	0.97312621993504
3.5461610835108	0.97295708940285
3.5432272544616	0.97278720112655
3.5402982758621	0.97261655606311
3.5373741356932	0.97244515514479
3.5344548219759	0.97227299927884
3.5315403227706	0.97210008934707
3.5286306261770	0.97192642620555
3.5257257203340	0.97175201068424
3.5228255934195	0.97157684358662
3.5199302336503	0.97140092568940
3.5170396292820	0.97122425774211
3.5141537686086	0.97104684046675
3.5112726399625	0.97086867455752
3.5083962317145	0.97068976068037
3.5055245322732	0.97051009947275
3.5026575300853	0.97032969154319
3.4997952136353	0.97014853747102
3.4969375714452	0.96996663780598
3.4940845920746	0.96978399306792
3.4912362641202	0.96960060374644
3.4883925762160	0.96941647030055
3.4855535170329	0.96923159315834
3.4827190752788	0.96904597271669
3.4798892396982	0.96885960934085
3.4770639990721	0.96867250336418
3.4742433422181	0.96848465508781
3.4714272579898	0.96829606478030
3.4686157352771	0.96810673267730
3.4658087630058	0.96791665898127
3.4630063301375	0.96772584386112
3.4602084256694	0.96753428745192
3.4574150386345	0.96734198985455
3.4546261581009	0.96714895113542
3.4518417731721	0.96695517132614
3.4490618729867	0.96676065042319
3.4462864467180	0.96656538838764
3.4435154835745	0.96636938514484
3.4407489727993	0.96617264058409
3.4379869036697	0.96597515455838
3.4352292654979	0.96577692688404
3.4324760476300	0.96557795734047
3.4297272394463	0.96537824566987
3.4269828303612	0.96517779157687
3.4242428098230	0.96497659472834
3.4215071673134	0.96477465475301
3.4187758923480	0.96457197124124
3.4160489744758	0.96436854374472
3.4133264032791	0.96416437177621
3.4106081683732	0.96395945480920
3.4078942594066	0.96375379227773
3.4051846660609	0.96354738357603
3.4024793780502	0.96334022805831
3.3997783851213	0.96313232503847
3.3970816770538	0.96292367378983
3.3943892436594	0.96271427354489
3.3917010747822	0.96250412349506
3.3890171602984	0.96229322279040
3.3863374901163	0.96208157053940
3.3836620541761	0.96186916580868
3.3809908424495	0.96165600762280
3.3783238449403	0.96144209496399
3.3756610516834	0.96122742677190
3.3730024527453	0.96101200194341
3.3703480382237	0.96079581933235
3.3676977982476	0.96057887774930
3.3650517229768	0.96036117596137
3.3624098026021	0.96014271269195
3.3597720273451	0.95992348662053
3.3571383874580	0.95970349638246
3.3545088732237	0.95948274056874
3.3518834749553	0.95926121772585
3.3492621829963	0.95903892635550
3.3466449877205	0.95881586491446
3.3440318795315	0.95859203181436
3.3414228488631	0.95836742542150
3.3388178861789	0.95814204405666
3.3362169819720	0.95791588599491
3.3336201267653	0.95768894946547
3.3310273111111	0.95746123265147
