#Parameters = {thARC=0.4; nARC=1.75; thsub=1; p=1; nSub=2.5}
#"Wavelength / um"	"T (345) [Real Part]"
#---------------------------------------
14.989622900000	0.82847099491631
14.937342202292	0.82856029655005
14.885424925521	0.82864969401427
14.833867293419	0.82873919022341
14.782665581854	0.82882878806011
14.731816117936	0.82891849037538
14.681315279138	0.82900829998867
14.631159492435	0.82909821968801
14.581345233463	0.82918825223016
14.531869025691	0.82927840034067
14.482727439614	0.82936866671406
14.433917091960	0.82945905401391
14.385434644914	0.82954956487301
14.337276805356	0.82964020189345
14.289440324118	0.82973096764679
14.241921995249	0.82982186467418
14.194718655303	0.82991289548645
14.147827182633	0.83000406256430
14.101244496707	0.83009536835838
14.054967557431	0.83018681528946
14.008993364486	0.83027840574854
13.963318956684	0.83037014209700
13.917941411328	0.83046202666673
13.872857843591	0.83055406176026
13.828065405904	0.83064624965089
13.783561287356	0.83073859258287
13.739342713107	0.83083109277150
13.695406943810	0.83092375240325
13.651751275046	0.83101657363598
13.608373036768	0.83110955859899
13.565269592760	0.83120270939323
13.522438340099	0.83129602809140
13.479876708633	0.83138951673812
13.437582160466	0.83148317735006
13.395552189455	0.83157701191610
13.353784320713	0.83167102239745
13.312276110124	0.83176521072783
13.271025143869	0.83185957881358
13.230029037952	0.83195412853384
13.189285437747	0.83204886174067
13.148792017544	0.83214378025924
13.108546480105	0.83223888588793
13.068546556234	0.83233418039851
13.028790004346	0.83242966553628
12.989274610052	0.83252534302024
12.949998185745	0.83262121454321
12.910958570198	0.83271728177201
12.872153628167	0.83281354634758
12.833581250000	0.83291000988518
12.795239351259	0.83300667397451
12.757125872340	0.83310354017985
12.719238778108	0.83320061004026
12.681576057530	0.83329788506969
12.644135723323	0.83339536675719
12.606915811606	0.83349305656698
12.569914381551	0.83359095593870
12.533129515050	0.83368906628749
12.496559316382	0.83378738900419
12.460201911887	0.83388592545549
12.424055449648	0.83398467698407
12.388118099174	0.83408364490879
12.352388051092	0.83418283052479
12.316863516845	0.83428223510372
12.281542728390	0.83438185989383
12.246423937908	0.83448170612019
12.211505417515	0.83458177498480
12.176785458976	0.83468206766676
12.142262373431	0.83478258532246
12.107934491115	0.83488332908568
12.073800161095	0.83498430006780
12.039857751004	0.83508549935796
12.006105646776	0.83518692802316
11.972542252396	0.83528858710850
11.939165989646	0.83539047763727
11.905975297855	0.83549260061115
11.872968633663	0.83559495701036
11.840144470774	0.83569754779381
11.807501299724	0.83580037389928
11.775037627651	0.83590343624356
11.742751978065	0.83600673572260
11.710642890625	0.83611027321171
11.678708920919	0.83621404956569
11.646948640249	0.83631806561898
11.615360635413	0.83642232218584
11.583943508501	0.83652682006052
11.552695876686	0.83663156001738
11.521616372022	0.83673654281109
11.490703641242	0.83684176917675
11.459956345566	0.83694723983009
11.429373160503	0.83705295546761
11.398952775665	0.83715891676671
11.368693894577	0.83726512438590
11.338595234493	0.83737157896494
11.308655526217	0.83747828112498
11.278873513920	0.83758523146874
11.249247954972	0.83769243058064
11.219777619760	0.83779987902700
11.190461291527	0.83790757735616
11.161297766195	0.83801552609866
11.132285852209	0.83812372576740
11.103424370370	0.83823217685775
11.074712153676	0.83834087984778
11.046148047163	0.83844983519837
11.017730907755	0.83855904335335
10.989459604106	0.83866850473972
10.961333016453	0.83877821976773
10.933350036470	0.83888818883111
10.905509567115	0.83899841230714
10.877810522496	0.83910889055690
10.850251827723	0.83921962392533
10.822832418773	0.83933061274148
10.795551242348	0.83944185731856
10.768407255747	0.83955335795418
10.741399426729	0.83966511493047
10.714526733381	0.83977712851421
10.687788163993	0.83988939895702
10.661182716927	0.84000192649549
10.634709400497	0.84011471135135
10.608367232838	0.84022775373159
10.582155241793	0.84034105382863
10.556072464789	0.84045461182048
10.530117948718	0.84056842787088
10.504290749825	0.84068250212943
10.478589933590	0.84079683473176
10.453014574616	0.84091142579969
10.427563756522	0.84102627544136
10.402236571825	0.84114138375135
10.377032121841	0.84125675081090
10.351949516575	0.84137237668798
10.326987874612	0.84148826143748
10.302146323024	0.84160440510136
10.277423997257	0.84172080770874
10.252820041040	0.84183746927612
10.228333606278	0.84195438980747
10.203963852961	0.84207156929439
10.179709949066	0.84218900771627
10.155571070461	0.84230670504039
10.131546400811	0.84242466122210
10.107635131490	0.84254287620495
10.083836461487	0.84266134992083
10.060149597315	0.84278008229010
10.036573752929	0.84289907322175
10.013108149633	0.84301832261350
9.9897520159947	0.84313783035199
9.9665045877660	0.84325759631289
9.9433651077944	0.84337762036103
9.9203328259431	0.84349790235055
9.8974069990096	0.84361844212504
9.8745868906456	0.84373923951763
9.8518717712783	0.84386029435121
9.8292609180328	0.84398160643849
9.8067536146549	0.84410317558214
9.7843491514360	0.84422500157498
9.7620468251384	0.84434708420004
9.7398459389214	0.84446942323073
9.7177458022690	0.84459201843097
9.6957457309185	0.84471486955532
9.6738450467893	0.84483797634908
9.6520430779137	0.84496133854846
9.6303391583681	0.84508495588068
9.6087326282051	0.84520882806411
9.5872228333866	0.84533295480840
9.5658091257179	0.84545733581457
9.5444908627826	0.84558197077520
9.5232674078780	0.84570685937448
9.5021381299525	0.84583200128841
9.4811024035421	0.84595739618486
9.4601596087094	0.84608304372372
9.4393091309824	0.84620894355701
9.4185503612944	0.84633509532902
9.3978826959248	0.84646149867642
9.3773055364404	0.84658815322837
9.3568182896380	0.84671505860664
9.3364203674868	0.84684221442574
9.3161111870727	0.84696962029303
9.2958901705426	0.84709727580885
9.2757567450495	0.84722518056660
9.2557103426984	0.84735333415288
9.2357504004929	0.84748173614761
9.2158763602828	0.84761038612413
9.1960876687117	0.84773928364932
9.1763837771656	0.84786842828370
9.1567641417227	0.84799781958154
9.1372282231027	0.84812745709102
9.1177754866180	0.84825734035424
9.0984054021244	0.84838746890742
9.0791174439733	0.84851784228098
9.0599110909640	0.84864845999962
9.0407858262967	0.84877932158245
9.0217411375263	0.84891042654311
9.0027765165165	0.84904177438983
8.9838914593947	0.84917336462558
8.9650854665072	0.84930519674815
8.9463580423754	0.84943727025026
8.9277086956522	0.84956958461962
8.9091369390788	0.84970213933913
8.8906422894425	0.84983493388685
8.8722242675348	0.84996796773622
8.8538823981099	0.85010124035606
8.8356162098438	0.85023475121075
8.8174252352941	0.85036849976024
8.7993090108600	0.85050248546024
8.7812670767428	0.85063670776224
8.7632989769073	0.85077116611363
8.7454042590432	0.85090585995779
8.7275824745269	0.85104078873421
8.7098331783847	0.85117595187853
8.6921559292549	0.85131134882267
8.6745502893519	0.85144697899491
8.6570158244297	0.85158284181997
8.6395521037464	0.85171893671910
8.6221587000288	0.85185526311017
8.6048351894374	0.85199182040778
8.5875811515325	0.85212860802329
8.5703961692396	0.85226562536497
8.5532798288160	0.85240287183802
8.5362317198178	0.85254034684470
8.5192514350668	0.85267804978440
8.5023385706183	0.85281598005371
8.4854927257288	0.85295413704651
8.4687135028249	0.85309252015405
8.4520005074711	0.85323112876501
8.4353533483399	0.85336996226563
8.4187716371806	0.85350902003971
8.4022549887892	0.85364830146875
8.3858030209790	0.85378780593201
8.3694153545505	0.85392753280654
8.3530916132627	0.85406748146734
8.3368314238042	0.85420765128734
8.3206344157646	0.85434804163754
8.3045002216066	0.85448865188704
8.2884284766381	0.85462948140316
8.2724188189845	0.85477052955143
8.2564708895621	0.85491179569573
8.2405843320506	0.85505327919834
8.2247587928669	0.85519497941998
8.2089939211391	0.85533689571989
8.1932893686800	0.85547902745593
8.1776447899618	0.85562137398458
8.1620598420909	0.85576393466107
8.1465341847826	0.85590670883939
8.1310674803363	0.85604969587237
8.1156593936113	0.85619289511176
8.1003095920022	0.85633630590825
8.0850177454153	0.85647992761158
8.0697835262450	0.85662375957055
8.0546066093498	0.85676780113311
8.0394866720300	0.85691205164640
8.0244233940043	0.85705651045681
8.0094164573871	0.85720117691003
7.9944655466667	0.85734605035114
7.9795703486825	0.85749113012460
7.9647305526036	0.85763641557435
7.9499458499072	0.85778190604386
7.9352159343568	0.85792760087614
7.9205405019815	0.85807349941386
7.9059192510549	0.85821960099932
7.8913518820742	0.85836590497457
7.8768380977404	0.85851241068140
7.8623776029373	0.85865911746142
7.8479701047120	0.85880602465611
7.8336153122550	0.85895313160684
7.8193129368805	0.85910043765493
7.8050626920073	0.85924794214170
7.7908642931393	0.85939564440849
7.7767174578470	0.85954354379674
7.7626219057483	0.85969163964797
7.7485773584906	0.85983993130390
7.7345835397317	0.85998841810642
7.7206401751223	0.86013709939767
7.7067469922879	0.86028597452006
7.6929037208109	0.86043504281631
7.6791100922131	0.86058430362950
7.6653658399386	0.86073375630308
7.6516706993364	0.86088340018092
7.6380244076433	0.86103323460736
7.6244267039674	0.86118325892721
7.6108773292714	0.86133347248582
7.5973760263558	0.86148387462905
7.5839225398432	0.86163446470340
7.5705166161616	0.86178524205594
7.5571580035291	0.86193620603440
7.5438464519376	0.86208735598718
7.5305817131374	0.86223869126337
7.5173635406219	0.86239021121280
7.5041916896120	0.86254191518606
7.4910659170415	0.86269380253450
7.4779859815415	0.86284587261028
7.4649516434263	0.86299812476640
7.4519626646781	0.86315055835670
7.4390188089330	0.86330317273591
7.4261198414664	0.86345596725965
7.4132655291790	0.86360894128445
7.4004556405826	0.86376209416780
7.3876899457861	0.86391542526815
7.3749682164822	0.86406893394490
7.3622902259332	0.86422261955849
7.3496557489581	0.86437648147035
7.3370645619187	0.86453051904295
7.3245164427071	0.86468473163982
7.3120111707317	0.86483911862555
7.2995485269053	0.86499367936580
7.2871282936315	0.86514841322734
7.2747502547925	0.86530331957807
7.2624141957364	0.86545839778697
7.2501199032648	0.86561364722419
7.2378671656205	0.86576906726101
7.2256557724753	0.86592465726989
7.2134855149182	0.86608041662444
7.2013561854432	0.86623634469945
7.1892675779376	0.86639244087093
7.1772194876706	0.86654870451604
7.1652117112811	0.86670513501320
7.1532440467669	0.86686173174199
7.1413162934731	0.86701849408326
7.1294282520809	0.86717542141905
7.1175797245964	0.86733251313264
7.1057705143399	0.86748976860858
7.0940004259347	0.86764718723261
7.0822692652965	0.86780476839175
7.0705768396226	0.86796251147426
7.0589229573817	0.86812041586965
7.0473074283028	0.86827848096869
7.0357300633654	0.86843670616340
7.0241906747891	0.86859509084705
7.0126890760234	0.86875363441417
7.0012250817375	0.86891233626056
6.9897985078107	0.86907119578324
6.9784091713222	0.86923021238053
6.9670568905415	0.86938938545195
6.9557414849188	0.86954871439832
6.9444627750753	0.86970819862167
6.9332205827937	0.86986783752529
6.9220147310090	0.87002763051369
6.9108450437990	0.87018757699265
6.8997113463751	0.87034767636913
6.8886134650735	0.87050792805135
6.8775512273457	0.87066833144873
6.8665244617499	0.87082888597192
6.8555329979419	0.87098959103274
6.8445766666667	0.87115044604424
6.8336552997493	0.87131145042063
6.8227687300865	0.87147260357731
6.8119167916383	0.87163390493086
6.8010993194192	0.87179535389900
6.7903161494904	0.87195694990062
6.7795671189507	0.87211869235574
6.7688520659291	0.87228058068549
6.7581708295762	0.87244261431216
6.7475232500563	0.87260479265912
6.7369091685393	0.87276711515082
6.7263284271932	0.87292958121283
6.7157808691756	0.87309219027174
6.7052663386267	0.87325494175524
6.6947846806610	0.87341783509204
6.6843357413601	0.87358086971186
6.6739193677649	0.87374404504546
6.6635354078684	0.87390736052458
6.6531837106081	0.87407081558195
6.6428641258586	0.87423440965126
6.6325765044248	0.87439814216715
6.6223206980340	0.87456201256519
6.6120965593295	0.87472602028186
6.6019039418630	0.87489016475456
6.5917427000879	0.87505444542155
6.5816126893524	0.87521886172196
6.5715137658922	0.87538341309576
6.5614457868243	0.87554809898375
6.5514086101399	0.87571291882753
6.5414020946978	0.87587787206950
6.5314261002179	0.87604295815281
6.5214804872743	0.87620817652137
6.5115651172893	0.87637352661981
6.5016798525266	0.87653900789348
6.4918245560849	0.87670461978841
6.4819990918919	0.87687036175127
6.4722033246978	0.87703623322941
6.4624371200690	0.87720223367078
6.4527003443823	0.87736836252394
6.4429928648184	0.87753461923802
6.4333145493562	0.87770100326271
6.4236652667667	0.87786751404824
6.4140448866068	0.87803415104532
6.4044532792138	0.87820091370517
6.3948903156997	0.87836780147948
6.3853558679446	0.87853481382036
6.3758498085921	0.87870195018035
6.3663720110427	0.87886921001237
6.3569223494487	0.87903659276971
6.3475006987084	0.87920409790600
6.3381069344609	0.87937172487521
6.3287409330800	0.87953947313156
6.3194025716695	0.87970734212958
6.3100917280572	0.87987533132401
6.3008082807902	0.88004344016984
6.2915521091291	0.88021166812223
6.2823230930427	0.88038001463650
6.2731211132036	0.88054847916813
6.2639460509820	0.88071706117270
6.2547977884415	0.88088576010588
6.2456762083333	0.88105457542342
6.2365811940919	0.88122350658108
6.2275126298297	0.88139255303463
6.2184704003319	0.88156171423985
6.2094543910522	0.88173098965245
6.2004644881075	0.88190037872807
6.1915005782734	0.88206988092227
6.1825625489792	0.88223949569046
6.1736502883031	0.88240922248792
6.1647636849681	0.88257906076974
6.1559026283368	0.88274900999081
6.1470670084068	0.88291906960577
6.1382567158067	0.88308923906901
6.1294716417910	0.88325951783463
6.1207116782360	0.88342990535642
6.1119767176351	0.88360040108782
6.1032666530945	0.88377100448190
6.0945813783289	0.88394171499133
6.0859207876573	0.88411253206835
6.0772847759984	0.88428345516475
6.0686732388664	0.88445448373184
6.0600860723671	0.88462561722042
6.0515231731934	0.88479685508074
6.0429844386212	0.88496819676252
6.0344697665056	0.88513964171484
6.0259790552764	0.88531118938620
6.0175122039342	0.88548283922442
6.0090691120465	0.88565459067668
6.0006496797438	0.88582644318943
5.9922538077154	0.88599839620840
5.9838813972056	0.88617044917856
5.9755323500100	0.88634260154409
5.9672065684713	0.88651485274838
5.9589039554760	0.88668720223395
5.9506244144502	0.88685964944247
5.9423678493558	0.88703219381471
5.9341341646873	0.88720483479053
5.9259232654675	0.88737757180883
5.9177350572444	0.88755040430753
5.9095694460871	0.88772333172357
5.9014263385827	0.88789635349284
5.8933056418321	0.88806946905019
5.8852072634472	0.88824267782937
5.8771311115468	0.88841597926305
5.8690770947533	0.88858937278274
5.8610451221896	0.88876285781879
5.8530351034752	0.88893643380039
5.8450469487229	0.88911010015549
5.8370805685358	0.88928385631082
5.8291358740035	0.88945770169183
5.8212127766990	0.88963163572269
5.8133111886756	0.88980565782627
5.8054310224632	0.88997976742406
5.7975721910656	0.89015396393624
5.7897346079567	0.89032824678155
5.7819181870781	0.89050261537736
5.7741228428351	0.89067706913956
5.7663484900942	0.89085160748262
5.7585950441798	0.89102622981948
5.7508624208709	0.89120093556161
5.7431505363985	0.89137572411892
5.7354593074421	0.89155059489978
5.7277886511272	0.89172554731095
5.7201384850219	0.89190058075763
5.7125087271341	0.89207569464335
5.7048992959087	0.89225088837003
5.6973101102242	0.89242616133789
5.6897410893908	0.89260151294546
5.6821921531463	0.89277694258957
5.6746632216544	0.89295244966531
5.6671542155009	0.89312803356599
5.6596650556919	0.89330369368317
5.6521956636501	0.89347942940658
5.6447459612126	0.89365524012416
5.6373158706281	0.89383112522199
5.6299053145540	0.89400708408428
5.6225142160540	0.89418311609338
5.6151424985952	0.89435922062973
5.6077900860456	0.89453539707183
5.6004569026714	0.89471164479628
5.5931428731343	0.89488796317769
5.5858479224893	0.89506435158871
5.5785719761816	0.89524080939997
5.5713149600446	0.89541733598013
5.5640768002970	0.89559393069578
5.5568574235403	0.89577059291148
5.5496567567568	0.89594732198973
5.5424747273063	0.89612411729093
5.5353112629247	0.89630097817340
5.5281662917204	0.89647790399334
5.5210397421731	0.89665489410483
5.5139315431304	0.89683194785978
5.5068416238060	0.89700906460797
5.4997699137773	0.89718624369699
5.4927163429828	0.89736348447223
5.4856808417200	0.89754078627691
5.4786633406433	0.89771814845200
5.4716637707611	0.89789557033625
5.4646820634342	0.89807305126618
5.4577181503732	0.89825059057604
5.4507719636364	0.89842818759781
5.4438434356274	0.89860584166120
5.4369324990932	0.89878355209362
5.4300390871219	0.89896131822018
5.4231631331404	0.89913913936368
5.4163045709124	0.89931701484459
5.4094633345363	0.89949494398104
5.4026393584430	0.89967292608882
5.3958325773938	0.89985096048136
5.3890429264785	0.90002904646975
5.3822703411131	0.90020718336268
5.3755147570378	0.90038537046647
5.3687761103152	0.90056360708506
5.3620543373278	0.90074189251996
5.3553493747767	0.90092022607033
5.3486611596789	0.90109860703287
5.3419896293656	0.90127703470190
5.3353347214807	0.90145550836929
5.3286963739780	0.90163402732450
5.3220745251198	0.90181259085455
5.3154691134752	0.90199119824401
5.3088800779175	0.90216984877502
5.3023073576229	0.90234854172728
5.2957508920685	0.90252727637802
5.2892106210303	0.90270605200203
5.2826864845815	0.90288486787162
5.2761784230905	0.90306372325668
5.2696863772192	0.90324261742460
5.2632102879213	0.90342154964033
5.2567500964405	0.90360051916633
5.2503057443082	0.90377952526263
5.2438771733427	0.90395856718676
5.2374643256464	0.90413764419380
5.2310671436050	0.90431675553636
5.2246855698850	0.90449590046459
5.2183195474326	0.90467507822615
5.2119690194715	0.90485428806628
5.2056339295016	0.90503352922773
5.1993142212973	0.90521280095078
5.1930098389052	0.90539210247329
5.1867207266436	0.90557143303063
5.1804468290997	0.90575079185575
5.1741880911288	0.90593017817914
5.1679444578521	0.90610959122884
5.1617158746556	0.90628903023047
5.1555022871883	0.90646849440722
5.1493036413604	0.90664798297984
5.1431198833419	0.90682749516667
5.1369509595613	0.90700703018362
5.1307968167037	0.90718658724422
5.1246574017094	0.90736616555959
5.1185326617722	0.90754576433845
5.1124225443383	0.90772538278713
5.1063269971044	0.90790502010962
5.1002459680163	0.90808467550750
5.0941794052676	0.90826434818002
5.0881272572980	0.90844403732408
5.0820894727920	0.90862374213423
5.0760660006773	0.90880346180270
5.0700567901235	0.90898319551940
5.0640617905405	0.90916294247195
5.0580809515775	0.90934270184565
5.0521142231210	0.90952247282353
5.0461615552937	0.90970225458637
5.0402228984533	0.90988204631267
5.0342982031906	0.91006184717869
5.0283874203287	0.91024165635846
5.0224905009214	0.91042147302381
5.0166073962517	0.91060129634435
5.0107380578305	0.91078112548751
5.0048824373957	0.91096095961855
4.9990404869101	0.91114079790058
4.9932121585610	0.91132063949454
4.9873974047579	0.91150048355929
4.9815961781323	0.91168032925156
4.9758084315353	0.91186017572598
4.9700341180371	0.91204002213512
4.9642731909256	0.91221986762950
4.9585256037049	0.91239971135759
4.9527913100942	0.91257955246585
4.9470702640264	0.91275939009873
4.9413624196473	0.91293922339872
4.9356677313138	0.91311905150632
4.9299861535932	0.91329887356012
4.9243176412615	0.91347868869676
4.9186621493027	0.91365849605100
4.9130196329072	0.91383829475570
4.9073900474709	0.91401808394189
4.9017733485939	0.91419786273874
4.8961694920790	0.91437763027362
4.8905784339315	0.91455738567208
4.8850001303569	0.91473712805795
4.8794345377604	0.91491685655326
4.8738816127459	0.91509657027835
4.8683413121143	0.91527626835184
4.8628135928629	0.91545594989069
4.8572984121841	0.91563561401020
4.8517957274640	0.91581525982404
4.8463054962819	0.91599488644428
4.8408276764088	0.91617449298140
4.8353622258065	0.91635407854435
4.8299091026261	0.91653364224053
4.8244682652076	0.91671318317587
4.8190396720784	0.91689270045478
4.8136232819525	0.91707219318025
4.8082190537289	0.91725166045385
4.8028269464915	0.91743110137576
4.7974469195071	0.91761051504475
4.7920789322251	0.91778990055831
4.7867229442759	0.91796925701258
4.7813789154705	0.91814858350242
4.7760468057989	0.91832787912144
4.7707265754297	0.91850714296203
4.7654181847083	0.91868637411536
4.7601215941569	0.91886557167145
4.7548367644726	0.91904473471917
4.7495636565272	0.91922386234628
4.7443022313657	0.91940295363946
4.7390524502055	0.91958200768434
4.7338142744355	0.91976102356553
4.7285876656151	0.91994000036664
4.7233725854735	0.92011893717033
4.7181689959081	0.92029783305832
4.7129768589844	0.92047668711143
4.7077961369347	0.92065549840963
4.7026267921569	0.92083426603202
4.6974687872140	0.92101298905693
4.6923220848333	0.92119166656189
4.6871866479049	0.92137029762370
4.6820624394815	0.92154888131845
4.6769494227769	0.92172741672153
4.6718475611657	0.92190590290771
4.6667568181818	0.92208433895113
4.6616771575183	0.92226272392536
4.6566085430258	0.92244105690340
4.6515509387122	0.92261933695775
4.6465043087415	0.92279756316041
4.6414686174330	0.92297573458295
4.6364438292607	0.92315385029650
4.6314299088522	0.92333190937182
4.6264268209877	0.92350991087929
4.6214345305997	0.92368785388900
4.6164530027718	0.92386573747074
4.6114822027380	0.92404356069404
4.6065220958820	0.92422132262823
4.6015726477360	0.92439902234242
4.5966338239804	0.92457665890559
4.5917055904426	0.92475423138660
4.5867879130967	0.92493173885421
4.5818807580621	0.92510918037714
4.5769840916031	0.92528655502408
4.5720978801281	0.92546386186373
4.5672220901889	0.92564109996484
4.5623566884797	0.92581826839625
4.5575016418364	0.92599536622690
4.5526569172361	0.92617239252589
4.5478224817961	0.92634934636248
4.5429983027731	0.92652622680617
4.5381843475628	0.92670303292667
4.5333805836988	0.92687976379401
4.5285869788520	0.92705641847851
4.5238035008299	0.92723299605084
4.5190301175761	0.92740949558205
4.5142667971691	0.92758591614360
4.5095135078219	0.92776225680740
4.5047702178813	0.92793851664583
4.5000368958271	0.92811469473179
4.4953135102714	0.92829079013871
4.4906000299581	0.92846680194061
4.4858964237618	0.92864272921211
4.4812026606876	0.92881857102845
4.4765187098701	0.92899432646558
4.4718445405728	0.92916999460013
4.4671801221875	0.92934557450946
4.4625254242334	0.92952106527171
4.4578804163569	0.92969646596581
4.4532450683304	0.92987177567152
4.4486193500519	0.93004699346946
4.4440032315446	0.93022211844114
4.4393966829557	0.93039714966899
4.4347996745562	0.93057208623640
4.4302121767401	0.93074692722772
4.4256341600236	0.93092167172833
4.4210655950450	0.93109631882465
4.4165064525633	0.93127086760416
4.4119567034584	0.93144531715544
4.4074163187298	0.93161966656820
4.4028852694963	0.93179391493330
4.3983635269953	0.93196806134281
4.3938510625824	0.93214210488998
4.3893478477306	0.93231604466931
4.3848538540295	0.93248987977657
4.3803690531853	0.93266360930883
4.3758934170194	0.93283723236448
4.3714269174686	0.93301074804323
4.3669695265841	0.93318415544620
4.3625212165309	0.93335745367589
4.3580819595871	0.93353064183623
4.3536517281441	0.93370371903259
4.3492304947048	0.93387668437181
4.3448182318841	0.93404953696225
4.3404149124077	0.93422227591377
4.3360205091119	0.93439490033778
4.3316349949429	0.93456740934726
4.3272583429561	0.93473980205676
4.3228905263158	0.93491207758248
4.3185315182944	0.93508423504223
4.3141812922723	0.93525627355546
4.3098398217366	0.93542819224331
4.3055070802815	0.93559999022863
4.3011830416069	0.93577166663596
4.2968676795184	0.93594322059158
4.2925609679267	0.93611465122353
4.2882628808468	0.93628595766161
4.2839733923978	0.93645713903742
4.2796924768023	0.93662819448436
4.2754201083856	0.93679912313765
4.2711562615757	0.93696992413435
4.2669009109024	0.93714059661337
4.2626540309967	0.93731113971550
4.2584155965909	0.93748155258341
4.2541855825174	0.93765183436164
4.2499639637085	0.93782198419669
4.2457507151961	0.93799200123695
4.2415458121109	0.93816188463273
4.2373492296820	0.93833163353634
4.2331609432364	0.93850124710199
4.2289809281986	0.93867072448589
4.2248091600902	0.93884006484622
4.2206456145291	0.93900926734315
4.2164902672293	0.93917833113883
4.2123430940003	0.93934725539743
4.2082040707468	0.93951603928512
4.2040731734680	0.93968468197008
4.1999503782572	0.93985318262251
4.1958356613016	0.94002154041465
4.1917289988814	0.94018975452076
4.1876303673697	0.94035782411713
4.1835397432319	0.94052574838210
4.1794571030252	0.94069352649602
4.1753824233983	0.94086115764130
4.1713156810909	0.94102864100240
4.1672568529330	0.94119597576578
4.1632059158450	0.94136316111999
4.1591628468368	0.94153019625556
4.1551276230076	0.94169708036510
4.1511002215453	0.94186381264324
4.1470806197261	0.94203039228661
4.1430687949143	0.94219681849388
4.1390647245616	0.94236309046575
4.1350683862069	0.94252920740491
4.1310797574755	0.94269516851604
4.1270988160793	0.94286097300585
4.1231255398157	0.94302662008300
4.1191599065677	0.94319210895813
4.1152018943034	0.94335743884386
4.1112514810752	0.94352260895474
4.1073086450199	0.94368761850727
4.1033733643581	0.94385246671987
4.0994456173937	0.94401715281288
4.0955253825137	0.94418167600853
4.0916126381875	0.94434603553092
4.0877073629670	0.94451023060602
4.0838095354856	0.94467426046164
4.0799191344584	0.94483812432742
4.0760361386812	0.94500182143481
4.0721605270307	0.94516535101702
4.0682922784638	0.94532871230905
4.0644313720174	0.94549190454763
4.0605777868075	0.94565492697118
4.0567315020298	0.94581777881986
4.0528924969582	0.94598045933545
4.0490607509454	0.94614296776139
4.0452362434219	0.94630530334272
4.0414189538959	0.94646746532608
4.0376088619529	0.94662945295963
4.0338059472551	0.94679126549309
4.0300101895416	0.94695290217763
4.0262215686274	0.94711436226590
4.0224400644036	0.94727564501196
4.0186656568365	0.94743674967128
4.0148983259676	0.94759767550065
4.0111380519133	0.94775842175818
4.0073848148643	0.94791898770329
4.0036385950855	0.94807937259659
3.9998993729153	0.94823957569991
3.9961671287657	0.94839959627623
3.9924418431216	0.94855943358965
3.9887234965407	0.94871908690533
3.9850120696531	0.94887855548945
3.9813075431607	0.94903783860919
3.9776098978373	0.94919693553263
3.9739191145281	0.94935584552875
3.9702351741491	0.94951456786738
3.9665580576872	0.94967310181910
3.9628877461996	0.94983144665524
3.9592242208135	0.94998960164782
3.9555674627260	0.95014756606946
3.9519174532033	0.95030533919338
3.9482741735809	0.95046292029329
3.9446376052632	0.95062030864336
3.9410077297226	0.95077750351818
3.9373845285001	0.95093450419267
3.9337679832043	0.95109130994201
3.9301580755113	0.95124792004161
3.9265547871644	0.95140433376706
3.9229580999738	0.95156055039398
3.9193679958164	0.95171656919808
3.9157844566353	0.95187238945498
3.9122074644395	0.95202801044020
3.9086370013038	0.95218343142909
3.9050730493682	0.95233865169674
3.9015155908381	0.95249367051793
3.8979646079834	0.95264848716703
3.8944200831385	0.95280310091794
3.8908819987021	0.95295751104404
3.8873503371369	0.95311171681806
3.8838250809690	0.95326571751204
3.8803062127880	0.95341951239725
3.8767937152463	0.95357310074410
3.8732875710594	0.95372648182205
3.8697877630050	0.95387965489956
3.8662942739231	0.95403261924395
3.8628070867156	0.95418537412139
3.8593261843460	0.95433791879674
3.8558515498392	0.95449025253350
3.8523831662812	0.95464237459372
3.8489210168186	0.95479428423791
3.8454650846588	0.95494598072494
3.8420153530693	0.95509746331195
3.8385718053777	0.95524873125424
3.8351344249712	0.95539978380523
3.8317031952965	0.95555062021627
3.8282780998595	0.95570123973665
3.8248591222251	0.95585164161342
3.8214462460166	0.95600182509131
3.8180394549159	0.95615178941265
3.8146387326632	0.95630153381726
3.8112440630562	0.95645105754231
3.8078554299505	0.95660035982225
3.8044728172589	0.95674943988872
3.8010962089514	0.95689829697039
3.7977255890550	0.95704693029288
3.7943609416530	0.95719533907867
3.7910022508852	0.95734352254692
3.7876495009476	0.95749147991345
3.7843026760919	0.95763921039054
3.7809617606256	0.95778671318687
3.7776267389113	0.95793398750739
3.7742975953670	0.95808103255316
3.7709743144654	0.95822784752131
3.7676568807339	0.95837443160484
3.7643452787544	0.95852078399256
3.7610394931627	0.95866690386890
3.7577395086488	0.95881279041387
3.7544453099562	0.95895844280285
3.7511568818819	0.95910386020652
3.7478742092762	0.95924904179070
3.7445972770422	0.95939398671625
3.7413260701360	0.95953869413890
3.7380605735661	0.95968316320914
3.7348007723932	0.95982739307209
3.7315466517301	0.95997138286737
3.7282981967417	0.96011513172893
3.7250553926441	0.96025863878494
3.7218182247052	0.96040190315766
3.7185866782436	0.96054492396328
3.7153607386293	0.96068770031178
3.7121403912828	0.96083023130679
3.7089256216751	0.96097251604547
3.7057164153276	0.96111455361831
3.7025127578115	0.96125634310905
3.6993146347483	0.96139788359449
3.6961220318087	0.96153917414433
3.6929349347130	0.96168021382107
3.6897533292308	0.96182100167982
3.6865772011805	0.96196153676816
3.6834065364295	0.96210181812597
3.6802413208937	0.96224184478532
3.6770815405372	0.96238161577026
3.6739271813725	0.96252113009669
3.6707782294600	0.96266038677221
3.6676346709078	0.96279938479594
3.6644964918714	0.96293812315836
3.6613636785540	0.96307660084119
3.6582362172056	0.96321481681715
3.6551140941234	0.96335277004987
3.6519972956511	0.96349045949369
3.6488858081792	0.96362788409349
3.6457796181442	0.96376504278453
3.6426787120292	0.96390193449230
3.6395830763628	0.96403855813231
3.6364926977196	0.96417491260996
3.6334075627197	0.96431099682033
3.6303276580286	0.96444680964805
3.6272529703569	0.96458234996708
3.6241834864603	0.96471761664057
3.6211191931393	0.96485260852068
3.6180600772387	0.96498732444837
3.6150061256481	0.96512176325325
3.6119573253012	0.96525592375342
3.6089136631756	0.96538980475525
3.6058751262930	0.96552340505319
3.6028417017185	0.96565672342966
3.5998133765610	0.96578975865478
3.5967901379724	0.96592250948624
3.5937719731479	0.96605497466909
3.5907588693257	0.96618715293557
3.5877508137865	0.96631904300490
3.5847477938539	0.96645064358313
3.5817497968937	0.96658195336290
3.5787568103140	0.96671297102330
3.5757688215649	0.96684369522963
3.5727858181385	0.96697412463326
3.5698077875685	0.96710425787139
3.5668347174301	0.96723409356688
3.5638665953400	0.96736363032807
3.5609034089559	0.96749286674854
3.5579451459767	0.96762180140695
3.5549917941421	0.96775043286684
3.5520433412322	0.96787875967642
3.5490997750681	0.96800678036837
3.5461610835108	0.96813449345966
3.5432272544616	0.96826189745131
3.5402982758621	0.96838899082824
3.5373741356932	0.96851577205903
3.5344548219759	0.96864223959574
3.5315403227706	0.96876839187369
3.5286306261770	0.96889422731125
3.5257257203340	0.96901974430967
3.5228255934195	0.96914494125284
3.5199302336503	0.96926981650709
3.5170396292820	0.96939436842101
3.5141537686086	0.96951859532520
3.5112726399625	0.96964249553209
3.5083962317145	0.96976606733574
3.5055245322732	0.96988930901159
3.5026575300853	0.97001221881629
3.4997952136353	0.97013479498748
3.4969375714452	0.97025703574357
3.4940845920746	0.97037893928353
3.4912362641202	0.97050050378669
3.4883925762160	0.97062172741251
3.4855535170329	0.97074260830038
3.4827190752788	0.97086314456940
3.4798892396982	0.97098333431818
3.4770639990721	0.97110317562460
3.4742433422181	0.97122266654563
3.4714272579898	0.97134180511708
3.4686157352771	0.97146058935340
3.4658087630058	0.97157901724748
3.4630063301375	0.97169708677040
3.4602084256694	0.97181479587125
3.4574150386345	0.97193214247688
3.4546261581009	0.97204912449171
3.4518417731721	0.97216573979751
3.4490618729867	0.97228198625317
3.4462864467180	0.97239786169447
3.4435154835745	0.97251336393390
3.4407489727993	0.97262849076043
3.4379869036697	0.97274323993927
3.4352292654979	0.97285760921168
3.4324760476300	0.97297159629471
3.4297272394463	0.97308519888106
3.4269828303612	0.97319841463876
3.4242428098230	0.97331124121106
3.4215071673134	0.97342367621611
3.4187758923480	0.97353571724681
3.4160489744758	0.97364736187057
3.4133264032791	0.97375860762910
3.4106081683732	0.97386945203817
3.4078942594066	0.97397989258742
3.4051846660609	0.97408992674012
3.4024793780502	0.97419955193296
3.3997783851213	0.97430876557586
3.3970816770538	0.97441756505169
3.3943892436594	0.97452594771613
3.3917010747822	0.97463391089739
3.3890171602984	0.97474145189602
3.3863374901163	0.97484856798470
3.3836620541761	0.97495525640802
3.3809908424495	0.97506151438226
3.3783238449403	0.97516733909517
3.3756610516834	0.97527272770578
3.3730024527453	0.97537767734414
3.3703480382237	0.97548218511116
3.3676977982476	0.97558624807838
3.3650517229768	0.97568986328772
3.3624098026021	0.97579302775133
3.3597720273451	0.97589573845133
3.3571383874580	0.97599799233961
3.3545088732237	0.97609978633766
3.3518834749553	0.97620111733630
3.3492621829963	0.97630198219549
3.3466449877205	0.97640237774417
3.3440318795315	0.97650230077998
3.3414228488631	0.97660174806910
3.3388178861789	0.97670071634604
3.3362169819720	0.97679920231342
3.3336201267653	0.97689720264178
3.3310273111111	0.97699471396936
