#Parameters = {thARC=0.4; nARC=2.25; thsub=1; p=1; nSub=2.5}
#"Wavelength / um"	"T (357) [Real Part]"
#---------------------------------------
14.989622900000	0.82503525919107
14.937342202292	0.82510377143165
14.885424925521	0.82517214729212
14.833867293419	0.82524039145437
14.782665581854	0.82530850855420
14.731816117936	0.82537650318146
14.681315279138	0.82544437988008
14.631159492435	0.82551214314824
14.581345233463	0.82557979743838
14.531869025691	0.82564734715739
14.482727439614	0.82571479666666
14.433917091960	0.82578215028217
14.385434644914	0.82584941227468
14.337276805356	0.82591658686977
14.289440324118	0.82598367824796
14.241921995249	0.82605069054487
14.194718655303	0.82611762785132
14.147827182633	0.82618449421343
14.101244496707	0.82625129363280
14.054967557431	0.82631803006658
14.008993364486	0.82638470742764
13.963318956684	0.82645132958469
13.917941411328	0.82651790036242
13.872857843591	0.82658442354163
13.828065405904	0.82665090285939
13.783561287356	0.82671734200917
13.739342713107	0.82678374464098
13.695406943810	0.82685011436155
13.651751275046	0.82691645473443
13.608373036768	0.82698276928017
13.565269592760	0.82704906147651
13.522438340099	0.82711533475846
13.479876708633	0.82718159251852
13.437582160466	0.82724783810684
13.395552189455	0.82731407483133
13.353784320713	0.82738030595789
13.312276110124	0.82744653471053
13.271025143869	0.82751276427158
13.230029037952	0.82757899778181
13.189285437747	0.82764523834065
13.148792017544	0.82771148900635
13.108546480105	0.82777775279615
13.068546556234	0.82784403268646
13.028790004346	0.82791033161303
12.989274610052	0.82797665247117
12.949998185745	0.82804299811589
12.910958570198	0.82810937136211
12.872153628167	0.82817577498484
12.833581250000	0.82824221171937
12.795239351259	0.82830868426145
12.757125872340	0.82837519526750
12.719238778108	0.82844174735478
12.681576057530	0.82850834310163
12.644135723323	0.82857498504759
12.606915811606	0.82864167569367
12.569914381551	0.82870841750251
12.533129515050	0.82877521289860
12.496559316382	0.82884206426844
12.460201911887	0.82890897396082
12.424055449648	0.82897594428693
12.388118099174	0.82904297752065
12.352388051092	0.82911007589871
12.316863516845	0.82917724162087
12.281542728390	0.82924447685022
12.246423937908	0.82931178371329
12.211505417515	0.82937916430033
12.176785458976	0.82944662066548
12.142262373431	0.82951415482701
12.107934491115	0.82958176876751
12.073800161095	0.82964946443413
12.039857751004	0.82971724373878
12.006105646776	0.82978510855834
11.972542252396	0.82985306073490
11.939165989646	0.82992110207594
11.905975297855	0.82998923435459
11.872968633663	0.83005745930985
11.840144470774	0.83012577864675
11.807501299724	0.83019419403665
11.775037627651	0.83026270711741
11.742751978065	0.83033131949363
11.710642890625	0.83040003273689
11.678708920919	0.83046884838592
11.646948640249	0.83053776794690
11.615360635413	0.83060679289361
11.583943508501	0.83067592466772
11.552695876686	0.83074516467896
11.521616372022	0.83081451430540
11.490703641242	0.83088397489363
11.459956345566	0.83095354775901
11.429373160503	0.83102323418592
11.398952775665	0.83109303542793
11.368693894577	0.83116295270808
11.338595234493	0.83123298721910
11.308655526217	0.83130314012362
11.278873513920	0.83137341255441
11.249247954972	0.83144380561461
11.219777619760	0.83151432037799
11.190461291527	0.83158495788910
11.161297766195	0.83165571916361
11.132285852209	0.83172660518843
11.103424370370	0.83179761692204
11.074712153676	0.83186875529464
11.046148047163	0.83194002120845
11.017730907755	0.83201141553789
10.989459604106	0.83208293912982
10.961333016453	0.83215459280381
10.933350036470	0.83222637735233
10.905509567115	0.83229829354099
10.877810522496	0.83237034210878
10.850251827723	0.83244252376830
10.822832418773	0.83251483920600
10.795551242348	0.83258728908239
10.768407255747	0.83265987403229
10.741399426729	0.83273259466505
10.714526733381	0.83280545156479
10.687788163993	0.83287844529062
10.661182716927	0.83295157637690
10.634709400497	0.83302484533343
10.608367232838	0.83309825264569
10.582155241793	0.83317179877512
10.556072464789	0.83324548415927
10.530117948718	0.83331930921208
10.504290749825	0.83339327432413
10.478589933590	0.83346737986280
10.453014574616	0.83354162617255
10.427563756522	0.83361601357516
10.402236571825	0.83369054236991
10.377032121841	0.83376521283384
10.351949516575	0.83384002522197
10.326987874612	0.83391497976755
10.302146323024	0.83399007668224
10.277423997257	0.83406531615637
10.252820041040	0.83414069835916
10.228333606278	0.83421622343895
10.203963852961	0.83429189152342
10.179709949066	0.83436770271979
10.155571070461	0.83444365711510
10.131546400811	0.83451975477638
10.107635131490	0.83459599575090
10.083836461487	0.83467238006641
10.060149597315	0.83474890773129
10.036573752929	0.83482557873487
10.013108149633	0.83490239304757
9.9897520159947	0.83497935062118
9.9665045877660	0.83505645138901
9.9433651077944	0.83513369526619
9.9203328259431	0.83521108214983
9.8974069990096	0.83528861191926
9.8745868906456	0.83536628443624
9.8518717712783	0.83544409954518
9.8292609180328	0.83552205707336
9.8067536146549	0.83560015683113
9.7843491514360	0.83567839861216
9.7620468251384	0.83575678219358
9.7398459389214	0.83583530733630
9.7177458022690	0.83591397378510
9.6957457309185	0.83599278126895
9.6738450467893	0.83607172950115
9.6520430779137	0.83615081817957
9.6303391583681	0.83623004698685
9.6087326282051	0.83630941559061
9.5872228333866	0.83638892364365
9.5658091257179	0.83646857078418
9.5444908627826	0.83654835663599
9.5232674078780	0.83662828080868
9.5021381299525	0.83670834289785
9.4811024035421	0.83678854248531
9.4601596087094	0.83686887913928
9.4393091309824	0.83694935241460
9.4185503612944	0.83702996185291
9.3978826959248	0.83711070698287
9.3773055364404	0.83719158732033
9.3568182896380	0.83727260236856
9.3364203674868	0.83735375161842
9.3161111870727	0.83743503454859
9.2958901705426	0.83751645062570
9.2757567450495	0.83759799930461
9.2557103426984	0.83767968002850
9.2357504004929	0.83776149222918
9.2158763602828	0.83784343532716
9.1960876687117	0.83792550873193
9.1763837771656	0.83800771184209
9.1567641417227	0.83809004404559
9.1372282231027	0.83817250471987
9.1177754866180	0.83825509323205
9.0984054021244	0.83833780893914
9.0791174439733	0.83842065118821
9.0599110909640	0.83850361931656
9.0407858262967	0.83858671265191
9.0217411375263	0.83866993051258
9.0027765165165	0.83875327220768
8.9838914593947	0.83883673703727
8.9650854665072	0.83892032429252
8.9463580423754	0.83900403325593
8.9277086956522	0.83908786320147
8.9091369390788	0.83917181339476
8.8906422894425	0.83925588309326
8.8722242675348	0.83934007154641
8.8538823981099	0.83942437799580
8.8356162098438	0.83950880167538
8.8174252352941	0.83959334181158
8.7993090108600	0.83967799762349
8.7812670767428	0.83976276832305
8.7632989769073	0.83984765311517
8.7454042590432	0.83993265119792
8.7275824745269	0.84001776176269
8.7098331783847	0.84010298399434
8.6921559292549	0.84018831707135
8.6745502893519	0.84027376016602
8.6570158244297	0.84035931244456
8.6395521037464	0.84044497306730
8.6221587000288	0.84053074118883
8.6048351894374	0.84061661595813
8.5875811515325	0.84070259651875
8.5703961692396	0.84078868200894
8.5532798288160	0.84087487156180
8.5362317198178	0.84096116430545
8.5192514350668	0.84104755936315
8.5023385706183	0.84113405585345
8.4854927257288	0.84122065289034
8.4687135028249	0.84130734958338
8.4520005074711	0.84139414503788
8.4353533483399	0.84148103835498
8.4187716371806	0.84156802863183
8.4022549887892	0.84165511496172
8.3858030209790	0.84174229643419
8.3694153545505	0.84182957213523
8.3530916132627	0.84191694114733
8.3368314238042	0.84200440254966
8.3206344157646	0.84209195541820
8.3045002216066	0.84217959882586
8.2884284766381	0.84226733184261
8.2724188189845	0.84235515353560
8.2564708895621	0.84244306296931
8.2405843320506	0.84253105920563
8.2247587928669	0.84261914130403
8.2089939211391	0.84270730832166
8.1932893686800	0.84279555931346
8.1776447899618	0.84288389333229
8.1620598420909	0.84297230942907
8.1465341847826	0.84306080665285
8.1310674803363	0.84314938405096
8.1156593936113	0.84323804066911
8.1003095920022	0.84332677555152
8.0850177454153	0.84341558774100
8.0697835262450	0.84350447627907
8.0546066093498	0.84359344020611
8.0394866720300	0.84368247856139
8.0244233940043	0.84377159038326
8.0094164573871	0.84386077470918
7.9944655466667	0.84395003057587
7.9795703486825	0.84403935701940
7.9647305526036	0.84412875307529
7.9499458499072	0.84421821777861
7.9352159343568	0.84430775016407
7.9205405019815	0.84439734926613
7.9059192510549	0.84448701411908
7.8913518820742	0.84457674375715
7.8768380977404	0.84466653721460
7.8623776029373	0.84475639352581
7.8479701047120	0.84484631172535
7.8336153122550	0.84493629084810
7.8193129368805	0.84502632992933
7.8050626920073	0.84511642800477
7.7908642931393	0.84520658411071
7.7767174578470	0.84529679728408
7.7626219057483	0.84538706656254
7.7485773584906	0.84547739098454
7.7345835397317	0.84556776958942
7.7206401751223	0.84565820141749
7.7067469922879	0.84574868551009
7.6929037208109	0.84583922090967
7.6791100922131	0.84592980665989
7.6653658399386	0.84602044180565
7.6516706993364	0.84611112539321
7.6380244076433	0.84620185647023
7.6244267039674	0.84629263408584
7.6108773292714	0.84638345729072
7.5973760263558	0.84647432513716
7.5839225398432	0.84656523667914
7.5705166161616	0.84665619097237
7.5571580035291	0.84674718707438
7.5438464519376	0.84683822404456
7.5305817131374	0.84692930094423
7.5173635406219	0.84702041683671
7.5041916896120	0.84711157078738
7.4910659170415	0.84720276186368
7.4779859815415	0.84729398913527
7.4649516434263	0.84738525167399
7.4519626646781	0.84747654855396
7.4390188089330	0.84756787885163
7.4261198414664	0.84765924164583
7.4132655291790	0.84775063601779
7.4004556405826	0.84784206105125
7.3876899457861	0.84793351583244
7.3749682164822	0.84802499945017
7.3622902259332	0.84811651099588
7.3496557489581	0.84820804956364
7.3370645619187	0.84829961425025
7.3245164427071	0.84839120415523
7.3120111707317	0.84848281838089
7.2995485269053	0.84857445603236
7.2871282936315	0.84866611621766
7.2747502547925	0.84875779804767
7.2624141957364	0.84884950063623
7.2501199032648	0.84894122310014
7.2378671656205	0.84903296455921
7.2256557724753	0.84912472413628
7.2134855149182	0.84921650095727
7.2013561854432	0.84930829415118
7.1892675779376	0.84940010285018
7.1772194876706	0.84949192618954
7.1652117112811	0.84958376330776
7.1532440467669	0.84967561334654
7.1413162934731	0.84976747545081
7.1294282520809	0.84985934876876
7.1175797245964	0.84995123245186
7.1057705143399	0.85004312565491
7.0940004259347	0.85013502753601
7.0822692652965	0.85022693725661
7.0705768396226	0.85031885398155
7.0589229573817	0.85041077687901
7.0473074283028	0.85050270512062
7.0357300633654	0.85059463788139
7.0241906747891	0.85068657433977
7.0126890760234	0.85077851367767
7.0012250817375	0.85087045508044
6.9897985078107	0.85096239773690
6.9784091713222	0.85105434083938
6.9670568905415	0.85114628358365
6.9557414849188	0.85123822516904
6.9444627750753	0.85133016479834
6.9332205827937	0.85142210167787
6.9220147310090	0.85151403501749
6.9108450437990	0.85160596403056
6.8997113463751	0.85169788793400
6.8886134650735	0.85178980594824
6.8775512273457	0.85188171729725
6.8665244617499	0.85197362120857
6.8555329979419	0.85206551691324
6.8445766666667	0.85215740364586
6.8336552997493	0.85224928064458
6.8227687300865	0.85234114715107
6.8119167916383	0.85243300241054
6.8010993194192	0.85252484567174
6.7903161494904	0.85261667618694
6.7795671189507	0.85270849321193
6.7688520659291	0.85280029600604
6.7581708295762	0.85289208383208
6.7475232500563	0.85298385595638
6.7369091685393	0.85307561164877
6.7263284271932	0.85316735018254
6.7157808691756	0.85325907083449
6.7052663386267	0.85335077288486
6.6947846806610	0.85344245561736
6.6843357413601	0.85353411831913
6.6739193677649	0.85362576028076
6.6635354078684	0.85371738079623
6.6531837106081	0.85380897916294
6.6428641258586	0.85390055468167
6.6325765044248	0.85399210665658
6.6223206980340	0.85408363439518
6.6120965593295	0.85417513720831
6.6019039418630	0.85426661441016
6.5917427000879	0.85435806531818
6.5816126893524	0.85444948925315
6.5715137658922	0.85454088553908
6.5614457868243	0.85463225350324
6.5514086101399	0.85472359247612
6.5414020946978	0.85481490179142
6.5314261002179	0.85490618078601
6.5214804872743	0.85499742879993
6.5115651172893	0.85508864517634
6.5016798525266	0.85517982926152
6.4918245560849	0.85527098040486
6.4819990918919	0.85536209795876
6.4722033246978	0.85545318127871
6.4624371200690	0.85554422972318
6.4527003443823	0.85563524265364
6.4429928648184	0.85572621943450
6.4333145493562	0.85581715943314
6.4236652667667	0.85590806201979
6.4140448866068	0.85599892656760
6.4044532792138	0.85608975245255
6.3948903156997	0.85618053905343
6.3853558679446	0.85627128575183
6.3758498085921	0.85636199193208
6.3663720110427	0.85645265698125
6.3569223494487	0.85654328028912
6.3475006987084	0.85663386124810
6.3381069344609	0.85672439925325
6.3287409330800	0.85681489370225
6.3194025716695	0.85690534399531
6.3100917280572	0.85699574953521
6.3008082807902	0.85708610972720
6.2915521091291	0.85717642397903
6.2823230930427	0.85726669170087
6.2731211132036	0.85735691230527
6.2639460509820	0.85744708520718
6.2547977884415	0.85753720982387
6.2456762083333	0.85762728557489
6.2365811940919	0.85771731188206
6.2275126298297	0.85780728816943
6.2184704003319	0.85789721386324
6.2094543910522	0.85798708839187
6.2004644881075	0.85807691118581
6.1915005782734	0.85816668167765
6.1825625489792	0.85825639930202
6.1736502883031	0.85834606349552
6.1647636849681	0.85843567369677
6.1559026283368	0.85852522934627
6.1470670084068	0.85861472988645
6.1382567158067	0.85870417476156
6.1294716417910	0.85879356341770
6.1207116782360	0.85888289530271
6.1119767176351	0.85897216986620
6.1032666530945	0.85906138655947
6.0945813783289	0.85915054483547
6.0859207876573	0.85923964414879
6.0772847759984	0.85932868395559
6.0686732388664	0.85941766371358
6.0600860723671	0.85950658288197
6.0515231731934	0.85959544092145
6.0429844386212	0.85968423729412
6.0344697665056	0.85977297146347
6.0259790552764	0.85986164289435
6.0175122039342	0.85995025105290
6.0090691120465	0.86003879540655
6.0006496797438	0.86012727542394
5.9922538077154	0.86021569057491
5.9838813972056	0.86030404033044
5.9755323500100	0.86039232416264
5.9672065684713	0.86048054154468
5.9589039554760	0.86056869195074
5.9506244144502	0.86065677485604
5.9423678493558	0.86074478973670
5.9341341646873	0.86083273606979
5.9259232654675	0.86092061333324
5.9177350572444	0.86100842100581
5.9095694460871	0.86109615856707
5.9014263385827	0.86118382549733
5.8933056418321	0.86127142127763
5.8852072634472	0.86135894538967
5.8771311115468	0.86144639731581
5.8690770947533	0.86153377653900
5.8610451221896	0.86162108254276
5.8530351034752	0.86170831481112
5.8450469487229	0.86179547282859
5.8370805685358	0.86188255608016
5.8291358740035	0.86196956405120
5.8212127766990	0.86205649622746
5.8133111886756	0.86214335209502
5.8054310224632	0.86223013114027
5.7975721910656	0.86231683284984
5.7897346079567	0.86240345671058
5.7819181870781	0.86249000220956
5.7741228428351	0.86257646883396
5.7663484900942	0.86266285607108
5.7585950441798	0.86274916340832
5.7508624208709	0.86283539033308
5.7431505363985	0.86292153633281
5.7354593074421	0.86300760089489
5.7277886511272	0.86309358350666
5.7201384850219	0.86317948365533
5.7125087271341	0.86326530082802
5.7048992959087	0.86335103451164
5.6973101102242	0.86343668419291
5.6897410893908	0.86352224935831
5.6821921531463	0.86360772949406
5.6746632216544	0.86369312408606
5.6671542155009	0.86377843261989
5.6596650556919	0.86386365458074
5.6521956636501	0.86394878945343
5.6447459612126	0.86403383672232
5.6373158706281	0.86411879587131
5.6299053145540	0.86420366638382
5.6225142160540	0.86428844774272
5.6151424985952	0.86437313943036
5.6077900860456	0.86445774092847
5.6004569026714	0.86454225171819
5.5931428731343	0.86462667127999
5.5858479224893	0.86471099909369
5.5785719761816	0.86479523463840
5.5713149600446	0.86487937739250
5.5640768002970	0.86496342683362
5.5568574235403	0.86504738243859
5.5496567567568	0.86513124368346
5.5424747273063	0.86521501004341
5.5353112629247	0.86529868099278
5.5281662917204	0.86538225600502
5.5210397421731	0.86546573455266
5.5139315431304	0.86554911610730
5.5068416238060	0.86563240013957
5.4997699137773	0.86571558611915
5.4927163429828	0.86579867351466
5.4856808417200	0.86588166179374
5.4786633406433	0.86596455042295
5.4716637707611	0.86604733886778
5.4646820634342	0.86613002659265
5.4577181503732	0.86621261306083
5.4507719636364	0.86629509773448
5.4438434356274	0.86637748007461
5.4369324990932	0.86645975954104
5.4300390871219	0.86654193559242
5.4231631331404	0.86662400768616
5.4163045709124	0.86670597527847
5.4094633345363	0.86678783782432
5.4026393584430	0.86686959477739
5.3958325773938	0.86695124559013
5.3890429264785	0.86703278971365
5.3822703411131	0.86711422659780
5.3755147570378	0.86719555569107
5.3687761103152	0.86727677644065
5.3620543373278	0.86735788829236
5.3553493747767	0.86743889069067
5.3486611596789	0.86751978307869
5.3419896293656	0.86760056489812
5.3353347214807	0.86768123558931
5.3286963739780	0.86776179459116
5.3220745251198	0.86784224134119
5.3154691134752	0.86792257527547
5.3088800779175	0.86800279582867
5.3023073576229	0.86808290243401
5.2957508920685	0.86816289452324
5.2892106210303	0.86824277152669
5.2826864845815	0.86832253287323
5.2761784230905	0.86840217799023
5.2696863772192	0.86848170630362
5.2632102879213	0.86856111723786
5.2567500964405	0.86864041021591
5.2503057443082	0.86871958465927
5.2438771733427	0.86879863998794
5.2374643256464	0.86887757562043
5.2310671436050	0.86895639097379
5.2246855698850	0.86903508546355
5.2183195474326	0.86911365850377
5.2119690194715	0.86919210950702
5.2056339295016	0.86927043788437
5.1993142212973	0.86934864304542
5.1930098389052	0.86942672439828
5.1867207266436	0.86950468134958
5.1804468290997	0.86958251330446
5.1741880911288	0.86966021966660
5.1679444578521	0.86973779983822
5.1617158746556	0.86981525322006
5.1555022871883	0.86989257921139
5.1493036413604	0.86996977721007
5.1431198833419	0.87004684661247
5.1369509595613	0.87012378681355
5.1307968167037	0.87020059720683
5.1246574017094	0.87027727718442
5.1185326617722	0.87035382613701
5.1124225443383	0.87043024345390
5.1063269971044	0.87050652852297
5.1002459680163	0.87058268073077
5.0941794052676	0.87065869946244
5.0881272572980	0.87073458410179
5.0820894727920	0.87081033403127
5.0760660006773	0.87088594863203
5.0700567901235	0.87096142728387
5.0640617905405	0.87103676936533
5.0580809515775	0.87111197425363
5.0521142231210	0.87118704132475
5.0461615552937	0.87126196995341
5.0402228984533	0.87133675951308
5.0342982031906	0.87141140937604
5.0283874203287	0.87148591891336
5.0224905009214	0.87156028749493
5.0166073962517	0.87163451448949
5.0107380578305	0.87170859926463
5.0048824373957	0.87178254118682
4.9990404869101	0.87185633962145
4.9932121585610	0.87192999393280
4.9873974047579	0.87200350348414
4.9815961781323	0.87207686763769
4.9758084315353	0.87215008575464
4.9700341180371	0.87222315719524
4.9642731909256	0.87229608131875
4.9585256037049	0.87236885748351
4.9527913100942	0.87244148504694
4.9470702640264	0.87251396336560
4.9413624196473	0.87258629179517
4.9356677313138	0.87265846969052
4.9299861535932	0.87273049640572
4.9243176412615	0.87280237129405
4.9186621493027	0.87287409370806
4.9130196329072	0.87294566299960
4.9073900474709	0.87301707851981
4.9017733485939	0.87308833961919
4.8961694920790	0.87315944564761
4.8905784339315	0.87323039595437
4.8850001303569	0.87330118988817
4.8794345377604	0.87337182679722
4.8738816127459	0.87344230602923
4.8683413121143	0.87351262693142
4.8628135928629	0.87358278885061
4.8572984121841	0.87365279113322
4.8517957274640	0.87372263312532
4.8463054962819	0.87379231417262
4.8408276764088	0.87386183362058
4.8353622258065	0.87393119081439
4.8299091026261	0.87400038509903
4.8244682652076	0.87406941581929
4.8190396720784	0.87413828231983
4.8136232819525	0.87420698394520
4.8082190537289	0.87427552003988
4.8028269464915	0.87434388994833
4.7974469195071	0.87441209301500
4.7920789322251	0.87448012858442
4.7867229442759	0.87454799600118
4.7813789154705	0.87461569461002
4.7760468057989	0.87468322375584
4.7707265754297	0.87475058278374
4.7654181847083	0.87481777103911
4.7601215941569	0.87488478786758
4.7548367644726	0.87495163261514
4.7495636565272	0.87501830462817
4.7443022313657	0.87508480325344
4.7390524502055	0.87515112783821
4.7338142744355	0.87521727773021
4.7285876656151	0.87528325227775
4.7233725854735	0.87534905082972
4.7181689959081	0.87541467273563
4.7129768589844	0.87548011734569
4.7077961369347	0.87554538401081
4.7026267921569	0.87561047208271
4.6974687872140	0.87567538091387
4.6923220848333	0.87574010985767
4.6871866479049	0.87580465826837
4.6820624394815	0.87586902550119
4.6769494227769	0.87593321091234
4.6718475611657	0.87599721385906
4.6667568181818	0.87606103369971
4.6616771575183	0.87612466979375
4.6566085430258	0.87618812150183
4.6515509387122	0.87625138818584
4.6465043087415	0.87631446920893
4.6414686174330	0.87637736393558
4.6364438292607	0.87644007173162
4.6314299088522	0.87650259196431
4.6264268209877	0.87656492400238
4.6214345305997	0.87662706721606
4.6164530027718	0.87668902097713
4.6114822027380	0.87675078465900
4.6065220958820	0.87681235763671
4.6015726477360	0.87687373928702
4.5966338239804	0.87693492898843
4.5917055904426	0.87699592612123
4.5867879130967	0.87705673006758
4.5818807580621	0.87711734021152
4.5769840916031	0.87717775593903
4.5720978801281	0.87723797663809
4.5672220901889	0.87729800169871
4.5623566884797	0.87735783051298
4.5575016418364	0.87741746247516
4.5526569172361	0.87747689698165
4.5478224817961	0.87753613343112
4.5429983027731	0.87759517122448
4.5381843475628	0.87765400976502
4.5333805836988	0.87771264845835
4.5285869788520	0.87777108671255
4.5238035008299	0.87782932393814
4.5190301175761	0.87788735954818
4.5142667971691	0.87794519295829
4.5095135078219	0.87800282358671
4.5047702178813	0.87806025085431
4.5000368958271	0.87811747418473
4.4953135102714	0.87817449300431
4.4906000299581	0.87823130674223
4.4858964237618	0.87828791483049
4.4812026606876	0.87834431670401
4.4765187098701	0.87840051180065
4.4718445405728	0.87845649956126
4.4671801221875	0.87851227942970
4.4625254242334	0.87856785085295
4.4578804163569	0.87862321328108
4.4532450683304	0.87867836616736
4.4486193500519	0.87873330896827
4.4440032315446	0.87878804114353
4.4393966829557	0.87884256215619
4.4347996745562	0.87889687147265
4.4302121767401	0.87895096856268
4.4256341600236	0.87900485289951
4.4210655950450	0.87905852395984
4.4165064525633	0.87911198122389
4.4119567034584	0.87916522417546
4.4074163187298	0.87921825230193
4.4028852694963	0.87927106509436
4.3983635269953	0.87932366204748
4.3938510625824	0.87937604265976
4.3893478477306	0.87942820643344
4.3848538540295	0.87948015287457
4.3803690531853	0.87953188149304
4.3758934170194	0.87958339180265
4.3714269174686	0.87963468332113
4.3669695265841	0.87968575557015
4.3625212165309	0.87973660807542
4.3580819595871	0.87978724036666
4.3536517281441	0.87983765197771
4.3492304947048	0.87988784244647
4.3448182318841	0.87993781131504
4.3404149124077	0.87998755812968
4.3360205091119	0.88003708244089
4.3316349949429	0.88008638380339
4.3272583429561	0.88013546177624
4.3228905263158	0.88018431592277
4.3185315182944	0.88023294581069
4.3141812922723	0.88028135101210
4.3098398217366	0.88032953110350
4.3055070802815	0.88037748566585
4.3011830416069	0.88042521428457
4.2968676795184	0.88047271654960
4.2925609679267	0.88051999205541
4.2882628808468	0.88056704040102
4.2839733923978	0.88061386119007
4.2796924768023	0.88066045403078
4.2754201083856	0.88070681853603
4.2711562615757	0.88075295432336
4.2669009109024	0.88079886101499
4.2626540309967	0.88084453823787
4.2584155965909	0.88088998562368
4.2541855825174	0.88093520280885
4.2499639637085	0.88098018943460
4.2457507151961	0.88102494514694
4.2415458121109	0.88106946959671
4.2373492296820	0.88111376243957
4.2331609432364	0.88115782333604
4.2289809281986	0.88120165195153
4.2248091600902	0.88124524795631
4.2206456145291	0.88128861102557
4.2164902672293	0.88133174083942
4.2123430940003	0.88137463708290
4.2082040707468	0.88141729944598
4.2040731734680	0.88145972762360
4.1999503782572	0.88150192131566
4.1958356613016	0.88154388022704
4.1917289988814	0.88158560406761
4.1876303673697	0.88162709255222
4.1835397432319	0.88166834540073
4.1794571030252	0.88170936233800
4.1753824233983	0.88175014309391
4.1713156810909	0.88179068740334
4.1672568529330	0.88183099500622
4.1632059158450	0.88187106564745
4.1591628468368	0.88191089907701
4.1551276230076	0.88195049504986
4.1511002215453	0.88198985332599
4.1470806197261	0.88202897367041
4.1430687949143	0.88206785585316
4.1390647245616	0.88210649964927
4.1350683862069	0.88214490483879
4.1310797574755	0.88218307120675
4.1270988160793	0.88222099854320
4.1231255398157	0.88225868664315
4.1191599065677	0.88229613530660
4.1152018943034	0.88233334433850
4.1112514810752	0.88237031354875
4.1073086450199	0.88240704275220
4.1033733643581	0.88244353176862
4.0994456173937	0.88247978042267
4.0955253825137	0.88251578854393
4.0916126381875	0.88255155596683
4.0877073629670	0.88258708253065
4.0838095354856	0.88262236807954
4.0799191344584	0.88265741246242
4.0760361386812	0.88269221553302
4.0721605270307	0.88272677714983
4.0682922784638	0.88276109717610
4.0644313720174	0.88279517547975
4.0605777868075	0.88282901193343
4.0567315020298	0.88286260641443
4.0528924969582	0.88289595880467
4.0490607509454	0.88292906899066
4.0452362434219	0.88296193686347
4.0414189538959	0.88299456231871
4.0376088619529	0.88302694525648
4.0338059472551	0.88305908558133
4.0300101895416	0.88309098320225
4.0262215686274	0.88312263803257
4.0224400644036	0.88315404998999
4.0186656568365	0.88318521899651
4.0148983259676	0.88321614497836
4.0111380519133	0.88324682786599
4.0073848148643	0.88327726759402
4.0036385950855	0.88330746410117
3.9998993729153	0.88333741733024
3.9961671287657	0.88336712722803
3.9924418431216	0.88339659374533
3.9887234965407	0.88342581683681
3.9850120696531	0.88345479646102
3.9813075431607	0.88348353258030
3.9776098978373	0.88351202516075
3.9739191145281	0.88354027417212
3.9702351741491	0.88356827958784
3.9665580576872	0.88359604138485
3.9628877461996	0.88362355954361
3.9592242208135	0.88365083404804
3.9555674627260	0.88367786488540
3.9519174532033	0.88370465204626
3.9482741735809	0.88373119552445
3.9446376052632	0.88375749531692
3.9410077297226	0.88378355142375
3.9373845285001	0.88380936384803
3.9337679832043	0.88383493259579
3.9301580755113	0.88386025767593
3.9265547871644	0.88388533910016
3.9229580999738	0.88391017688288
3.9193679958164	0.88393477104113
3.9157844566353	0.88395912159450
3.9122074644395	0.88398322856506
3.9086370013038	0.88400709197725
3.9050730493682	0.88403071185780
3.9015155908381	0.88405408823566
3.8979646079834	0.88407722114191
3.8944200831385	0.88410011060962
3.8908819987021	0.88412275667383
3.8873503371369	0.88414515937141
3.8838250809690	0.88416731874097
3.8803062127880	0.88418923482278
3.8767937152463	0.88421090765865
3.8732875710594	0.88423233729184
3.8697877630050	0.88425352376698
3.8662942739231	0.88427446712991
3.8628070867156	0.88429516742765
3.8593261843460	0.88431562470821
3.8558515498392	0.88433583902057
3.8523831662812	0.88435581041451
3.8489210168186	0.88437553894051
3.8454650846588	0.88439502464966
3.8420153530693	0.88441426759352
3.8385718053777	0.88443326782402
3.8351344249712	0.88445202539334
3.8317031952965	0.88447054035379
3.8282780998595	0.88448881275769
3.8248591222251	0.88450684265726
3.8214462460166	0.88452463010447
3.8180394549159	0.88454217515095
3.8146387326632	0.88455947784782
3.8112440630562	0.88457653824563
3.8078554299505	0.88459335639415
3.8044728172589	0.88460993234230
3.8010962089514	0.88462626613799
3.7977255890550	0.88464235782800
3.7943609416530	0.88465820745783
3.7910022508852	0.88467381507159
3.7876495009476	0.88468918071182
3.7843026760919	0.88470430441939
3.7809617606256	0.88471918623335
3.7776267389113	0.88473382619075
3.7742975953670	0.88474822432657
3.7709743144654	0.88476238067349
3.7676568807339	0.88477629526182
3.7643452787544	0.88478996811928
3.7610394931627	0.88480339927092
3.7577395086488	0.88481658873891
3.7544453099562	0.88482953654242
3.7511568818819	0.88484224269747
3.7478742092762	0.88485470721672
3.7445972770422	0.88486693010940
3.7413260701360	0.88487891138108
3.7380605735661	0.88489065103354
3.7348007723932	0.88490214906460
3.7315466517301	0.88491340546796
3.7282981967417	0.88492442023304
3.7250553926441	0.88493519334480
3.7218182247052	0.88494572478359
3.7185866782436	0.88495601452497
3.7153607386293	0.88496606253953
3.7121403912828	0.88497586879276
3.7089256216751	0.88498543324482
3.7057164153276	0.88499475585040
3.7025127578115	0.88500383655855
3.6993146347483	0.88501267531248
3.6961220318087	0.88502127204938
3.6929349347130	0.88502962670028
3.6897533292308	0.88503773918982
3.6865772011805	0.88504560943610
3.6834065364295	0.88505323735047
3.6802413208937	0.88506062283737
3.6770815405372	0.88506776579414
3.6739271813725	0.88507466611081
3.6707782294600	0.88508132366992
3.6676346709078	0.88508773834636
3.6644964918714	0.88509391000714
3.6613636785540	0.88509983851121
3.6582362172056	0.88510552370927
3.6551140941234	0.88511096544356
3.6519972956511	0.88511616354769
3.6488858081792	0.88512111784643
3.6457796181442	0.88512582815548
3.6426787120292	0.88513029428134
3.6395830763628	0.88513451602102
3.6364926977196	0.88513849316192
3.6334075627197	0.88514222548157
3.6303276580286	0.88514571274746
3.6272529703569	0.88514895471679
3.6241834864603	0.88515195113632
3.6211191931393	0.88515470174213
3.6180600772387	0.88515720625940
3.6150061256481	0.88515946440222
3.6119573253012	0.88516147587338
3.6089136631756	0.88516324036413
3.6058751262930	0.88516475755400
3.6028417017185	0.88516602711058
3.5998133765610	0.88516704868926
3.5967901379724	0.88516782193309
3.5937719731479	0.88516834647249
3.5907588693257	0.88516862192508
3.5877508137865	0.88516864789543
3.5847477938539	0.88516842397486
3.5817497968937	0.88516794974120
3.5787568103140	0.88516722475859
3.5757688215649	0.88516624857724
3.5727858181385	0.88516502073321
3.5698077875685	0.88516354074818
3.5668347174301	0.88516180812923
3.5638665953400	0.88515982236862
3.5609034089559	0.88515758294355
3.5579451459767	0.88515508931594
3.5549917941421	0.88515234093219
3.5520433412322	0.88514933722295
3.5490997750681	0.88514607760293
3.5461610835108	0.88514256147060
3.5432272544616	0.88513878820801
3.5402982758621	0.88513475718054
3.5373741356932	0.88513046773665
3.5344548219759	0.88512591920770
3.5315403227706	0.88512111090764
3.5286306261770	0.88511604213283
3.5257257203340	0.88511071216179
3.5228255934195	0.88510512025496
3.5199302336503	0.88509926565445
3.5170396292820	0.88509314758383
3.5141537686086	0.88508676524788
3.5112726399625	0.88508011783234
3.5083962317145	0.88507320450367
3.5055245322732	0.88506602440886
3.5026575300853	0.88505857667510
3.4997952136353	0.88505086040963
3.4969375714452	0.88504287469944
3.4940845920746	0.88503461861105
3.4912362641202	0.88502609119028
3.4883925762160	0.88501729146198
3.4855535170329	0.88500821842981
3.4827190752788	0.88499887107599
3.4798892396982	0.88498924836107
3.4770639990721	0.88497934922366
3.4742433422181	0.88496917258020
3.4714272579898	0.88495871732474
3.4686157352771	0.88494798232866
3.4658087630058	0.88493696644045
3.4630063301375	0.88492566848546
3.4602084256694	0.88491408726564
3.4574150386345	0.88490222155934
3.4546261581009	0.88489007012102
3.4518417731721	0.88487763168104
3.4490618729867	0.88486490494536
3.4462864467180	0.88485188859540
3.4435154835745	0.88483858128768
3.4407489727993	0.88482498165367
3.4379869036697	0.88481108829947
3.4352292654979	0.88479689980564
3.4324760476300	0.88478241472690
3.4297272394463	0.88476763159190
3.4269828303612	0.88475254890301
3.4242428098230	0.88473716513604
3.4215071673134	0.88472147874002
3.4187758923480	0.88470548813693
3.4160489744758	0.88468919172150
3.4133264032791	0.88467258786093
3.4106081683732	0.88465567489469
3.4078942594066	0.88463845113423
3.4051846660609	0.88462091486278
3.4024793780502	0.88460306433510
3.3997783851213	0.88458489777724
3.3970816770538	0.88456641338629
3.3943892436594	0.88454760933018
3.3917010747822	0.88452848374737
3.3890171602984	0.88450903474672
3.3863374901163	0.88448926040714
3.3836620541761	0.88446915877745
3.3809908424495	0.88444872787608
3.3783238449403	0.88442796569088
3.3756610516834	0.88440687017886
3.3730024527453	0.88438543926598
3.3703480382237	0.88436367084689
3.3676977982476	0.88434156278473
3.3650517229768	0.88431911291088
3.3624098026021	0.88429631902476
3.3597720273451	0.88427317889356
3.3571383874580	0.88424969025205
3.3545088732237	0.88422585080233
3.3518834749553	0.88420165821364
3.3492621829963	0.88417711012209
3.3466449877205	0.88415220413049
3.3440318795315	0.88412693780808
3.3414228488631	0.88410130869035
3.3388178861789	0.88407531427880
3.3362169819720	0.88404895204073
3.3336201267653	0.88402221940902
3.3310273111111	0.88399511378194
