#Parameters = {thARC=0.4; nARC=2.75; thsub=1; p=1; nSub=2.5}
#"Wavelength / um"	"T (369) [Real Part]"
#---------------------------------------
14.989622900000	0.80157407264612
14.937342202292	0.80149677212665
14.885424925521	0.80141875280643
14.833867293419	0.80134002376263
14.782665581854	0.80126059400991
14.731816117936	0.80118047250038
14.681315279138	0.80109966812357
14.631159492435	0.80101818970634
14.581345233463	0.80093604601292
14.531869025691	0.80085324574481
14.482727439614	0.80076979754083
14.433917091960	0.80068570997706
14.385434644914	0.80060099156686
14.337276805356	0.80051565076086
14.289440324118	0.80042969594700
14.241921995249	0.80034313545049
14.194718655303	0.80025597753390
14.147827182633	0.80016823039714
14.101244496707	0.80007990217753
14.054967557431	0.79999100094983
14.008993364486	0.79990153472627
13.963318956684	0.79981151145665
13.917941411328	0.79972093902836
13.872857843591	0.79962982526647
13.828065405904	0.79953817793382
13.783561287356	0.79944600473106
13.739342713107	0.79935331329678
13.695406943810	0.79926011120756
13.651751275046	0.79916640597810
13.608373036768	0.79907220506132
13.565269592760	0.79897751584847
13.522438340099	0.79888234566922
13.479876708633	0.79878670179183
13.437582160466	0.79869059142321
13.395552189455	0.79859402170913
13.353784320713	0.79849699973428
13.312276110124	0.79839953252249
13.271025143869	0.79830162703679
13.230029037952	0.79820329017964
13.189285437747	0.79810452879304
13.148792017544	0.79800534965873
13.108546480105	0.79790575949831
13.068546556234	0.79780576497344
13.028790004346	0.79770537268604
12.989274610052	0.79760458917842
12.949998185745	0.79750342093349
12.910958570198	0.79740187437496
12.872153628167	0.79729995586753
12.833581250000	0.79719767171707
12.795239351259	0.79709502817085
12.757125872340	0.79699203141772
12.719238778108	0.79688868758835
12.681576057530	0.79678500275543
12.644135723323	0.79668098293388
12.606915811606	0.79657663408110
12.569914381551	0.79647196209716
12.533129515050	0.79636697282507
12.496559316382	0.79626167205099
12.460201911887	0.79615606550446
12.424055449648	0.79605015885868
12.388118099174	0.79594395773073
12.352388051092	0.79583746768179
12.316863516845	0.79573069421745
12.281542728390	0.79562364278793
12.246423937908	0.79551631878832
12.211505417515	0.79540872755891
12.176785458976	0.79530087438538
12.142262373431	0.79519276449910
12.107934491115	0.79508440307740
12.073800161095	0.79497579524385
12.039857751004	0.79486694606852
12.006105646776	0.79475786056827
11.972542252396	0.79464854370702
11.939165989646	0.79453900039604
11.905975297855	0.79442923549425
11.872968633663	0.79431925380850
11.840144470774	0.79420906009384
11.807501299724	0.79409865905384
11.775037627651	0.79398805534089
11.742751978065	0.79387725355648
11.710642890625	0.79376625825149
11.678708920919	0.79365507392655
11.646948640249	0.79354370503227
11.615360635413	0.79343215596959
11.583943508501	0.79332043109010
11.552695876686	0.79320853469630
11.521616372022	0.79309647104196
11.490703641242	0.79298424433242
11.459956345566	0.79287185872491
11.429373160503	0.79275931832884
11.398952775665	0.79264662720616
11.368693894577	0.79253378937163
11.338595234493	0.79242080879322
11.308655526217	0.79230768939235
11.278873513920	0.79219443504427
11.249247954972	0.79208104957834
11.219777619760	0.79196753677842
11.190461291527	0.79185390038314
11.161297766195	0.79174014408626
11.132285852209	0.79162627153701
11.103424370370	0.79151228634037
11.074712153676	0.79139819205748
11.046148047163	0.79128399220590
11.017730907755	0.79116969026000
10.989459604106	0.79105528965127
10.961333016453	0.79094079376865
10.933350036470	0.79082620595889
10.905509567115	0.79071152952687
10.877810522496	0.79059676773595
10.850251827723	0.79048192380829
10.822832418773	0.79036700092522
10.795551242348	0.79025200222756
10.768407255747	0.79013693081596
10.741399426729	0.79002178975125
10.714526733381	0.78990658205477
10.687788163993	0.78979131070874
10.661182716927	0.78967597865656
10.634709400497	0.78956058880319
10.608367232838	0.78944514401547
10.582155241793	0.78932964712247
10.556072464789	0.78921410091585
10.530117948718	0.78909850815015
10.504290749825	0.78898287154322
10.478589933590	0.78886719377647
10.453014574616	0.78875147749527
10.427563756522	0.78863572530930
10.402236571825	0.78851993979285
10.377032121841	0.78840412348518
10.351949516575	0.78828827889089
10.326987874612	0.78817240848022
10.302146323024	0.78805651468944
10.277423997257	0.78794059992112
10.252820041040	0.78782466654456
10.228333606278	0.78770871689607
10.203963852961	0.78759275327931
10.179709949066	0.78747677796568
10.155571070461	0.78736079319460
10.131546400811	0.78724480117389
10.107635131490	0.78712880408009
10.083836461487	0.78701280405882
10.060149597315	0.78689680322506
10.036573752929	0.78678080366358
10.013108149633	0.78666480742918
9.9897520159947	0.78654881654709
9.9665045877660	0.78643283301328
9.9433651077944	0.78631685879480
9.9203328259431	0.78620089583009
9.8974069990096	0.78608494602937
9.8745868906456	0.78596901127491
9.8518717712783	0.78585309342137
9.8292609180328	0.78573719429617
9.8067536146549	0.78562131569978
9.7843491514360	0.78550545940606
9.7620468251384	0.78538962716259
9.7398459389214	0.78527382069099
9.7177458022690	0.78515804168723
9.6957457309185	0.78504229182199
9.6738450467893	0.78492657274096
9.6520430779137	0.78481088606515
9.6303391583681	0.78469523339122
9.6087326282051	0.78457961629182
9.5872228333866	0.78446403631586
9.5658091257179	0.78434849498888
9.5444908627826	0.78423299381332
9.5232674078780	0.78411753426887
9.5021381299525	0.78400211781273
9.4811024035421	0.78388674588000
9.4601596087094	0.78377141988392
9.4393091309824	0.78365614121620
9.4185503612944	0.78354091124734
9.3978826959248	0.78342573132691
9.3773055364404	0.78331060278389
9.3568182896380	0.78319552692694
9.3364203674868	0.78308050504471
9.3161111870727	0.78296553840613
9.2958901705426	0.78285062826075
9.2757567450495	0.78273577583898
9.2557103426984	0.78262098235241
9.2357504004929	0.78250624899412
9.2158763602828	0.78239157693894
9.1960876687117	0.78227696734375
9.1763837771656	0.78216242134779
9.1567641417227	0.78204794007292
9.1372282231027	0.78193352462391
9.1177754866180	0.78181917608874
9.0984054021244	0.78170489553885
9.0791174439733	0.78159068402945
9.0599110909640	0.78147654259978
9.0407858262967	0.78136247227341
9.0217411375263	0.78124847405847
9.0027765165165	0.78113454894798
8.9838914593947	0.78102069792007
8.9650854665072	0.78090692193827
8.9463580423754	0.78079322195179
8.9277086956522	0.78067959889576
8.9091369390788	0.78056605369152
8.8906422894425	0.78045258724686
8.8722242675348	0.78033920045628
8.8538823981099	0.78022589420127
8.8356162098438	0.78011266935055
8.8174252352941	0.77999952676033
8.7993090108600	0.77988646727453
8.7812670767428	0.77977349172511
8.7632989769073	0.77966060093222
8.7454042590432	0.77954779570452
8.7275824745269	0.77943507683939
8.7098331783847	0.77932244512318
8.6921559292549	0.77920990133147
8.6745502893519	0.77909744622925
8.6570158244297	0.77898508057125
8.6395521037464	0.77887280510207
8.6221587000288	0.77876062055650
8.6048351894374	0.77864852765970
8.5875811515325	0.77853652712744
8.5703961692396	0.77842461966635
8.5532798288160	0.77831280597410
8.5362317198178	0.77820108673966
8.5192514350668	0.77808946264349
8.5023385706183	0.77797793435782
8.4854927257288	0.77786650254676
8.4687135028249	0.77775516786663
8.4520005074711	0.77764393096609
8.4353533483399	0.77753279248639
8.4187716371806	0.77742175306155
8.4022549887892	0.77731081331860
8.3858030209790	0.77719997387776
8.3694153545505	0.77708923535265
8.3530916132627	0.77697859835049
8.3368314238042	0.77686806347229
8.3206344157646	0.77675763131305
8.3045002216066	0.77664730246195
8.2884284766381	0.77653707750257
8.2724188189845	0.77642695701302
8.2564708895621	0.77631694156619
8.2405843320506	0.77620703172990
8.2247587928669	0.77609722806707
8.2089939211391	0.77598753113595
8.1932893686800	0.77587794149026
8.1776447899618	0.77576845967935
8.1620598420909	0.77565908624843
8.1465341847826	0.77554982173871
8.1310674803363	0.77544066668757
8.1156593936113	0.77533162162870
8.1003095920022	0.77522268709235
8.0850177454153	0.77511386360540
8.0697835262450	0.77500515169158
8.0546066093498	0.77489655187160
8.0394866720300	0.77478806466334
8.0244233940043	0.77467969058195
8.0094164573871	0.77457143014007
7.9944655466667	0.77446328384794
7.9795703486825	0.77435525221355
7.9647305526036	0.77424733574281
7.9499458499072	0.77413953493966
7.9352159343568	0.77403185030625
7.9205405019815	0.77392428234306
7.9059192510549	0.77381683154903
7.8913518820742	0.77370949842174
7.8768380977404	0.77360228345748
7.8623776029373	0.77349518715142
7.8479701047120	0.77338820999777
7.8336153122550	0.77328135248983
7.8193129368805	0.77317461512018
7.8050626920073	0.77306799838080
7.7908642931393	0.77296150276316
7.7767174578470	0.77285512875835
7.7626219057483	0.77274887685721
7.7485773584906	0.77264274755047
7.7345835397317	0.77253674132879
7.7206401751223	0.77243085868295
7.7067469922879	0.77232510010391
7.6929037208109	0.77221946608295
7.6791100922131	0.77211395711173
7.6653658399386	0.77200857368247
7.6516706993364	0.77190331628796
7.6380244076433	0.77179818542175
7.6244267039674	0.77169318157818
7.6108773292714	0.77158830525249
7.5973760263558	0.77148355694095
7.5839225398432	0.77137893714092
7.5705166161616	0.77127444635093
7.5571580035291	0.77117008507081
7.5438464519376	0.77106585380172
7.5305817131374	0.77096175304631
7.5173635406219	0.77085778330871
7.5041916896120	0.77075394509469
7.4910659170415	0.77065023891170
7.4779859815415	0.77054666526894
7.4649516434263	0.77044322467747
7.4519626646781	0.77033991765024
7.4390188089330	0.77023674470221
7.4261198414664	0.77013370635037
7.4132655291790	0.77003080311382
7.4004556405826	0.76992803551388
7.3876899457861	0.76982540407408
7.3749682164822	0.76972290932030
7.3622902259332	0.76962055178075
7.3496557489581	0.76951833198609
7.3370645619187	0.76941625046948
7.3245164427071	0.76931430776658
7.3120111707317	0.76921250441569
7.2995485269053	0.76911084095772
7.2871282936315	0.76900931793628
7.2747502547925	0.76890793589774
7.2624141957364	0.76880669539124
7.2501199032648	0.76870559696876
7.2378671656205	0.76860464118514
7.2256557724753	0.76850382859817
7.2134855149182	0.76840315976855
7.2013561854432	0.76830263526002
7.1892675779376	0.76820225563930
7.1772194876706	0.76810202147621
7.1652117112811	0.76800193334366
7.1532440467669	0.76790199181767
7.1413162934731	0.76780219747744
7.1294282520809	0.76770255090532
7.1175797245964	0.76760305268691
7.1057705143399	0.76750370341102
7.0940004259347	0.76740450366973
7.0822692652965	0.76730545405840
7.0705768396226	0.76720655517567
7.0589229573817	0.76710780762353
7.0473074283028	0.76700921200728
7.0357300633654	0.76691076893560
7.0241906747891	0.76681247902050
7.0126890760234	0.76671434287740
7.0012250817375	0.76661636112509
6.9897985078107	0.76651853438578
6.9784091713222	0.76642086328506
6.9670568905415	0.76632334845195
6.9557414849188	0.76622599051891
6.9444627750753	0.76612879012178
6.9332205827937	0.76603174789986
6.9220147310090	0.76593486449587
6.9108450437990	0.76583814055597
6.8997113463751	0.76574157672972
6.8886134650735	0.76564517367014
6.8775512273457	0.76554893203364
6.8665244617499	0.76545285248007
6.8555329979419	0.76535693567267
6.8445766666667	0.76526118227809
6.8336552997493	0.76516559296639
6.8227687300865	0.76507016841098
6.8119167916383	0.76497490928867
6.8010993194192	0.76487981627961
6.7903161494904	0.76478489006731
6.7795671189507	0.76469013133859
6.7688520659291	0.76459554078361
6.7581708295762	0.76450111909582
6.7475232500563	0.76440686697192
6.7369091685393	0.76431278511191
6.7263284271932	0.76421887421900
6.7157808691756	0.76412513499962
6.7052663386267	0.76403156816342
6.6947846806610	0.76393817442319
6.6843357413601	0.76384495449486
6.6739193677649	0.76375190909752
6.6635354078684	0.76365903895330
6.6531837106081	0.76356634478744
6.6428641258586	0.76347382732819
6.6325765044248	0.76338148730681
6.6223206980340	0.76328932545753
6.6120965593295	0.76319734251754
6.6019039418630	0.76310553922692
6.5917427000879	0.76301391632863
6.5816126893524	0.76292247456849
6.5715137658922	0.76283121469510
6.5614457868243	0.76274013745986
6.5514086101399	0.76264924361687
6.5414020946978	0.76255853392294
6.5314261002179	0.76246800913755
6.5214804872743	0.76237767002278
6.5115651172893	0.76228751734328
6.5016798525266	0.76219755186625
6.4918245560849	0.76210777436138
6.4819990918919	0.76201818560081
6.4722033246978	0.76192878635908
6.4624371200690	0.76183957741309
6.4527003443823	0.76175055954208
6.4429928648184	0.76166173352754
6.4333145493562	0.76157310015318
6.4236652667667	0.76148466020491
6.4140448866068	0.76139641447077
6.4044532792138	0.76130836374087
6.3948903156997	0.76122050880735
6.3853558679446	0.76113285046436
6.3758498085921	0.76104538950796
6.3663720110427	0.76095812673610
6.3569223494487	0.76087106294857
6.3475006987084	0.76078419894694
6.3381069344609	0.76069753553451
6.3287409330800	0.76061107351624
6.3194025716695	0.76052481369873
6.3100917280572	0.76043875689015
6.3008082807902	0.76035290390018
6.2915521091291	0.76026725553996
6.2823230930427	0.76018181262202
6.2731211132036	0.76009657596028
6.2639460509820	0.76001154636991
6.2547977884415	0.75992672466735
6.2456762083333	0.75984211167019
6.2365811940919	0.75975770819718
6.2275126298297	0.75967351506809
6.2184704003319	0.75958953310374
6.2094543910522	0.75950576312589
6.2004644881075	0.75942220595716
6.1915005782734	0.75933886242105
6.1825625489792	0.75925573334180
6.1736502883031	0.75917281954437
6.1647636849681	0.75909012185439
6.1559026283368	0.75900764109806
6.1470670084068	0.75892537810212
6.1382567158067	0.75884333369381
6.1294716417910	0.75876150870076
6.1207116782360	0.75867990395094
6.1119767176351	0.75859852027263
6.1032666530945	0.75851735849435
6.0945813783289	0.75843641944477
6.0859207876573	0.75835570395268
6.0772847759984	0.75827521284689
6.0686732388664	0.75819494695624
6.0600860723671	0.75811490710944
6.0515231731934	0.75803509413511
6.0429844386212	0.75795550886163
6.0344697665056	0.75787615211714
6.0259790552764	0.75779702472945
6.0175122039342	0.75771812752597
6.0090691120465	0.75763946133368
6.0006496797438	0.75756102697902
5.9922538077154	0.75748282528789
5.9838813972056	0.75740485708553
5.9755323500100	0.75732712319649
5.9672065684713	0.75724962444456
5.9589039554760	0.75717236165270
5.9506244144502	0.75709533564299
5.9423678493558	0.75701854723657
5.9341341646873	0.75694199725356
5.9259232654675	0.75686568651301
5.9177350572444	0.75678961583285
5.9095694460871	0.75671378602981
5.9014263385827	0.75663819791936
5.8933056418321	0.75656285231565
5.8852072634472	0.75648775003148
5.8771311115468	0.75641289187817
5.8690770947533	0.75633827866558
5.8610451221896	0.75626391120198
5.8530351034752	0.75618979029403
5.8450469487229	0.75611591674672
5.8370805685358	0.75604229136328
5.8291358740035	0.75596891494516
5.8212127766990	0.75589578829193
5.8133111886756	0.75582291220126
5.8054310224632	0.75575028746882
5.7975721910656	0.75567791488826
5.7897346079567	0.75560579525112
5.7819181870781	0.75553392934680
5.7741228428351	0.75546231796249
5.7663484900942	0.75539096188308
5.7585950441798	0.75531986189117
5.7508624208709	0.75524901876696
5.7431505363985	0.75517843328821
5.7354593074421	0.75510810623017
5.7277886511272	0.75503803836556
5.7201384850219	0.75496823046448
5.7125087271341	0.75489868329436
5.7048992959087	0.75482939761993
5.6973101102242	0.75476037420312
5.6897410893908	0.75469161380306
5.6821921531463	0.75462311717598
5.6746632216544	0.75455488507517
5.6671542155009	0.75448691825097
5.6596650556919	0.75441921745063
5.6521956636501	0.75435178341836
5.6447459612126	0.75428461689517
5.6373158706281	0.75421771861893
5.6299053145540	0.75415108932424
5.6225142160540	0.75408472974240
5.6151424985952	0.75401864060138
5.6077900860456	0.75395282262574
5.6004569026714	0.75388727653662
5.5931428731343	0.75382200305166
5.5858479224893	0.75375700288495
5.5785719761816	0.75369227674701
5.5713149600446	0.75362782534473
5.5640768002970	0.75356364938130
5.5568574235403	0.75349974955623
5.5496567567568	0.75343612656521
5.5424747273063	0.75337278110016
5.5353112629247	0.75330971384912
5.5281662917204	0.75324692549625
5.5210397421731	0.75318441672174
5.5139315431304	0.75312218820183
5.5068416238060	0.75306024060870
5.4997699137773	0.75299857461048
5.4927163429828	0.75293719087121
5.4856808417200	0.75287609005074
5.4786633406433	0.75281527280478
5.4716637707611	0.75275473978479
5.4646820634342	0.75269449163797
5.4577181503732	0.75263452900723
5.4507719636364	0.75257485253112
5.4438434356274	0.75251546284385
5.4369324990932	0.75245636057520
5.4300390871219	0.75239754635052
5.4231631331404	0.75233902079066
5.4163045709124	0.75228078451200
5.4094633345363	0.75222283812634
5.4026393584430	0.75216518224092
5.3958325773938	0.75210781745837
5.3890429264785	0.75205074437670
5.3822703411131	0.75199396358922
5.3755147570378	0.75193747568456
5.3687761103152	0.75188128124664
5.3620543373278	0.75182538085460
5.3553493747767	0.75176977508282
5.3486611596789	0.75171446450085
5.3419896293656	0.75165944967342
5.3353347214807	0.75160473116040
5.3286963739780	0.75155030951678
5.3220745251198	0.75149618529263
5.3154691134752	0.75144235903310
5.3088800779175	0.75138883127838
5.3023073576229	0.75133560256369
5.2957508920685	0.75128267341925
5.2892106210303	0.75123004437026
5.2826864845815	0.75117771593690
5.2761784230905	0.75112568863426
5.2696863772192	0.75107396297240
5.2632102879213	0.75102253945625
5.2567500964405	0.75097141858566
5.2503057443082	0.75092060085534
5.2438771733427	0.75087008675488
5.2374643256464	0.75081987676868
5.2310671436050	0.75076997137602
5.2246855698850	0.75072037105095
5.2183195474326	0.75067107626236
5.2119690194715	0.75062208747394
5.2056339295016	0.75057340514413
5.1993142212973	0.75052502972617
5.1930098389052	0.75047696166806
5.1867207266436	0.75042920141256
5.1804468290997	0.75038174939717
5.1741880911288	0.75033460605413
5.1679444578521	0.75028777181042
5.1617158746556	0.75024124708774
5.1555022871883	0.75019503230253
5.1493036413604	0.75014912786592
5.1431198833419	0.75010353418379
5.1369509595613	0.75005825165671
5.1307968167037	0.75001328067996
5.1246574017094	0.74996862164354
5.1185326617722	0.74992427493215
5.1124225443383	0.74988024092520
5.1063269971044	0.74983651999682
5.1002459680163	0.74979311251583
5.0941794052676	0.74975001884577
5.0881272572980	0.74970723934492
5.0820894727920	0.74966477436624
5.0760660006773	0.74962262425743
5.0700567901235	0.74958078936094
5.0640617905405	0.74953927001392
5.0580809515775	0.74949806654829
5.0521142231210	0.74945717929071
5.0461615552937	0.74941660856258
5.0402228984533	0.74937635468009
5.0342982031906	0.74933641795418
5.0283874203287	0.74929679869061
5.0224905009214	0.74925749718990
5.0166073962517	0.74921851374739
5.0107380578305	0.74917984865325
5.0048824373957	0.74914150219247
4.9990404869101	0.74910347464488
4.9932121585610	0.74906576628520
4.9873974047579	0.74902837738298
4.9815961781323	0.74899130820269
4.9758084315353	0.74895455900371
4.9700341180371	0.74891813004033
4.9642731909256	0.74888202156178
4.9585256037049	0.74884623381226
4.9527913100942	0.74881076703094
4.9470702640264	0.74877562145200
4.9413624196473	0.74874079730462
4.9356677313138	0.74870629481302
4.9299861535932	0.74867211419651
4.9243176412615	0.74863825566945
4.9186621493027	0.74860471944132
4.9130196329072	0.74857150571671
4.9073900474709	0.74853861469540
4.9017733485939	0.74850604657232
4.8961694920790	0.74847380153759
4.8905784339315	0.74844187977660
4.8850001303569	0.74841028146996
4.8794345377604	0.74837900679357
4.8738816127459	0.74834805591865
4.8683413121143	0.74831742901173
4.8628135928629	0.74828712623475
4.8572984121841	0.74825714774501
4.8517957274640	0.74822749369525
4.8463054962819	0.74819816423366
4.8408276764088	0.74816915950391
4.8353622258065	0.74814047964522
4.8299091026261	0.74811212479231
4.8244682652076	0.74808409507553
4.8190396720784	0.74805639062083
4.8136232819525	0.74802901154980
4.8082190537289	0.74800195797971
4.8028269464915	0.74797523002358
4.7974469195071	0.74794882779015
4.7920789322251	0.74792275138397
4.7867229442759	0.74789700090541
4.7813789154705	0.74787157645069
4.7760468057989	0.74784647811194
4.7707265754297	0.74782170597724
4.7654181847083	0.74779726013063
4.7601215941569	0.74777314065215
4.7548367644726	0.74774934761792
4.7495636565272	0.74772588110012
4.7443022313657	0.74770274116710
4.7390524502055	0.74767992788335
4.7338142744355	0.74765744130959
4.7285876656151	0.74763528150277
4.7233725854735	0.74761344851616
4.7181689959081	0.74759194239934
4.7129768589844	0.74757076319830
4.7077961369347	0.74754991095542
4.7026267921569	0.74752938570956
4.6974687872140	0.74750918749608
4.6923220848333	0.74748931634688
4.6871866479049	0.74746977229048
4.6820624394815	0.74745055535202
4.6769494227769	0.74743166555332
4.6718475611657	0.74741310291292
4.6667568181818	0.74739486744616
4.6616771575183	0.74737695916516
4.6566085430258	0.74735937807894
4.6515509387122	0.74734212419340
4.6465043087415	0.74732519751142
4.6414686174330	0.74730859803284
4.6364438292607	0.74729232575459
4.6314299088522	0.74727638067068
4.6264268209877	0.74726076277225
4.6214345305997	0.74724547204765
4.6164530027718	0.74723050848245
4.6114822027380	0.74721587205950
4.6065220958820	0.74720156275900
4.6015726477360	0.74718758055852
4.5966338239804	0.74717392543304
4.5917055904426	0.74716059735506
4.5867879130967	0.74714759629455
4.5818807580621	0.74713492221910
4.5769840916031	0.74712257509389
4.5720978801281	0.74711055488179
4.5672220901889	0.74709886154337
4.5623566884797	0.74708749503699
4.5575016418364	0.74707645531881
4.5526569172361	0.74706574234286
4.5478224817961	0.74705535606110
4.5429983027731	0.74704529642342
4.5381843475628	0.74703556337777
4.5333805836988	0.74702615687012
4.5285869788520	0.74701707684457
4.5238035008299	0.74700832324339
4.5190301175761	0.74699989600705
4.5142667971691	0.74699179507427
4.5095135078219	0.74698402038210
4.5047702178813	0.74697657186592
4.5000368958271	0.74696944945956
4.4953135102714	0.74696265309526
4.4906000299581	0.74695618270378
4.4858964237618	0.74695003821445
4.4812026606876	0.74694421955518
4.4765187098701	0.74693872665253
4.4718445405728	0.74693355943179
4.4671801221875	0.74692871781695
4.4625254242334	0.74692420173083
4.4578804163569	0.74692001109508
4.4532450683304	0.74691614583025
4.4486193500519	0.74691260585581
4.4440032315446	0.74690939109023
4.4393966829557	0.74690650145101
4.4347996745562	0.74690393685472
4.4302121767401	0.74690169721708
4.4256341600236	0.74689978245297
4.4210655950450	0.74689819247647
4.4165064525633	0.74689692720095
4.4119567034584	0.74689598653909
4.4074163187298	0.74689537040291
4.4028852694963	0.74689507870384
4.3983635269953	0.74689511135276
4.3938510625824	0.74689546826002
4.3893478477306	0.74689614933554
4.3848538540295	0.74689715448878
4.3803690531853	0.74689848362885
4.3758934170194	0.74690013666449
4.3714269174686	0.74690211350419
4.3669695265841	0.74690441405614
4.3625212165309	0.74690703822837
4.3580819595871	0.74690998592870
4.3536517281441	0.74691325706484
4.3492304947048	0.74691685154442
4.3448182318841	0.74692076927499
4.3404149124077	0.74692501016414
4.3360205091119	0.74692957411944
4.3316349949429	0.74693446104856
4.3272583429561	0.74693967085927
4.3228905263158	0.74694520345949
4.3185315182944	0.74695105875730
4.3141812922723	0.74695723666101
4.3098398217366	0.74696373707919
4.3055070802815	0.74697055992069
4.3011830416069	0.74697770509467
4.2968676795184	0.74698517251066
4.2925609679267	0.74699296207857
4.2882628808468	0.74700107370875
4.2839733923978	0.74700950731198
4.2796924768023	0.74701826279953
4.2754201083856	0.74702734008320
4.2711562615757	0.74703673907532
4.2669009109024	0.74704645968880
4.2626540309967	0.74705650183714
4.2584155965909	0.74706686543450
4.2541855825174	0.74707755039566
4.2499639637085	0.74708855663611
4.2457507151961	0.74709988407205
4.2415458121109	0.74711153262040
4.2373492296820	0.74712350219884
4.2331609432364	0.74713579272584
4.2289809281986	0.74714840412066
4.2248091600902	0.74716133630341
4.2206456145291	0.74717458919502
4.2164902672293	0.74718816271729
4.2123430940003	0.74720205679291
4.2082040707468	0.74721627134548
4.2040731734680	0.74723080629951
4.1999503782572	0.74724566158044
4.1958356613016	0.74726083711468
4.1917289988814	0.74727633282958
4.1876303673697	0.74729214865351
4.1835397432319	0.74730828451578
4.1794571030252	0.74732474034675
4.1753824233983	0.74734151607777
4.1713156810909	0.74735861164122
4.1672568529330	0.74737602697051
4.1632059158450	0.74739376200010
4.1591628468368	0.74741181666548
4.1551276230076	0.74743019090321
4.1511002215453	0.74744888465090
4.1470806197261	0.74746789784722
4.1430687949143	0.74748723043190
4.1390647245616	0.74750688234575
4.1350683862069	0.74752685353063
4.1310797574755	0.74754714392948
4.1270988160793	0.74756775348627
4.1231255398157	0.74758868214606
4.1191599065677	0.74760992985496
4.1152018943034	0.74763149656012
4.1112514810752	0.74765338220975
4.1073086450199	0.74767558675307
4.1033733643581	0.74769811014034
4.0994456173937	0.74772095232285
4.0955253825137	0.74774411325287
4.0916126381875	0.74776759288368
4.0877073629670	0.74779139116953
4.0838095354856	0.74781550806565
4.0799191344584	0.74783994352820
4.0760361386812	0.74786469751427
4.0721605270307	0.74788976998188
4.0682922784638	0.74791516088991
4.0644313720174	0.74794087019816
4.0605777868075	0.74796689786722
4.0567315020298	0.74799324385855
4.0528924969582	0.74801990813438
4.0490607509454	0.74804689065772
4.0452362434219	0.74807419139233
4.0414189538959	0.74810181030268
4.0376088619529	0.74812974735392
4.0338059472551	0.74815800251186
4.0300101895416	0.74818657574292
4.0262215686274	0.74821546701411
4.0224400644036	0.74824467629297
4.0186656568365	0.74827420354759
4.0148983259676	0.74830404874648
4.0111380519133	0.74833421185860
4.0073848148643	0.74836469285333
4.0036385950855	0.74839549170033
3.9998993729153	0.74842660836962
3.9961671287657	0.74845804283143
3.9924418431216	0.74848979505622
3.9887234965407	0.74852186501460
3.9850120696531	0.74855425267728
3.9813075431607	0.74858695801501
3.9776098978373	0.74861998099857
3.9739191145281	0.74865332159866
3.9702351741491	0.74868697978587
3.9665580576872	0.74872095553062
3.9628877461996	0.74875524880310
3.9592242208135	0.74878985957318
3.9555674627260	0.74882478781042
3.9519174532033	0.74886003348391
3.9482741735809	0.74889559656227
3.9446376052632	0.74893147701358
3.9410077297226	0.74896767480527
3.9373845285001	0.74900418990408
3.9337679832043	0.74904102227598
3.9301580755113	0.74907817188608
3.9265547871644	0.74911563869859
3.9229580999738	0.74915342267672
3.9193679958164	0.74919152378259
3.9157844566353	0.74922994197715
3.9122074644395	0.74926867722014
3.9086370013038	0.74930772946994
3.9050730493682	0.74934709868354
3.9015155908381	0.74938678481641
3.8979646079834	0.74942678782245
3.8944200831385	0.74946710765387
3.8908819987021	0.74950774426110
3.8873503371369	0.74954869759271
3.8838250809690	0.74958996759529
3.8803062127880	0.74963155421339
3.8767937152463	0.74967345738937
3.8732875710594	0.74971567706336
3.8697877630050	0.74975821317308
3.8662942739231	0.74980106565381
3.8628070867156	0.74984423443824
3.8593261843460	0.74988771945637
3.8558515498392	0.74993152063541
3.8523831662812	0.74997563789965
3.8489210168186	0.75002007117037
3.8454650846588	0.75006482036569
3.8420153530693	0.75010988540048
3.8385718053777	0.75015526618626
3.8351344249712	0.75020096263102
3.8317031952965	0.75024697463915
3.8282780998595	0.75029330211128
3.8248591222251	0.75033994494420
3.8214462460166	0.75038690303066
3.8180394549159	0.75043417625933
3.8146387326632	0.75048176451458
3.8112440630562	0.75052966767641
3.8078554299505	0.75057788562029
3.8044728172589	0.75062641821701
3.8010962089514	0.75067526533258
3.7977255890550	0.75072442682805
3.7943609416530	0.75077390255938
3.7910022508852	0.75082369237731
3.7876495009476	0.75087379612720
3.7843026760919	0.75092421364888
3.7809617606256	0.75097494477650
3.7776267389113	0.75102598933840
3.7742975953670	0.75107734715693
3.7709743144654	0.75112901804830
3.7676568807339	0.75118100182243
3.7643452787544	0.75123329828280
3.7610394931627	0.75128590722626
3.7577395086488	0.75133882844290
3.7544453099562	0.75139206171585
3.7511568818819	0.75144560682116
3.7478742092762	0.75149946352759
3.7445972770422	0.75155363159647
3.7413260701360	0.75160811078150
3.7380605735661	0.75166290082860
3.7348007723932	0.75171800147571
3.7315466517301	0.75177341245266
3.7282981967417	0.75182913348093
3.7250553926441	0.75188516427352
3.7218182247052	0.75194150453473
3.7185866782436	0.75199815396000
3.7153607386293	0.75205511223571
3.7121403912828	0.75211237903900
3.7089256216751	0.75216995403759
3.7057164153276	0.75222783688955
3.7025127578115	0.75228602724316
3.6993146347483	0.75234452473666
3.6961220318087	0.75240332899810
3.6929349347130	0.75246243964511
3.6897533292308	0.75252185628472
3.6865772011805	0.75258157851314
3.6834065364295	0.75264160591557
3.6802413208937	0.75270193806598
3.6770815405372	0.75276257452691
3.6739271813725	0.75282351484927
3.6707782294600	0.75288475857210
3.6676346709078	0.75294630522241
3.6644964918714	0.75300815431490
3.6613636785540	0.75307030535178
3.6582362172056	0.75313275782256
3.6551140941234	0.75319551120381
3.6519972956511	0.75325856495894
3.6488858081792	0.75332191853798
3.6457796181442	0.75338557137737
3.6426787120292	0.75344952289970
3.6395830763628	0.75351377251353
3.6364926977196	0.75357831961311
3.6334075627197	0.75364316357816
3.6303276580286	0.75370830377367
3.6272529703569	0.75377373954962
3.6241834864603	0.75383947024079
3.6211191931393	0.75390549516646
3.6180600772387	0.75397181363024
3.6150061256481	0.75403842491978
3.6119573253012	0.75410532830652
3.6089136631756	0.75417252304550
3.6058751262930	0.75424000837505
3.6028417017185	0.75430778351661
3.5998133765610	0.75437584767439
3.5967901379724	0.75444420003521
3.5937719731479	0.75451283976820
3.5907588693257	0.75458176602453
3.5877508137865	0.75465097793722
3.5847477938539	0.75472047462080
3.5817497968937	0.75479025517112
3.5787568103140	0.75486031866505
3.5757688215649	0.75493066416022
3.5727858181385	0.75500129069480
3.5698077875685	0.75507219728716
3.5668347174301	0.75514338293568
3.5638665953400	0.75521484661844
3.5609034089559	0.75528658729296
3.5579451459767	0.75535860389592
3.5549917941421	0.75543089534291
3.5520433412322	0.75550346052816
3.5490997750681	0.75557629832421
3.5461610835108	0.75564940758173
3.5432272544616	0.75572278712914
3.5402982758621	0.75579643577243
3.5373741356932	0.75587035229478
3.5344548219759	0.75594453545639
3.5315403227706	0.75601898399409
3.5286306261770	0.75609369662114
3.5257257203340	0.75616867202689
3.5228255934195	0.75624390887654
3.5199302336503	0.75631940581081
3.5170396292820	0.75639516144570
3.5141537686086	0.75647117437215
3.5112726399625	0.75654744315579
3.5083962317145	0.75662396633662
3.5055245322732	0.75670074242876
3.5026575300853	0.75677776992010
3.4997952136353	0.75685504727205
3.4969375714452	0.75693257291923
3.4940845920746	0.75701034526918
3.4912362641202	0.75708836270204
3.4883925762160	0.75716662357030
3.4855535170329	0.75724512619843
3.4827190752788	0.75732386888267
3.4798892396982	0.75740284989064
3.4770639990721	0.75748206746111
3.4742433422181	0.75756151980366
3.4714272579898	0.75764120509837
3.4686157352771	0.75772112149556
3.4658087630058	0.75780126711543
3.4630063301375	0.75788164004781
3.4602084256694	0.75796223835181
3.4574150386345	0.75804306005554
3.4546261581009	0.75812410315579
3.4518417731721	0.75820536561772
3.4490618729867	0.75828684537458
3.4462864467180	0.75836854032736
3.4435154835745	0.75845044834451
3.4407489727993	0.75853256726163
3.4379869036697	0.75861489488114
3.4352292654979	0.75869742897199
3.4324760476300	0.75878016726934
3.4297272394463	0.75886310747424
3.4269828303612	0.75894624725334
3.4242428098230	0.75902958423858
3.4215071673134	0.75911311602683
3.4187758923480	0.75919684017964
3.4160489744758	0.75928075422289
3.4133264032791	0.75936485564651
3.4106081683732	0.75944914190411
3.4078942594066	0.75953361041272
3.4051846660609	0.75961825855247
3.4024793780502	0.75970308366626
3.3997783851213	0.75978808305944
3.3970816770538	0.75987325399953
3.3943892436594	0.75995859371589
3.3917010747822	0.76004409939939
3.3890171602984	0.76012976820213
3.3863374901163	0.76021559723710
3.3836620541761	0.76030158357789
3.3809908424495	0.76038772425836
3.3783238449403	0.76047401627235
3.3756610516834	0.76056045657335
3.3730024527453	0.76064704207417
3.3703480382237	0.76073376964669
3.3676977982476	0.76082063612151
3.3650517229768	0.76090763828762
3.3624098026021	0.76099477289215
3.3597720273451	0.76108203664001
3.3571383874580	0.76116942619360
3.3545088732237	0.76125693817251
3.3518834749553	0.76134456915321
3.3492621829963	0.76143231566875
3.3466449877205	0.76152017420843
3.3440318795315	0.76160814121752
3.3414228488631	0.76169621309697
3.3388178861789	0.76178438620307
3.3362169819720	0.76187265684718
3.3336201267653	0.76196102129541
3.3310273111111	0.76204947576833
