#Parameters = {thARC=0.4; nARC=3; thsub=1; p=1; nSub=2.5}
#"Wavelength / um"	"T (375) [Real Part]"
#---------------------------------------
14.989622900000	0.78015112430629
14.937342202292	0.77995148365549
14.885424925521	0.77975082709229
14.833867293419	0.77954916811346
14.782665581854	0.77934652013748
14.731816117936	0.77914289650439
14.681315279138	0.77893831047548
14.631159492435	0.77873277523315
14.581345233463	0.77852630388071
14.531869025691	0.77831890944217
14.482727439614	0.77811060486207
14.433917091960	0.77790140300535
14.385434644914	0.77769131665719
14.337276805356	0.77748035852286
14.289440324118	0.77726854122759
14.241921995249	0.77705587731650
14.194718655303	0.77684237925446
14.147827182633	0.77662805942599
14.101244496707	0.77641293013520
14.054967557431	0.77619700360574
14.008993364486	0.77598029198067
13.963318956684	0.77576280732250
13.917941411328	0.77554456161306
13.872857843591	0.77532556675356
13.828065405904	0.77510583456449
13.783561287356	0.77488537678566
13.739342713107	0.77466420507620
13.695406943810	0.77444233101454
13.651751275046	0.77421976609846
13.608373036768	0.77399652174510
13.565269592760	0.77377260929101
13.522438340099	0.77354803999218
13.479876708633	0.77332282502413
13.437582160466	0.77309697548195
13.395552189455	0.77287050238036
13.353784320713	0.77264341665384
13.312276110124	0.77241572915668
13.271025143869	0.77218745066309
13.230029037952	0.77195859186734
13.189285437747	0.77172916338383
13.148792017544	0.77149917574723
13.108546480105	0.77126863941263
13.068546556234	0.77103756475566
13.028790004346	0.77080596207267
12.989274610052	0.77057384158084
12.949998185745	0.77034121341837
12.910958570198	0.77010808764466
12.872153628167	0.76987447424046
12.833581250000	0.76964038310810
12.795239351259	0.76940582407163
12.757125872340	0.76917080687704
12.719238778108	0.76893534119250
12.681576057530	0.76869943660851
12.644135723323	0.76846310263817
12.606915811606	0.76822634871738
12.569914381551	0.76798918420509
12.533129515050	0.76775161838353
12.496559316382	0.76751366045843
12.460201911887	0.76727531955932
12.424055449648	0.76703660473975
12.388118099174	0.76679752497756
12.352388051092	0.76655808917516
12.316863516845	0.76631830615978
12.281542728390	0.76607818468378
12.246423937908	0.76583773342489
12.211505417515	0.76559696098655
12.176785458976	0.76535587589818
12.142262373431	0.76511448661546
12.107934491115	0.76487280152067
12.073800161095	0.76463082892298
12.039857751004	0.76438857705878
12.006105646776	0.76414605409196
11.972542252396	0.76390326811427
11.939165989646	0.76366022714566
11.905975297855	0.76341693913455
11.872968633663	0.76317341195823
11.840144470774	0.76292965342316
11.807501299724	0.76268567126533
11.775037627651	0.76244147315062
11.742751978065	0.76219706667513
11.710642890625	0.76195245936552
11.678708920919	0.76170765867942
11.646948640249	0.76146267200575
11.615360635413	0.76121750666509
11.583943508501	0.76097216991009
11.552695876686	0.76072666892577
11.521616372022	0.76048101082996
11.490703641242	0.76023520267365
11.459956345566	0.75998925144137
11.429373160503	0.75974316405159
11.398952775665	0.75949694735707
11.368693894577	0.75925060814531
11.338595234493	0.75900415313889
11.308655526217	0.75875758899586
11.278873513920	0.75851092231021
11.249247954972	0.75826415961216
11.219777619760	0.75801730736867
11.190461291527	0.75777037198376
11.161297766195	0.75752335979897
11.132285852209	0.75727627709372
11.103424370370	0.75702913008578
11.074712153676	0.75678192493162
11.046148047163	0.75653466772686
11.017730907755	0.75628736450668
10.989459604106	0.75604002124622
10.961333016453	0.75579264386102
10.933350036470	0.75554523820743
10.905509567115	0.75529781008301
10.877810522496	0.75505036522700
10.850251827723	0.75480290932068
10.822832418773	0.75455544798787
10.795551242348	0.75430798679528
10.768407255747	0.75406053125297
10.741399426729	0.75381308681481
10.714526733381	0.75356565887883
10.687788163993	0.75331825278774
10.661182716927	0.75307087382927
10.634709400497	0.75282352723667
10.608367232838	0.75257621818910
10.582155241793	0.75232895181210
10.556072464789	0.75208173317796
10.530117948718	0.75183456730623
10.504290749825	0.75158745916406
10.478589933590	0.75134041366674
10.453014574616	0.75109343567804
10.427563756522	0.75084653001068
10.402236571825	0.75059970142679
10.377032121841	0.75035295463828
10.351949516575	0.75010629430733
10.326987874612	0.74985972504681
10.302146323024	0.74961325142068
10.277423997257	0.74936687794446
10.252820041040	0.74912060908564
10.228333606278	0.74887444926414
10.203963852961	0.74862840285269
10.179709949066	0.74838247417733
10.155571070461	0.74813666751777
10.131546400811	0.74789098710788
10.107635131490	0.74764543713608
10.083836461487	0.74740002174578
10.060149597315	0.74715474503580
10.036573752929	0.74690961106085
10.013108149633	0.74666462383186
9.9897520159947	0.74641978731649
9.9665045877660	0.74617510543953
9.9433651077944	0.74593058208329
9.9203328259431	0.74568622108808
9.8974069990096	0.74544202625259
9.8745868906456	0.74519800133432
9.8518717712783	0.74495415005002
9.8292609180328	0.74471047607608
9.8067536146549	0.74446698304896
9.7843491514360	0.74422367456562
9.7620468251384	0.74398055418391
9.7398459389214	0.74373762542299
9.7177458022690	0.74349489176377
9.6957457309185	0.74325235664928
9.6738450467893	0.74301002348510
9.6520430779137	0.74276789563978
9.6303391583681	0.74252597644522
9.6087326282051	0.74228426919709
9.5872228333866	0.74204277715525
9.5658091257179	0.74180150354411
9.5444908627826	0.74156045155306
9.5232674078780	0.74131962433689
9.5021381299525	0.74107902501613
9.4811024035421	0.74083865667748
9.4601596087094	0.74059852237421
9.4393091309824	0.74035862512655
9.4185503612944	0.74011896792205
9.3978826959248	0.73987955371600
9.3773055364404	0.73964038543181
9.3568182896380	0.73940146596139
9.3364203674868	0.73916279816553
9.3161111870727	0.73892438487429
9.2958901705426	0.73868622888736
9.2757567450495	0.73844833297446
9.2557103426984	0.73821069987571
9.2357504004929	0.73797333230198
9.2158763602828	0.73773623293530
9.1960876687117	0.73749940442917
9.1763837771656	0.73726284940901
9.1567641417227	0.73702657047244
9.1372282231027	0.73679057018969
9.1177754866180	0.73655485110395
9.0984054021244	0.73631941573172
9.0791174439733	0.73608426656318
9.0599110909640	0.73584940606254
9.0407858262967	0.73561483666837
9.0217411375263	0.73538056079397
9.0027765165165	0.73514658082772
8.9838914593947	0.73491289913342
8.9650854665072	0.73467951805059
8.9463580423754	0.73444643989490
8.9277086956522	0.73421366695843
8.9091369390788	0.73398120151001
8.8906422894425	0.73374904579560
8.8722242675348	0.73351720203858
8.8538823981099	0.73328567244009
8.8356162098438	0.73305445917935
8.8174252352941	0.73282356441401
8.7993090108600	0.73259299028041
8.7812670767428	0.73236273889397
8.7632989769073	0.73213281234946
8.7454042590432	0.73190321272130
8.7275824745269	0.73167394206394
8.7098331783847	0.73144500241209
8.6921559292549	0.73121639578107
8.6745502893519	0.73098812416708
8.6570158244297	0.73076018954757
8.6395521037464	0.73053259388143
8.6221587000288	0.73030533910939
8.6048351894374	0.73007842715425
8.5875811515325	0.72985185992119
8.5703961692396	0.72962563929806
8.5532798288160	0.72939976715564
8.5362317198178	0.72917424534797
8.5192514350668	0.72894907571260
8.5023385706183	0.72872426007086
8.4854927257288	0.72849980022814
8.4687135028249	0.72827569797419
8.4520005074711	0.72805195508336
8.4353533483399	0.72782857331486
8.4187716371806	0.72760555441305
8.4022549887892	0.72738290010770
8.3858030209790	0.72716061211423
8.3694153545505	0.72693869213397
8.3530916132627	0.72671714185444
8.3368314238042	0.72649596294957
8.3206344157646	0.72627515707996
8.3045002216066	0.72605472589314
8.2884284766381	0.72583467102379
8.2724188189845	0.72561499409399
8.2564708895621	0.72539569671347
8.2405843320506	0.72517678047982
8.2247587928669	0.72495824697878
8.2089939211391	0.72474009778437
8.1932893686800	0.72452233445922
8.1776447899618	0.72430495855476
8.1620598420909	0.72408797161139
8.1465341847826	0.72387137515880
8.1310674803363	0.72365517071609
8.1156593936113	0.72343935979205
8.1003095920022	0.72322394388536
8.0850177454153	0.72300892448477
8.0697835262450	0.72279430306933
8.0546066093498	0.72258008110861
8.0394866720300	0.72236626006287
8.0244233940043	0.72215284138328
8.0094164573871	0.72193982651211
7.9944655466667	0.72172721688292
7.9795703486825	0.72151501392075
7.9647305526036	0.72130321904235
7.9499458499072	0.72109183365629
7.9352159343568	0.72088085916321
7.9205405019815	0.72067029695599
7.9059192510549	0.72046014841988
7.8913518820742	0.72025041493275
7.8768380977404	0.72004109786522
7.8623776029373	0.71983219858082
7.8479701047120	0.71962371843621
7.8336153122550	0.71941565878129
7.8193129368805	0.71920802095941
7.8050626920073	0.71900080630749
7.7908642931393	0.71879401615621
7.7767174578470	0.71858765183016
7.7626219057483	0.71838171464800
7.7485773584906	0.71817620592258
7.7345835397317	0.71797112696114
7.7206401751223	0.71776647906541
7.7067469922879	0.71756226353177
7.6929037208109	0.71735848165142
7.6791100922131	0.71715513471048
7.6653658399386	0.71695222399014
7.6516706993364	0.71674975076682
7.6380244076433	0.71654771631226
7.6244267039674	0.71634612189368
7.6108773292714	0.71614496877390
7.5973760263558	0.71594425821147
7.5839225398432	0.71574399146078
7.5705166161616	0.71554416977221
7.5571580035291	0.71534479439220
7.5438464519376	0.71514586656341
7.5305817131374	0.71494738752484
7.5173635406219	0.71474935851188
7.5041916896120	0.71455178075651
7.4910659170415	0.71435465548733
7.4779859815415	0.71415798392969
7.4649516434263	0.71396176730582
7.4519626646781	0.71376600683490
7.4390188089330	0.71357070373317
7.4261198414664	0.71337585921401
7.4132655291790	0.71318147448807
7.4004556405826	0.71298755076334
7.3876899457861	0.71279408924523
7.3749682164822	0.71260109113668
7.3622902259332	0.71240855763822
7.3496557489581	0.71221648994811
7.3370645619187	0.71202488926233
7.3245164427071	0.71183375677475
7.3120111707317	0.71164309367716
7.2995485269053	0.71145290115935
7.2871282936315	0.71126318040920
7.2747502547925	0.71107393261273
7.2624141957364	0.71088515895419
7.2501199032648	0.71069686061611
7.2378671656205	0.71050903877940
7.2256557724753	0.71032169462336
7.2134855149182	0.71013482932578
7.2013561854432	0.70994844406299
7.1892675779376	0.70976254000995
7.1772194876706	0.70957711834022
7.1652117112811	0.70939218022612
7.1532440467669	0.70920772683872
7.1413162934731	0.70902375934788
7.1294282520809	0.70884027892237
7.1175797245964	0.70865728672982
7.1057705143399	0.70847478393686
7.0940004259347	0.70829277170909
7.0822692652965	0.70811125121116
7.0705768396226	0.70793022360683
7.0589229573817	0.70774969005893
7.0473074283028	0.70756965172949
7.0357300633654	0.70739010977972
7.0241906747891	0.70721106537004
7.0126890760234	0.70703251966016
7.0012250817375	0.70685447380905
6.9897985078107	0.70667692897502
6.9784091713222	0.70649988631571
6.9670568905415	0.70632334698812
6.9557414849188	0.70614731214867
6.9444627750753	0.70597178295318
6.9332205827937	0.70579676055690
6.9220147310090	0.70562224611455
6.9108450437990	0.70544824078032
6.8997113463751	0.70527474570789
6.8886134650735	0.70510176205042
6.8775512273457	0.70492929096063
6.8665244617499	0.70475733359074
6.8555329979419	0.70458589109251
6.8445766666667	0.70441496461727
6.8336552997493	0.70424455531588
6.8227687300865	0.70407466433878
6.8119167916383	0.70390529283598
6.8010993194192	0.70373644195704
6.7903161494904	0.70356811285112
6.7795671189507	0.70340030666693
6.7688520659291	0.70323302455277
6.7581708295762	0.70306626765651
6.7475232500563	0.70290003712559
6.7369091685393	0.70273433410700
6.7263284271932	0.70256915974731
6.7157808691756	0.70240451519264
6.7052663386267	0.70224040158863
6.6947846806610	0.70207682008050
6.6843357413601	0.70191377181297
6.6739193677649	0.70175125793027
6.6635354078684	0.70158927957614
6.6531837106081	0.70142783789382
6.6428641258586	0.70126693402601
6.6325765044248	0.70110656911488
6.6223206980340	0.70094674430203
6.6120965593295	0.70078746072850
6.6019039418630	0.70062871953472
6.5917427000879	0.70047052186052
6.5816126893524	0.70031286884510
6.5715137658922	0.70015576162697
6.5614457868243	0.69999920134401
6.5514086101399	0.69984318913336
6.5414020946978	0.69968772613145
6.5314261002179	0.69953281347395
6.5214804872743	0.69937845229575
6.5115651172893	0.69922464373095
6.5016798525266	0.69907138891279
6.4918245560849	0.69891868897367
6.4819990918919	0.69876654504508
6.4722033246978	0.69861495825760
6.4624371200690	0.69846392974086
6.4527003443823	0.69831346062347
6.4429928648184	0.69816355203305
6.4333145493562	0.69801420509617
6.4236652667667	0.69786542093828
6.4140448866068	0.69771720068374
6.4044532792138	0.69756954545574
6.3948903156997	0.69742245637627
6.3853558679446	0.69727593456608
6.3758498085921	0.69712998114467
6.3663720110427	0.69698459723022
6.3569223494487	0.69683978393955
6.3475006987084	0.69669554238811
6.3381069344609	0.69655187368992
6.3287409330800	0.69640877895752
6.3194025716695	0.69626625930194
6.3100917280572	0.69612431583268
6.3008082807902	0.69598294965761
6.2915521091291	0.69584216188299
6.2823230930427	0.69570195361338
6.2731211132036	0.69556232595163
6.2639460509820	0.69542327999880
6.2547977884415	0.69528481685416
6.2456762083333	0.69514693761509
6.2365811940919	0.69500964337709
6.2275126298297	0.69487293523368
6.2184704003319	0.69473681427642
6.2094543910522	0.69460128159478
6.2004644881075	0.69446633827616
6.1915005782734	0.69433198540582
6.1825625489792	0.69419822406682
6.1736502883031	0.69406505533998
6.1647636849681	0.69393248030384
6.1559026283368	0.69380050003461
6.1470670084068	0.69366911560609
6.1382567158067	0.69353832808967
6.1294716417910	0.69340813855425
6.1207116782360	0.69327854806618
6.1119767176351	0.69314955768924
6.1032666530945	0.69302116848457
6.0945813783289	0.69289338151062
6.0859207876573	0.69276619782310
6.0772847759984	0.69263961847493
6.0686732388664	0.69251364451621
6.0600860723671	0.69238827699411
6.0515231731934	0.69226351695288
6.0429844386212	0.69213936543379
6.0344697665056	0.69201582347503
6.0259790552764	0.69189289211170
6.0175122039342	0.69177057237577
6.0090691120465	0.69164886529597
6.0006496797438	0.69152777189781
5.9922538077154	0.69140729320346
5.9838813972056	0.69128743023176
5.9755323500100	0.69116818399812
5.9672065684713	0.69104955551448
5.9589039554760	0.69093154578927
5.9506244144502	0.69081415582736
5.9423678493558	0.69069738662997
5.9341341646873	0.69058123919468
5.9259232654675	0.69046571451532
5.9177350572444	0.69035081358195
5.9095694460871	0.69023653738078
5.9014263385827	0.69012288689417
5.8933056418321	0.69000986310052
5.8852072634472	0.68989746697425
5.8771311115468	0.68978569948574
5.8690770947533	0.68967456160129
5.8610451221896	0.68956405428303
5.8530351034752	0.68945417848892
5.8450469487229	0.68934493517268
5.8370805685358	0.68923632528371
5.8291358740035	0.68912834976709
5.8212127766990	0.68902100956347
5.8133111886756	0.68891430560908
5.8054310224632	0.68880823883564
5.7975721910656	0.68870281017033
5.7897346079567	0.68859802053571
5.7819181870781	0.68849387084972
5.7741228428351	0.68839036202557
5.7663484900942	0.68828749497176
5.7585950441798	0.68818527059196
5.7508624208709	0.68808368978502
5.7431505363985	0.68798275344489
5.7354593074421	0.68788246246056
5.7277886511272	0.68778281771605
5.7201384850219	0.68768382009036
5.7125087271341	0.68758547045736
5.7048992959087	0.68748776968583
5.6973101102242	0.68739071863935
5.6897410893908	0.68729431817629
5.6821921531463	0.68719856914975
5.6746632216544	0.68710347240751
5.6671542155009	0.68700902879198
5.6596650556919	0.68691523914019
5.6521956636501	0.68682210428369
5.6447459612126	0.68672962504857
5.6373158706281	0.68663780225536
5.6299053145540	0.68654663671901
5.6225142160540	0.68645612924887
5.6151424985952	0.68636628064859
5.6077900860456	0.68627709171614
5.6004569026714	0.68618856324373
5.5931428731343	0.68610069601779
5.5858479224893	0.68601349081890
5.5785719761816	0.68592694842178
5.5713149600446	0.68584106959525
5.5640768002970	0.68575585510216
5.5568574235403	0.68567130569938
5.5496567567568	0.68558742213776
5.5424747273063	0.68550420516208
5.5353112629247	0.68542165551101
5.5281662917204	0.68533977391709
5.5210397421731	0.68525856110667
5.5139315431304	0.68517801779991
5.5068416238060	0.68509814471071
5.4997699137773	0.68501894254669
5.4927163429828	0.68494041200914
5.4856808417200	0.68486255379303
5.4786633406433	0.68478536858693
5.4716637707611	0.68470885707297
5.4646820634342	0.68463301992688
5.4577181503732	0.68455785781787
5.4507719636364	0.68448337140866
5.4438434356274	0.68440956135542
5.4369324990932	0.68433642830775
5.4300390871219	0.68426397290864
5.4231631331404	0.68419219579447
5.4163045709124	0.68412109759494
5.4094633345363	0.68405067893308
5.4026393584430	0.68398094042520
5.3958325773938	0.68391188268086
5.3890429264785	0.68384350630288
5.3822703411131	0.68377581188727
5.3755147570378	0.68370880002321
5.3687761103152	0.68364247129308
5.3620543373278	0.68357682627237
5.3553493747767	0.68351186552967
5.3486611596789	0.68344758962670
5.3419896293656	0.68338399911821
5.3353347214807	0.68332109455203
5.3286963739780	0.68325887646899
5.3220745251198	0.68319734540295
5.3154691134752	0.68313650188075
5.3088800779175	0.68307634642219
5.3023073576229	0.68301687954004
5.2957508920685	0.68295810173999
5.2892106210303	0.68290001352066
5.2826864845815	0.68284261537357
5.2761784230905	0.68278590778310
5.2696863772192	0.68272989122654
5.2632102879213	0.68267456617402
5.2567500964405	0.68261993308850
5.2503057443082	0.68256599242580
5.2438771733427	0.68251274463453
5.2374643256464	0.68246019015613
5.2310671436050	0.68240832942481
5.2246855698850	0.68235716286760
5.2183195474326	0.68230669090427
5.2119690194715	0.68225691394737
5.2056339295016	0.68220783240222
5.1993142212973	0.68215944666688
5.1930098389052	0.68211175713216
5.1867207266436	0.68206476418159
5.1804468290997	0.68201846819145
5.1741880911288	0.68197286953074
5.1679444578521	0.68192796856119
5.1617158746556	0.68188376563721
5.1555022871883	0.68184026110599
5.1493036413604	0.68179745530737
5.1431198833419	0.68175534857393
5.1369509595613	0.68171394123096
5.1307968167037	0.68167323359645
5.1246574017094	0.68163322598111
5.1185326617722	0.68159391868835
5.1124225443383	0.68155531201428
5.1063269971044	0.68151740624774
5.1002459680163	0.68148020167028
5.0941794052676	0.68144369855617
5.0881272572980	0.68140789717240
5.0820894727920	0.68137279777869
5.0760660006773	0.68133840062748
5.0700567901235	0.68130470596397
5.0640617905405	0.68127171402609
5.0580809515775	0.68123942504453
5.0521142231210	0.68120783924272
5.0461615552937	0.68117695683689
5.0402228984533	0.68114677803602
5.0342982031906	0.68111730304188
5.0283874203287	0.68108853204906
5.0224905009214	0.68106046524493
5.0166073962517	0.68103310280970
5.0107380578305	0.68100644491639
5.0048824373957	0.68098049173089
4.9990404869101	0.68095524341193
4.9932121585610	0.68093070011111
4.9873974047579	0.68090686197293
4.9815961781323	0.68088372913478
4.9758084315353	0.68086130172698
4.9700341180371	0.68083957987276
4.9642731909256	0.68081856368833
4.9585256037049	0.68079825328284
4.9527913100942	0.68077864875846
4.9470702640264	0.68075975021032
4.9413624196473	0.68074155772662
4.9356677313138	0.68072407138857
4.9299861535932	0.68070729127047
4.9243176412615	0.68069121743969
4.9186621493027	0.68067584995670
4.9130196329072	0.68066118887513
4.9073900474709	0.68064723424173
4.9017733485939	0.68063398609643
4.8961694920790	0.68062144447239
4.8905784339315	0.68060960939595
4.8850001303569	0.68059848088673
4.8794345377604	0.68058805895761
4.8738816127459	0.68057834361477
4.8683413121143	0.68056933485771
4.8628135928629	0.68056103267931
4.8572984121841	0.68055343706579
4.8517957274640	0.68054654799681
4.8463054962819	0.68054036544545
4.8408276764088	0.68053488937827
4.8353622258065	0.68053011975531
4.8299091026261	0.68052605653015
4.8244682652076	0.68052269964990
4.8190396720784	0.68052004905529
4.8136232819525	0.68051810468064
4.8082190537289	0.68051686645393
4.8028269464915	0.68051633429682
4.7974469195071	0.68051650812470
4.7920789322251	0.68051738784668
4.7867229442759	0.68051897336566
4.7813789154705	0.68052126457837
4.7760468057989	0.68052426137537
4.7707265754297	0.68052796364112
4.7654181847083	0.68053237125398
4.7601215941569	0.68053748408628
4.7548367644726	0.68054330200433
4.7495636565272	0.68054982486849
4.7443022313657	0.68055705253315
4.7390524502055	0.68056498484682
4.7338142744355	0.68057362165216
4.7285876656151	0.68058296278599
4.7233725854735	0.68059300807933
4.7181689959081	0.68060375735749
4.7129768589844	0.68061521044005
4.7077961369347	0.68062736714092
4.7026267921569	0.68064022726837
4.6974687872140	0.68065379062512
4.6923220848333	0.68066805700830
4.6871866479049	0.68068302620955
4.6820624394815	0.68069869801504
4.6769494227769	0.68071507220551
4.6718475611657	0.68073214855630
4.6667568181818	0.68074992683744
4.6616771575183	0.68076840681362
4.6566085430258	0.68078758824430
4.6515509387122	0.68080747088369
4.6465043087415	0.68082805448085
4.6414686174330	0.68084933877969
4.6364438292607	0.68087132351904
4.6314299088522	0.68089400843268
4.6264268209877	0.68091739324937
4.6214345305997	0.68094147769294
4.6164530027718	0.68096626148227
4.6114822027380	0.68099174433139
4.6065220958820	0.68101792594948
4.6015726477360	0.68104480604096
4.5966338239804	0.68107238430547
4.5917055904426	0.68110066043799
4.5867879130967	0.68112963412883
4.5818807580621	0.68115930506370
4.5769840916031	0.68118967292373
4.5720978801281	0.68122073738554
4.5672220901889	0.68125249812129
4.5623566884797	0.68128495479868
4.5575016418364	0.68131810708105
4.5526569172361	0.68135195462739
4.5478224817961	0.68138649709240
4.5429983027731	0.68142173412653
4.5381843475628	0.68145766537601
4.5333805836988	0.68149429048293
4.5285869788520	0.68153160908526
4.5238035008299	0.68156962081689
4.5190301175761	0.68160832530770
4.5142667971691	0.68164772218357
4.5095135078219	0.68168781106647
4.5047702178813	0.68172859157445
4.5000368958271	0.68177006332174
4.4953135102714	0.68181222591876
4.4906000299581	0.68185507897217
4.4858964237618	0.68189862208491
4.4812026606876	0.68194285485626
4.4765187098701	0.68198777688188
4.4718445405728	0.68203338775385
4.4671801221875	0.68207968706070
4.4625254242334	0.68212667438748
4.4578804163569	0.68217434931578
4.4532450683304	0.68222271142380
4.4486193500519	0.68227176028636
4.4440032315446	0.68232149547498
4.4393966829557	0.68237191655787
4.4347996745562	0.68242302310004
4.4302121767401	0.68247481466329
4.4256341600236	0.68252729080626
4.4210655950450	0.68258045108450
4.4165064525633	0.68263429505049
4.4119567034584	0.68268882225366
4.4074163187298	0.68274403224048
4.4028852694963	0.68279992455447
4.3983635269953	0.68285649873622
4.3938510625824	0.68291375432349
4.3893478477306	0.68297169085118
4.3848538540295	0.68303030785142
4.3803690531853	0.68308960485359
4.3758934170194	0.68314958138436
4.3714269174686	0.68321023696772
4.3669695265841	0.68327157112502
4.3625212165309	0.68333358337503
4.3580819595871	0.68339627323394
4.3536517281441	0.68345964021541
4.3492304947048	0.68352368383063
4.3448182318841	0.68358840358832
4.3404149124077	0.68365379899477
4.3360205091119	0.68371986955389
4.3316349949429	0.68378661476725
4.3272583429561	0.68385403413408
4.3228905263158	0.68392212715133
4.3185315182944	0.68399089331369
4.3141812922723	0.68406033211362
4.3098398217366	0.68413044304140
4.3055070802815	0.68420122558512
4.3011830416069	0.68427267923076
4.2968676795184	0.68434480346218
4.2925609679267	0.68441759776116
4.2882628808468	0.68449106160744
4.2839733923978	0.68456519447871
4.2796924768023	0.68463999585070
4.2754201083856	0.68471546519713
4.2711562615757	0.68479160198979
4.2669009109024	0.68486840569854
4.2626540309967	0.68494587579135
4.2584155965909	0.68502401173429
4.2541855825174	0.68510281299159
4.2499639637085	0.68518227902564
4.2457507151961	0.68526240929702
4.2415458121109	0.68534320326448
4.2373492296820	0.68542466038504
4.2331609432364	0.68550678011392
4.2289809281986	0.68558956190462
4.2248091600902	0.68567300520890
4.2206456145291	0.68575710947680
4.2164902672293	0.68584187415668
4.2123430940003	0.68592729869520
4.2082040707468	0.68601338253734
4.2040731734680	0.68610012512643
4.1999503782572	0.68618752590415
4.1958356613016	0.68627558431052
4.1917289988814	0.68636429978393
4.1876303673697	0.68645367176117
4.1835397432319	0.68654369967737
4.1794571030252	0.68663438296606
4.1753824233983	0.68672572105917
4.1713156810909	0.68681771338701
4.1672568529330	0.68691035937827
4.1632059158450	0.68700365846007
4.1591628468368	0.68709761005791
4.1551276230076	0.68719221359566
4.1511002215453	0.68728746849562
4.1470806197261	0.68738337417845
4.1430687949143	0.68747993006321
4.1390647245616	0.68757713556734
4.1350683862069	0.68767499010664
4.1310797574755	0.68777349309528
4.1270988160793	0.68787264394579
4.1231255398157	0.68797244206902
4.1191599065677	0.68807288687418
4.1152018943034	0.68817397776879
4.1112514810752	0.68827571415867
4.1073086450199	0.68837809544794
4.1033733643581	0.68848112103897
4.0994456173937	0.68858479033242
4.0955253825137	0.68868910272714
4.0916126381875	0.68879405762024
4.0877073629670	0.68889965440700
4.0838095354856	0.68900589248086
4.0799191344584	0.68911277123341
4.0760361386812	0.68922029005438
4.0721605270307	0.68932844833156
4.0682922784638	0.68943724545080
4.0644313720174	0.68954668079602
4.0605777868075	0.68965675374908
4.0567315020298	0.68976746368987
4.0528924969582	0.68987880999614
4.0490607509454	0.68999079204360
4.0452362434219	0.69010340920577
4.0414189538959	0.69021666085401
4.0376088619529	0.69033054635744
4.0338059472551	0.69044506508292
4.0300101895416	0.69056021639501
4.0262215686274	0.69067599965590
4.0224400644036	0.69079241422538
4.0186656568365	0.69090945946079
4.0148983259676	0.69102713471697
4.0111380519133	0.69114543934619
4.0073848148643	0.69126437269812
4.0036385950855	0.69138393411979
3.9998993729153	0.69150412295547
3.9961671287657	0.69162493854668
3.9924418431216	0.69174638023209
3.9887234965407	0.69186844734747
3.9850120696531	0.69199113922563
3.9813075431607	0.69211445519633
3.9776098978373	0.69223839458626
3.9739191145281	0.69236295671893
3.9702351741491	0.69248814091462
3.9665580576872	0.69261394649028
3.9628877461996	0.69274037275951
3.9592242208135	0.69286741903242
3.9555674627260	0.69299508461560
3.9519174532033	0.69312336881202
3.9482741735809	0.69325227092095
3.9446376052632	0.69338179023787
3.9410077297226	0.69351192605441
3.9373845285001	0.69364267765825
3.9337679832043	0.69377404433299
3.9301580755113	0.69390602535814
3.9265547871644	0.69403862000895
3.9229580999738	0.69417182755638
3.9193679958164	0.69430564726695
3.9157844566353	0.69444007840267
3.9122074644395	0.69457512022093
3.9086370013038	0.69471077197441
3.9050730493682	0.69484703291097
3.9015155908381	0.69498390227352
3.8979646079834	0.69512137929996
3.8944200831385	0.69525946322301
3.8908819987021	0.69539815327015
3.8873503371369	0.69553744866349
3.8838250809690	0.69567734861964
3.8803062127880	0.69581785234959
3.8767937152463	0.69595895905861
3.8732875710594	0.69610066794612
3.8697877630050	0.69624297820557
3.8662942739231	0.69638588902428
3.8628070867156	0.69652939958335
3.8593261843460	0.69667350905753
3.8558515498392	0.69681821661506
3.8523831662812	0.69696352141754
3.8489210168186	0.69710942261982
3.8454650846588	0.69725591936982
3.8420153530693	0.69740301080842
3.8385718053777	0.69755069606931
3.8351344249712	0.69769897427884
3.8317031952965	0.69784784455586
3.8282780998595	0.69799730601160
3.8248591222251	0.69814735774949
3.8214462460166	0.69829799886500
3.8180394549159	0.69844922844552
3.8146387326632	0.69860104557018
3.8112440630562	0.69875344930967
3.8078554299505	0.69890643872611
3.8044728172589	0.69906001287286
3.8010962089514	0.69921417079437
3.7977255890550	0.69936891152599
3.7943609416530	0.69952423409382
3.7910022508852	0.69968013751451
3.7876495009476	0.69983662079511
3.7843026760919	0.69999368293288
3.7809617606256	0.70015132291509
3.7776267389113	0.70030953971887
3.7742975953670	0.70046833231100
3.7709743144654	0.70062769964773
3.7676568807339	0.70078764067459
3.7643452787544	0.70094815432619
3.7610394931627	0.70110923952604
3.7577395086488	0.70127089518633
3.7544453099562	0.70143312020775
3.7511568818819	0.70159591347929
3.7478742092762	0.70175927387803
3.7445972770422	0.70192320026890
3.7413260701360	0.70208769150453
3.7380605735661	0.70225274642501
3.7348007723932	0.70241836385766
3.7315466517301	0.70258454261685
3.7282981967417	0.70275128150376
3.7250553926441	0.70291857930614
3.7218182247052	0.70308643479813
3.7185866782436	0.70325484674002
3.7153607386293	0.70342381387800
3.7121403912828	0.70359333494396
3.7089256216751	0.70376340865524
3.7057164153276	0.70393403371439
3.7025127578115	0.70410520880897
3.6993146347483	0.70427693261125
3.6961220318087	0.70444920377804
3.6929349347130	0.70462202095037
3.6897533292308	0.70479538275332
3.6865772011805	0.70496928779572
3.6834065364295	0.70514373466990
3.6802413208937	0.70531872195147
3.6770815405372	0.70549424819904
3.6739271813725	0.70567031195397
3.6707782294600	0.70584691174010
3.6676346709078	0.70602404606350
3.6644964918714	0.70620171341221
3.6613636785540	0.70637991225595
3.6582362172056	0.70655864104587
3.6551140941234	0.70673789821428
3.6519972956511	0.70691768217437
3.6488858081792	0.70709799131991
3.6457796181442	0.70727882402502
3.6426787120292	0.70746017864387
3.6395830763628	0.70764205351037
3.6364926977196	0.70782444693792
3.6334075627197	0.70800735721911
3.6303276580286	0.70819078262542
3.6272529703569	0.70837472140695
3.6241834864603	0.70855917179212
3.6211191931393	0.70874413198734
3.6180600772387	0.70892960017678
3.6150061256481	0.70911557452198
3.6119573253012	0.70930205316165
3.6089136631756	0.70948903421127
3.6058751262930	0.70967651576284
3.6028417017185	0.70986449588456
3.5998133765610	0.71005297262051
3.5967901379724	0.71024194399033
3.5937719731479	0.71043140798893
3.5907588693257	0.71062136258614
3.5877508137865	0.71081180572643
3.5847477938539	0.71100273532854
3.5817497968937	0.71119414928520
3.5787568103140	0.71138604546277
3.5757688215649	0.71157842170094
3.5727858181385	0.71177127581238
3.5698077875685	0.71196460558242
3.5668347174301	0.71215840876870
3.5638665953400	0.71235268310085
3.5609034089559	0.71254742628015
3.5579451459767	0.71274263597919
3.5549917941421	0.71293830984151
3.5520433412322	0.71313444548129
3.5490997750681	0.71333104048298
3.5461610835108	0.71352809240093
3.5432272544616	0.71372559875912
3.5402982758621	0.71392355705072
3.5373741356932	0.71412196473779
3.5344548219759	0.71432081925089
3.5315403227706	0.71452011798878
3.5286306261770	0.71471985831799
3.5257257203340	0.71492003757251
3.5228255934195	0.71512065305342
3.5199302336503	0.71532170202851
3.5170396292820	0.71552318173194
3.5141537686086	0.71572508936382
3.5112726399625	0.71592742208994
3.5083962317145	0.71613017704129
3.5055245322732	0.71633335131376
3.5026575300853	0.71653694196776
3.4997952136353	0.71674094602782
3.4969375714452	0.71694536048221
3.4940845920746	0.71715018228262
3.4912362641202	0.71735540834370
3.4883925762160	0.71756103554275
3.4855535170329	0.71776706071931
3.4827190752788	0.71797348067475
3.4798892396982	0.71818029217196
3.4770639990721	0.71838749193487
3.4742433422181	0.71859507664815
3.4714272579898	0.71880304295677
3.4686157352771	0.71901138746562
3.4658087630058	0.71922010673916
3.4630063301375	0.71942919730095
3.4602084256694	0.71963865563334
3.4574150386345	0.71984847817703
3.4546261581009	0.72005866133069
3.4518417731721	0.72026920145056
3.4490618729867	0.72048009485007
3.4462864467180	0.72069133779941
3.4435154835745	0.72090292652518
3.4407489727993	0.72111485720995
3.4379869036697	0.72132712599188
3.4352292654979	0.72153972896433
3.4324760476300	0.72175266217543
3.4297272394463	0.72196592162772
3.4269828303612	0.72217950327771
3.4242428098230	0.72239340303549
3.4215071673134	0.72260761676436
3.4187758923480	0.72282214028037
3.4160489744758	0.72303696935197
3.4133264032791	0.72325209969957
3.4106081683732	0.72346752699517
3.4078942594066	0.72368324686190
3.4051846660609	0.72389925487369
3.4024793780502	0.72411554655482
3.3997783851213	0.72433211737950
3.3970816770538	0.72454896277153
3.3943892436594	0.72476607810382
3.3917010747822	0.72498345869805
3.3890171602984	0.72520109982422
3.3863374901163	0.72541899670026
3.3836620541761	0.72563714449166
3.3809908424495	0.72585553831100
3.3783238449403	0.72607417321761
3.3756610516834	0.72629304421713
3.3730024527453	0.72651214626113
3.3703480382237	0.72673147424669
3.3676977982476	0.72695102301601
3.3650517229768	0.72717078735599
3.3624098026021	0.72739076199788
3.3597720273451	0.72761094161683
3.3571383874580	0.72783132083150
3.3545088732237	0.72805189420369
3.3518834749553	0.72827265623792
3.3492621829963	0.72849360138105
3.3466449877205	0.72871472402185
3.3440318795315	0.72893601849068
3.3414228488631	0.72915747905901
3.3388178861789	0.72937909993909
3.3362169819720	0.72960087528354
3.3336201267653	0.72982279918498
3.3310273111111	0.73004486567561
