#Parameters = {thARC=0.8; nARC=2.75; thsub=1; p=1; nSub=2.5}
#"Wavelength / um"	"T (371) [Real Part]"
#---------------------------------------
14.989622900000	0.77081289401212
14.937342202292	0.77067449532525
14.885424925521	0.77053440602359
14.833867293419	0.77039266639171
14.782665581854	0.77024931651572
14.731816117936	0.77010439627988
14.681315279138	0.76995794536333
14.631159492435	0.76981000323687
14.581345233463	0.76966060915983
14.531869025691	0.76950980217699
14.482727439614	0.76935762111567
14.433917091960	0.76920410458274
14.385434644914	0.76904929096188
14.337276805356	0.76889321841075
14.289440324118	0.76873592485841
14.241921995249	0.76857744800263
14.194718655303	0.76841782530746
14.147827182633	0.76825709400070
14.101244496707	0.76809529107159
14.054967557431	0.76793245326848
14.008993364486	0.76776861709662
13.963318956684	0.76760381881597
13.917941411328	0.76743809443918
13.872857843591	0.76727147972952
13.828065405904	0.76710401019898
13.783561287356	0.76693572110637
13.739342713107	0.76676664745553
13.695406943810	0.76659682399363
13.651751275046	0.76642628520944
13.608373036768	0.76625506533180
13.565269592760	0.76608319832805
13.522438340099	0.76591071790255
13.479876708633	0.76573765749536
13.437582160466	0.76556405028081
13.395552189455	0.76538992916631
13.353784320713	0.76521532679108
13.312276110124	0.76504027552505
13.271025143869	0.76486480746776
13.230029037952	0.76468895444736
13.189285437747	0.76451274801960
13.148792017544	0.76433621946700
13.108546480105	0.76415939979795
13.068546556234	0.76398231974594
13.028790004346	0.76380500976887
12.989274610052	0.76362750004834
12.949998185745	0.76344982048904
12.910958570198	0.76327200071821
12.872153628167	0.76309407008514
12.833581250000	0.76291605766070
12.795239351259	0.76273799223694
12.757125872340	0.76255990232679
12.719238778108	0.76238181616369
12.681576057530	0.76220376170142
12.644135723323	0.76202576661387
12.606915811606	0.76184785829490
12.569914381551	0.76167006385825
12.533129515050	0.76149241013748
12.496559316382	0.76131492368599
12.460201911887	0.76113763077703
12.424055449648	0.76096055740383
12.388118099174	0.76078372927970
12.352388051092	0.76060717183822
12.316863516845	0.76043091023346
12.281542728390	0.76025496934026
12.246423937908	0.76007937375448
12.211505417515	0.75990414779340
12.176785458976	0.75972931549610
12.142262373431	0.75955490062382
12.107934491115	0.75938092666051
12.073800161095	0.75920741681327
12.039857751004	0.75903439401289
12.006105646776	0.75886188091445
11.972542252396	0.75868989989790
11.939165989646	0.75851847306871
11.905975297855	0.75834762225856
11.872968633663	0.75817736902601
11.840144470774	0.75800773465730
11.807501299724	0.75783874016706
11.775037627651	0.75767040629917
11.742751978065	0.75750275352754
11.710642890625	0.75733580205703
11.678708920919	0.75716957182431
11.646948640249	0.75700408249877
11.615360635413	0.75683935348350
11.583943508501	0.75667540391625
11.552695876686	0.75651225267045
11.521616372022	0.75634991835620
11.490703641242	0.75618841932136
11.459956345566	0.75602777365262
11.429373160503	0.75586799917657
11.398952775665	0.75570911346088
11.368693894577	0.75555113381539
11.338595234493	0.75539407729334
11.308655526217	0.75523796069249
11.278873513920	0.75508280055639
11.249247954972	0.75492861317556
11.219777619760	0.75477541458881
11.190461291527	0.75462322058443
11.161297766195	0.75447204670152
11.132285852209	0.75432190823130
11.103424370370	0.75417282021842
11.074712153676	0.75402479746228
11.046148047163	0.75387785451843
11.017730907755	0.75373200569990
10.989459604106	0.75358726507862
10.961333016453	0.75344364648676
10.933350036470	0.75330116351824
10.905509567115	0.75315982953006
10.877810522496	0.75301965764380
10.850251827723	0.75288066074706
10.822832418773	0.75274285149490
10.795551242348	0.75260624231137
10.768407255747	0.75247084539092
10.741399426729	0.75233667269999
10.714526733381	0.75220373597844
10.687788163993	0.75207204674110
10.661182716927	0.75194161627929
10.634709400497	0.75181245566238
10.608367232838	0.75168457573929
10.582155241793	0.75155798714007
10.556072464789	0.75143270027746
10.530117948718	0.75130872534845
10.504290749825	0.75118607233583
10.478589933590	0.75106475100982
10.453014574616	0.75094477092959
10.427563756522	0.75082614144493
10.402236571825	0.75070887169776
10.377032121841	0.75059297062378
10.351949516575	0.75047844695407
10.326987874612	0.75036530921668
10.302146323024	0.75025356573828
10.277423997257	0.75014322464571
10.252820041040	0.75003429386766
10.228333606278	0.74992678113626
10.203963852961	0.74982069398870
10.179709949066	0.74971603976887
10.155571070461	0.74961282562899
10.131546400811	0.74951105853121
10.107635131490	0.74941074524925
10.083836461487	0.74931189237005
10.060149597315	0.74921450629537
10.036573752929	0.74911859324344
10.013108149633	0.74902415925059
9.9897520159947	0.74893121017284
9.9665045877660	0.74883975168759
9.9433651077944	0.74874978929521
9.9203328259431	0.74866132832066
9.8974069990096	0.74857437391514
9.8745868906456	0.74848893105770
9.8518717712783	0.74840500455683
9.8292609180328	0.74832259905216
9.8067536146549	0.74824171901599
9.7843491514360	0.74816236875495
9.7620468251384	0.74808455241158
9.7398459389214	0.74800827396600
9.7177458022690	0.74793353723742
9.6957457309185	0.74786034588583
9.6738450467893	0.74778870341354
9.6520430779137	0.74771861316679
9.6303391583681	0.74765007833735
9.6087326282051	0.74758310196408
9.5872228333866	0.74751768693454
9.5658091257179	0.74745383598654
9.5444908627826	0.74739155170972
9.5232674078780	0.74733083654712
9.5021381299525	0.74727169279673
9.4811024035421	0.74721412261306
9.4601596087094	0.74715812800866
9.4393091309824	0.74710371085570
9.4185503612944	0.74705087288749
9.3978826959248	0.74699961570001
9.3773055364404	0.74694994075344
9.3568182896380	0.74690184937367
9.3364203674868	0.74685534275382
9.3161111870727	0.74681042195577
9.2958901705426	0.74676708791162
9.2757567450495	0.74672534142519
9.2557103426984	0.74668518317354
9.2357504004929	0.74664661370841
9.2158763602828	0.74660963345771
9.1960876687117	0.74657424272700
9.1763837771656	0.74654044170091
9.1567641417227	0.74650823044462
9.1372282231027	0.74647760890528
9.1177754866180	0.74644857691348
9.0984054021244	0.74642113418464
9.0791174439733	0.74639528032045
9.0599110909640	0.74637101481027
9.0407858262967	0.74634833703253
9.0217411375263	0.74632724625616
9.0027765165165	0.74630774164193
8.9838914593947	0.74628982224386
8.9650854665072	0.74627348701057
8.9463580423754	0.74625873478666
8.9277086956522	0.74624556431405
8.9091369390788	0.74623397423334
8.8906422894425	0.74622396308512
8.8722242675348	0.74621552931132
8.8538823981099	0.74620867125654
8.8356162098438	0.74620338716932
8.8174252352941	0.74619967520347
8.7993090108600	0.74619753341936
8.7812670767428	0.74619695978521
8.7632989769073	0.74619795217833
8.7454042590432	0.74620050838642
8.7275824745269	0.74620462610882
8.7098331783847	0.74621030295774
8.6921559292549	0.74621753645953
8.6745502893519	0.74622632405587
8.6570158244297	0.74623666310500
8.6395521037464	0.74624855088297
8.6221587000288	0.74626198458476
8.6048351894374	0.74627696132555
8.5875811515325	0.74629347814187
8.5703961692396	0.74631153199275
8.5532798288160	0.74633111976092
8.5362317198178	0.74635223825395
8.5192514350668	0.74637488420538
8.5023385706183	0.74639905427587
8.4854927257288	0.74642474505432
8.4687135028249	0.74645195305897
8.4520005074711	0.74648067473853
8.4353533483399	0.74651090647327
8.4187716371806	0.74654264457609
8.4022549887892	0.74657588529361
8.3858030209790	0.74661062480722
8.3694153545505	0.74664685923417
8.3530916132627	0.74668458462858
8.3368314238042	0.74672379698249
8.3206344157646	0.74676449222689
8.3045002216066	0.74680666623276
8.2884284766381	0.74685031481203
8.2724188189845	0.74689543371861
8.2564708895621	0.74694201864937
8.2405843320506	0.74699006524512
8.2247587928669	0.74703956909159
8.2089939211391	0.74709052572036
8.1932893686800	0.74714293060984
8.1776447899618	0.74719677918619
8.1620598420909	0.74725206682425
8.1465341847826	0.74730878884847
8.1310674803363	0.74736694053381
8.1156593936113	0.74742651710666
8.1003095920022	0.74748751374570
8.0850177454153	0.74754992558280
8.0697835262450	0.74761374770389
8.0546066093498	0.74767897514980
8.0394866720300	0.74774560291714
8.0244233940043	0.74781362595915
8.0094164573871	0.74788303918648
7.9944655466667	0.74795383746805
7.9795703486825	0.74802601563187
7.9647305526036	0.74809956846582
7.9499458499072	0.74817449071844
7.9352159343568	0.74825077709975
7.9205405019815	0.74832842228197
7.9059192510549	0.74840742090033
7.8913518820742	0.74848776755379
7.8768380977404	0.74856945680582
7.8623776029373	0.74865248318509
7.8479701047120	0.74873684118625
7.8336153122550	0.74882252527059
7.8193129368805	0.74890952986677
7.8050626920073	0.74899784937156
7.7908642931393	0.74908747815043
7.7767174578470	0.74917841053832
7.7626219057483	0.74927064084026
7.7485773584906	0.74936416333204
7.7345835397317	0.74945897226086
7.7206401751223	0.74955506184598
7.7067469922879	0.74965242627932
7.6929037208109	0.74975105972611
7.6791100922131	0.74985095632550
7.6653658399386	0.74995211019114
7.6516706993364	0.75005451541181
7.6380244076433	0.75015816605195
7.6244267039674	0.75026305615230
7.6108773292714	0.75036917973042
7.5973760263558	0.75047653078124
7.5839225398432	0.75058510327764
7.5705166161616	0.75069489117099
7.5571580035291	0.75080588839164
7.5438464519376	0.75091808884946
7.5305817131374	0.75103148643438
7.5173635406219	0.75114607501682
7.5041916896120	0.75126184844827
7.4910659170415	0.75137880056172
7.4779859815415	0.75149692517212
7.4649516434263	0.75161621607691
7.4519626646781	0.75173666705642
7.4390188089330	0.75185827187434
7.4261198414664	0.75198102427817
7.4132655291790	0.75210491799961
7.4004556405826	0.75222994675504
7.3876899457861	0.75235610424589
7.3749682164822	0.75248338415908
7.3622902259332	0.75261178016736
7.3496557489581	0.75274128592978
7.3370645619187	0.75287189509198
7.3245164427071	0.75300360128664
7.3120111707317	0.75313639813378
7.2995485269053	0.75327027924116
7.2871282936315	0.75340523820461
7.2747502547925	0.75354126860835
7.2624141957364	0.75367836402535
7.2501199032648	0.75381651801762
7.2378671656205	0.75395572413654
7.2256557724753	0.75409597592319
7.2134855149182	0.75423726690858
7.2013561854432	0.75437959061401
7.1892675779376	0.75452294055131
7.1772194876706	0.75466731022312
7.1652117112811	0.75481269312316
7.1532440467669	0.75495908273647
7.1413162934731	0.75510647253971
7.1294282520809	0.75525485600133
7.1175797245964	0.75540422658186
7.1057705143399	0.75555457773410
7.0940004259347	0.75570590290336
7.0822692652965	0.75585819552769
7.0705768396226	0.75601144903801
7.0589229573817	0.75616565685840
7.0473074283028	0.75632081240622
7.0357300633654	0.75647690909232
7.0241906747891	0.75663394032122
7.0126890760234	0.75679189949125
7.0012250817375	0.75695077999474
6.9897985078107	0.75711057521815
6.9784091713222	0.75727127854223
6.9670568905415	0.75743288334216
6.9557414849188	0.75759538298767
6.9444627750753	0.75775877084315
6.9332205827937	0.75792304026783
6.9220147310090	0.75808818461582
6.9108450437990	0.75825419723625
6.8997113463751	0.75842107147336
6.8886134650735	0.75858880066660
6.8775512273457	0.75875737815071
6.8665244617499	0.75892679725579
6.8555329979419	0.75909705130739
6.8445766666667	0.75926813362655
6.8336552997493	0.75944003752988
6.8227687300865	0.75961275632962
6.8119167916383	0.75978628333366
6.8010993194192	0.75996061184560
6.7903161494904	0.76013573516479
6.7795671189507	0.76031164658634
6.7688520659291	0.76048833940115
6.7581708295762	0.76066580689595
6.7475232500563	0.76084404235327
6.7369091685393	0.76102303905150
6.7263284271932	0.76120279026482
6.7157808691756	0.76138328926328
6.7052663386267	0.76156452931272
6.6947846806610	0.76174650367478
6.6843357413601	0.76192920560688
6.6739193677649	0.76211262836219
6.6635354078684	0.76229676518963
6.6531837106081	0.76248160933376
6.6428641258586	0.76266715403483
6.6325765044248	0.76285339252864
6.6223206980340	0.76304031804658
6.6120965593295	0.76322792381552
6.6019039418630	0.76341620305773
6.5917427000879	0.76360514899090
6.5816126893524	0.76379475482798
6.5715137658922	0.76398501377714
6.5614457868243	0.76417591904172
6.5514086101399	0.76436746382011
6.5414020946978	0.76455964130566
6.5314261002179	0.76475244468663
6.5214804872743	0.76494586714606
6.5115651172893	0.76513990186168
6.5016798525266	0.76533454200580
6.4918245560849	0.76552978074523
6.4819990918919	0.76572561124114
6.4722033246978	0.76592202664896
6.4624371200690	0.76611902011828
6.4527003443823	0.76631658479267
6.4429928648184	0.76651471380965
6.4333145493562	0.76671340030046
6.4236652667667	0.76691263739001
6.4140448866068	0.76711241819672
6.4044532792138	0.76731273583236
6.3948903156997	0.76751358340195
6.3853558679446	0.76771495400358
6.3758498085921	0.76791684072830
6.3663720110427	0.76811923665995
6.3569223494487	0.76832213487503
6.3475006987084	0.76852552844252
6.3381069344609	0.76872941042375
6.3287409330800	0.76893377387223
6.3194025716695	0.76913861183349
6.3100917280572	0.76934391734494
6.3008082807902	0.76954968343568
6.2915521091291	0.76975590312634
6.2823230930427	0.76996256942895
6.2731211132036	0.77016967534671
6.2639460509820	0.77037721387386
6.2547977884415	0.77058517799552
6.2456762083333	0.77079356068747
6.2365811940919	0.77100235491603
6.2275126298297	0.77121155363784
6.2184704003319	0.77142114979972
6.2094543910522	0.77163113633846
6.2004644881075	0.77184150618068
6.1915005782734	0.77205225224262
6.1825625489792	0.77226336742996
6.1736502883031	0.77247484463766
6.1647636849681	0.77268667674978
6.1559026283368	0.77289885663927
6.1470670084068	0.77311137716782
6.1382567158067	0.77332423118568
6.1294716417910	0.77353741153144
6.1207116782360	0.77375091103189
6.1119767176351	0.77396472250181
6.1032666530945	0.77417883874384
6.0945813783289	0.77439325254821
6.0859207876573	0.77460795669264
6.0772847759984	0.77482294394215
6.0686732388664	0.77503820704882
6.0600860723671	0.77525373875170
6.0515231731934	0.77546953177655
6.0429844386212	0.77568557883574
6.0344697665056	0.77590187262799
6.0259790552764	0.77611840583829
6.0175122039342	0.77633517113765
6.0090691120465	0.77655216118297
6.0006496797438	0.77676936861685
5.9922538077154	0.77698678606743
5.9838813972056	0.77720440614825
5.9755323500100	0.77742222145801
5.9672065684713	0.77764022458050
5.9589039554760	0.77785840808437
5.9506244144502	0.77807676452300
5.9423678493558	0.77829528643435
5.9341341646873	0.77851396634077
5.9259232654675	0.77873279674889
5.9177350572444	0.77895177014946
5.9095694460871	0.77917087901717
5.9014263385827	0.77939011581057
5.8933056418321	0.77960947297185
5.8852072634472	0.77982894292677
5.8771311115468	0.78004851808449
5.8690770947533	0.78026819083743
5.8610451221896	0.78048795356118
5.8530351034752	0.78070779861434
5.8450469487229	0.78092771833841
5.8370805685358	0.78114770505765
5.8291358740035	0.78136775107902
5.8212127766990	0.78158784869200
5.8133111886756	0.78180799016854
5.8054310224632	0.78202816776293
5.7975721910656	0.78224837371167
5.7897346079567	0.78246860023346
5.7819181870781	0.78268883952901
5.7741228428351	0.78290908378103
5.7663484900942	0.78312932515411
5.7585950441798	0.78334955579463
5.7508624208709	0.78356976783074
5.7431505363985	0.78378995337223
5.7354593074421	0.78401010451051
5.7277886511272	0.78423021331854
5.7201384850219	0.78445027185074
5.7125087271341	0.78467027214302
5.7048992959087	0.78489020621265
5.6973101102242	0.78511006605829
5.6897410893908	0.78532984365991
5.6821921531463	0.78554953097880
5.6746632216544	0.78576911995750
5.6671542155009	0.78598860251984
5.6596650556919	0.78620797057090
5.6521956636501	0.78642721599700
5.6447459612126	0.78664633066572
5.6373158706281	0.78686530642588
5.6299053145540	0.78708413510759
5.6225142160540	0.78730280852224
5.6151424985952	0.78752131846254
5.6077900860456	0.78773965670253
5.6004569026714	0.78795781499768
5.5931428731343	0.78817578508483
5.5858479224893	0.78839355868236
5.5785719761816	0.78861112749015
5.5713149600446	0.78882848318970
5.5640768002970	0.78904561744420
5.5568574235403	0.78926252189858
5.5496567567568	0.78947918817960
5.5424747273063	0.78969560789597
5.5353112629247	0.78991177263844
5.5281662917204	0.79012767397987
5.5210397421731	0.79034330347541
5.5139315431304	0.79055865266255
5.5068416238060	0.79077371306130
5.4997699137773	0.79098847617430
5.4927163429828	0.79120293348698
5.4856808417200	0.79141707646769
5.4786633406433	0.79163089656788
5.4716637707611	0.79184438522225
5.4646820634342	0.79205753384894
5.4577181503732	0.79227033384969
5.4507719636364	0.79248277661003
5.4438434356274	0.79269485349952
5.4369324990932	0.79290655587190
5.4300390871219	0.79311787506532
5.4231631331404	0.79332880240259
5.4163045709124	0.79353932919136
5.4094633345363	0.79374944672440
5.4026393584430	0.79395914627982
5.3958325773938	0.79416841912134
5.3890429264785	0.79437725649853
5.3822703411131	0.79458564964710
5.3755147570378	0.79479358978918
5.3687761103152	0.79500106813358
5.3620543373278	0.79520807587612
5.3553493747767	0.79541460419990
5.3486611596789	0.79562064427565
5.3419896293656	0.79582618726201
5.3353347214807	0.79603122430587
5.3286963739780	0.79623574654275
5.3220745251198	0.79643974509707
5.3154691134752	0.79664321108256
5.3088800779175	0.79684613560261
5.3023073576229	0.79704850975064
5.2957508920685	0.79725032461047
5.2892106210303	0.79745157125672
5.2826864845815	0.79765224075520
5.2761784230905	0.79785232416333
5.2696863772192	0.79805181253053
5.2632102879213	0.79825069689868
5.2567500964405	0.79844896830249
5.2503057443082	0.79864661777002
5.2438771733427	0.79884363632307
5.2374643256464	0.79904001497764
5.2310671436050	0.79923574474444
5.2246855698850	0.79943081662931
5.2183195474326	0.79962522163375
5.2119690194715	0.79981895075538
5.2056339295016	0.80001199498844
5.1993142212973	0.80020434532432
5.1930098389052	0.80039599275209
5.1867207266436	0.80058692825897
5.1804468290997	0.80077714283090
5.1741880911288	0.80096662745310
5.1679444578521	0.80115537311059
5.1617158746556	0.80134337078875
5.1555022871883	0.80153061147392
5.1493036413604	0.80171708615394
5.1431198833419	0.80190278581875
5.1369509595613	0.80208770146099
5.1307968167037	0.80227182407657
5.1246574017094	0.80245514466533
5.1185326617722	0.80263765423162
5.1124225443383	0.80281934378491
5.1063269971044	0.80300020434047
5.1002459680163	0.80318022691998
5.0941794052676	0.80335940255218
5.0881272572980	0.80353772227355
5.0820894727920	0.80371517712892
5.0760660006773	0.80389175817222
5.0700567901235	0.80406745646707
5.0640617905405	0.80424226308757
5.0580809515775	0.80441616911888
5.0521142231210	0.80458916565802
5.0461615552937	0.80476124381452
5.0402228984533	0.80493239471117
5.0342982031906	0.80510260948470
5.0283874203287	0.80527187928658
5.0224905009214	0.80544019528368
5.0166073962517	0.80560754865906
5.0107380578305	0.80577393061271
5.0048824373957	0.80593933236233
4.9990404869101	0.80610374514404
4.9932121585610	0.80626716021320
4.9873974047579	0.80642956884517
4.9815961781323	0.80659096233608
4.9758084315353	0.80675133200366
4.9700341180371	0.80691066918798
4.9642731909256	0.80706896525229
4.9585256037049	0.80722621158383
4.9527913100942	0.80738239959459
4.9470702640264	0.80753752072222
4.9413624196473	0.80769156643076
4.9356677313138	0.80784452821154
4.9299861535932	0.80799639758395
4.9243176412615	0.80814716609635
4.9186621493027	0.80829682532687
4.9130196329072	0.80844536688424
4.9073900474709	0.80859278240872
4.9017733485939	0.80873906357287
4.8961694920790	0.80888420208247
4.8905784339315	0.80902818967737
4.8850001303569	0.80917101813236
4.8794345377604	0.80931267925804
4.8738816127459	0.80945316490172
4.8683413121143	0.80959246694827
4.8628135928629	0.80973057732104
4.8572984121841	0.80986748798273
4.8517957274640	0.81000319093627
4.8463054962819	0.81013767822576
4.8408276764088	0.81027094193731
4.8353622258065	0.81040297419999
4.8299091026261	0.81053376718671
4.8244682652076	0.81066331311513
4.8190396720784	0.81079160424858
4.8136232819525	0.81091863289695
4.8082190537289	0.81104439141761
4.8028269464915	0.81116887221633
4.7974469195071	0.81129206774819
4.7920789322251	0.81141397051851
4.7867229442759	0.81153457308374
4.7813789154705	0.81165386805240
4.7760468057989	0.81177184808601
4.7707265754297	0.81188850589997
4.7654181847083	0.81200383426453
4.7601215941569	0.81211782600567
4.7548367644726	0.81223047400606
4.7495636565272	0.81234177120593
4.7443022313657	0.81245171060403
4.7390524502055	0.81256028525857
4.7338142744355	0.81266748828806
4.7285876656151	0.81277331287232
4.7233725854735	0.81287775225333
4.7181689959081	0.81298079973619
4.7129768589844	0.81308244868999
4.7077961369347	0.81318269254877
4.7026267921569	0.81328152481241
4.6974687872140	0.81337893904753
4.6923220848333	0.81347492888841
4.6871866479049	0.81356948803789
4.6820624394815	0.81366261026826
4.6769494227769	0.81375428942219
4.6718475611657	0.81384451941359
4.6667568181818	0.81393329422851
4.6616771575183	0.81402060792604
4.6566085430258	0.81410645463922
4.6515509387122	0.81419082857584
4.6465043087415	0.81427372401940
4.6414686174330	0.81435513532994
4.6364438292607	0.81443505694492
4.6314299088522	0.81451348338008
4.6264268209877	0.81459040923030
4.6214345305997	0.81466582917044
4.6164530027718	0.81473973795621
4.6114822027380	0.81481213042500
4.6065220958820	0.81488300149672
4.6015726477360	0.81495234617460
4.5966338239804	0.81502015954608
4.5917055904426	0.81508643678356
4.5867879130967	0.81515117314524
4.5818807580621	0.81521436397593
4.5769840916031	0.81527600470783
4.5720978801281	0.81533609086134
4.5672220901889	0.81539461804582
4.5623566884797	0.81545158196038
4.5575016418364	0.81550697839462
4.5526569172361	0.81556080322943
4.5478224817961	0.81561305243773
4.5429983027731	0.81566372208516
4.5381843475628	0.81571280833088
4.5333805836988	0.81576030742827
4.5285869788520	0.81580621572563
4.5238035008299	0.81585052966690
4.5190301175761	0.81589324579234
4.5142667971691	0.81593436073926
4.5095135078219	0.81597387124262
4.5047702178813	0.81601177413579
4.5000368958271	0.81604806635112
4.4953135102714	0.81608274492063
4.4906000299581	0.81611580697666
4.4858964237618	0.81614724975243
4.4812026606876	0.81617707058273
4.4765187098701	0.81620526690447
4.4718445405728	0.81623183625729
4.4671801221875	0.81625677628412
4.4625254242334	0.81628008473178
4.4578804163569	0.81630175945151
4.4532450683304	0.81632179839950
4.4486193500519	0.81634019963745
4.4440032315446	0.81635696133309
4.4393966829557	0.81637208176066
4.4347996745562	0.81638555930140
4.4302121767401	0.81639739244406
4.4256341600236	0.81640757978533
4.4210655950450	0.81641612003034
4.4165064525633	0.81642301199304
4.4119567034584	0.81642825459667
4.4074163187298	0.81643184687416
4.4028852694963	0.81643378796852
4.3983635269953	0.81643407713322
4.3938510625824	0.81643271373259
4.3893478477306	0.81642969724213
4.3848538540295	0.81642502724888
4.3803690531853	0.81641870345175
4.3758934170194	0.81641072566181
4.3714269174686	0.81640109380259
4.3669695265841	0.81638980791038
4.3625212165309	0.81637686813447
4.3580819595871	0.81636227473741
4.3536517281441	0.81634602809525
4.3492304947048	0.81632812869777
4.3448182318841	0.81630857714864
4.3404149124077	0.81628737416565
4.3360205091119	0.81626452058087
4.3316349949429	0.81624001734079
4.3272583429561	0.81621386550649
4.3228905263158	0.81618606625372
4.3185315182944	0.81615662087304
4.3141812922723	0.81612553076991
4.3098398217366	0.81609279746475
4.3055070802815	0.81605842259298
4.3011830416069	0.81602240790511
4.2968676795184	0.81598475526670
4.2925609679267	0.81594546665843
4.2882628808468	0.81590454417604
4.2839733923978	0.81586199003032
4.2796924768023	0.81581780654707
4.2754201083856	0.81577199616704
4.2711562615757	0.81572456144583
4.2669009109024	0.81567550505380
4.2626540309967	0.81562482977598
4.2584155965909	0.81557253851191
4.2541855825174	0.81551863427550
4.2499639637085	0.81546312019487
4.2457507151961	0.81540599951214
4.2415458121109	0.81534727558327
4.2373492296820	0.81528695187781
4.2331609432364	0.81522503197865
4.2289809281986	0.81516151958182
4.2248091600902	0.81509641849614
4.2206456145291	0.81502973264302
4.2164902672293	0.81496146605605
4.2123430940003	0.81489162288076
4.2082040707468	0.81482020737422
4.2040731734680	0.81474722390473
4.1999503782572	0.81467267695138
4.1958356613016	0.81459657110369
4.1917289988814	0.81451891106119
4.1876303673697	0.81443970163299
4.1835397432319	0.81435894773730
4.1794571030252	0.81427665440101
4.1753824233983	0.81419282675916
4.1713156810909	0.81410747005445
4.1672568529330	0.81402058963673
4.1632059158450	0.81393219096245
4.1591628468368	0.81384227959409
4.1551276230076	0.81375086119961
4.1511002215453	0.81365794155185
4.1470806197261	0.81356352652789
4.1430687949143	0.81346762210847
4.1390647245616	0.81337023437731
4.1350683862069	0.81327136952046
4.1310797574755	0.81317103382562
4.1270988160793	0.81306923368144
4.1231255398157	0.81296597557681
4.1191599065677	0.81286126610012
4.1152018943034	0.81275511193851
4.1112514810752	0.81264751987713
4.1073086450199	0.81253849679832
4.1033733643581	0.81242804968083
4.0994456173937	0.81231618559901
4.0955253825137	0.81220291172195
4.0916126381875	0.81208823531267
4.0877073629670	0.81197216372723
4.0838095354856	0.81185470441382
4.0799191344584	0.81173586491193
4.0760361386812	0.81161565285137
4.0721605270307	0.81149407595137
4.0682922784638	0.81137114201962
4.0644313720174	0.81124685895133
4.0605777868075	0.81112123472822
4.0567315020298	0.81099427741754
4.0528924969582	0.81086599517106
4.0490607509454	0.81073639622405
4.0452362434219	0.81060548889421
4.0414189538959	0.81047328158066
4.0376088619529	0.81033978276283
4.0338059472551	0.81020500099940
4.0300101895416	0.81006894492717
4.0262215686274	0.80993162325997
4.0224400644036	0.80979304478751
4.0186656568365	0.80965321837426
4.0148983259676	0.80951215295828
4.0111380519133	0.80936985755002
4.0073848148643	0.80922634123117
4.0036385950855	0.80908161315345
3.9998993729153	0.80893568253739
3.9961671287657	0.80878855867109
3.9924418431216	0.80864025090901
3.9887234965407	0.80849076867067
3.9850120696531	0.80834012143944
3.9813075431607	0.80818831876122
3.9776098978373	0.80803537024314
3.9739191145281	0.80788128555229
3.9702351741491	0.80772607441436
3.9665580576872	0.80756974661237
3.9628877461996	0.80741231198524
3.9592242208135	0.80725378042652
3.9555674627260	0.80709416188297
3.9519174532033	0.80693346635323
3.9482741735809	0.80677170388638
3.9446376052632	0.80660888458056
3.9410077297226	0.80644501858157
3.9373845285001	0.80628011608146
3.9337679832043	0.80611418731705
3.9301580755113	0.80594724256853
3.9265547871644	0.80577929215798
3.9229580999738	0.80561034644796
3.9193679958164	0.80544041583995
3.9157844566353	0.80526951077294
3.9122074644395	0.80509764172191
3.9086370013038	0.80492481919633
3.9050730493682	0.80475105373865
3.9015155908381	0.80457635592280
3.8979646079834	0.80440073635261
3.8944200831385	0.80422420566033
3.8908819987021	0.80404677450507
3.8873503371369	0.80386845357123
3.8838250809690	0.80368925356694
3.8803062127880	0.80350918522250
3.8767937152463	0.80332825928883
3.8732875710594	0.80314648653584
3.8697877630050	0.80296387775084
3.8662942739231	0.80278044373701
3.8628070867156	0.80259619531170
3.8593261843460	0.80241114330488
3.8558515498392	0.80222529855753
3.8523831662812	0.80203867191996
3.8489210168186	0.80185127425024
3.8454650846588	0.80166311641254
3.8420153530693	0.80147420927545
3.8385718053777	0.80128456371043
3.8351344249712	0.80109419059005
3.8317031952965	0.80090310078642
3.8282780998595	0.80071130516946
3.8248591222251	0.80051881460530
3.8214462460166	0.80032563995456
3.8180394549159	0.80013179207069
3.8146387326632	0.79993728179829
3.8112440630562	0.79974211997145
3.8078554299505	0.79954631741204
3.8044728172589	0.79934988492801
3.8010962089514	0.79915283331173
3.7977255890550	0.79895517333829
3.7943609416530	0.79875691576378
3.7910022508852	0.79855807132359
3.7876495009476	0.79835865073074
3.7843026760919	0.79815866467414
3.7809617606256	0.79795812381691
3.7776267389113	0.79775703879466
3.7742975953670	0.79755542021375
3.7709743144654	0.79735327864963
3.7676568807339	0.79715062464511
3.7643452787544	0.79694746870863
3.7610394931627	0.79674382131254
3.7577395086488	0.79653969289143
3.7544453099562	0.79633509384036
3.7511568818819	0.79613003451317
3.7478742092762	0.79592452522079
3.7445972770422	0.79571857622947
3.7413260701360	0.79551219775909
3.7380605735661	0.79530539998147
3.7348007723932	0.79509819301862
3.7315466517301	0.79489058694103
3.7282981967417	0.79468259176599
3.7250553926441	0.79447421745585
3.7218182247052	0.79426547391630
3.7185866782436	0.79405637099472
3.7153607386293	0.79384691847841
3.7121403912828	0.79363712609292
3.7089256216751	0.79342700350035
3.7057164153276	0.79321656029762
3.7025127578115	0.79300580601483
3.6993146347483	0.79279475011352
3.6961220318087	0.79258340198499
3.6929349347130	0.79237177094864
3.6897533292308	0.79215986625024
3.6865772011805	0.79194769706029
3.6834065364295	0.79173527247234
3.6802413208937	0.79152260150128
3.6770815405372	0.79130969308173
3.6739271813725	0.79109655606632
3.6707782294600	0.79088319922408
3.6676346709078	0.79066963123875
3.6644964918714	0.79045586070716
3.6613636785540	0.79024189613753
3.6582362172056	0.79002774594793
3.6551140941234	0.78981341846453
3.6519972956511	0.78959892192005
3.6488858081792	0.78938426445214
3.6457796181442	0.78916945410169
3.6426787120292	0.78895449881131
3.6395830763628	0.78873940642366
3.6364926977196	0.78852418467989
3.6334075627197	0.78830884121802
3.6303276580286	0.78809338357140
3.6272529703569	0.78787781916707
3.6241834864603	0.78766215532424
3.6211191931393	0.78744639925272
3.6180600772387	0.78723055805135
3.6150061256481	0.78701463870645
3.6119573253012	0.78679864809030
3.6089136631756	0.78658259295959
3.6058751262930	0.78636647995391
3.6028417017185	0.78615031559423
3.5998133765610	0.78593410628139
3.5967901379724	0.78571785829462
3.5937719731479	0.78550157779001
3.5907588693257	0.78528527079909
3.5877508137865	0.78506894322730
3.5847477938539	0.78485260085258
3.5817497968937	0.78463624932388
3.5787568103140	0.78441989415975
3.5757688215649	0.78420354074688
3.5727858181385	0.78398719433871
3.5698077875685	0.78377086005398
3.5668347174301	0.78355454287538
3.5638665953400	0.78333824764812
3.5609034089559	0.78312197907855
3.5579451459767	0.78290574173283
3.5549917941421	0.78268954003555
3.5520433412322	0.78247337826836
3.5490997750681	0.78225726056870
3.5461610835108	0.78204119092842
3.5432272544616	0.78182517319249
3.5402982758621	0.78160921105772
3.5373741356932	0.78139330807146
3.5344548219759	0.78117746763031
3.5315403227706	0.78096169297889
3.5286306261770	0.78074598720858
3.5257257203340	0.78053035325630
3.5228255934195	0.78031479390326
3.5199302336503	0.78009931177377
3.5170396292820	0.77988390933406
3.5141537686086	0.77966858889108
3.5112726399625	0.77945335259134
3.5083962317145	0.77923820241976
3.5055245322732	0.77902314019854
3.5026575300853	0.77880816758601
3.4997952136353	0.77859328607557
3.4969375714452	0.77837849699455
3.4940845920746	0.77816380150317
3.4912362641202	0.77794920059343
3.4883925762160	0.77773469508811
3.4855535170329	0.77752028563974
3.4827190752788	0.77730597272953
3.4798892396982	0.77709175666643
3.4770639990721	0.77687763758611
3.4742433422181	0.77666361545003
3.4714272579898	0.77644969004445
3.4686157352771	0.77623586097952
3.4658087630058	0.77602212768835
3.4630063301375	0.77580848942614
3.4602084256694	0.77559494526927
3.4574150386345	0.77538149411445
3.4546261581009	0.77516813467788
3.4518417731721	0.77495486549440
3.4490618729867	0.77474168491670
3.4462864467180	0.77452859111455
3.4435154835745	0.77431558207397
3.4407489727993	0.77410265559655
3.4379869036697	0.77388980929865
3.4352292654979	0.77367704061073
3.4324760476300	0.77346434677665
3.4297272394463	0.77325172485298
3.4269828303612	0.77303917170835
3.4242428098230	0.77282668402282
3.4215071673134	0.77261425828728
3.4187758923480	0.77240189080284
3.4160489744758	0.77218957768024
3.4133264032791	0.77197731483935
3.4106081683732	0.77176509800860
3.4078942594066	0.77155292272448
3.4051846660609	0.77134078433107
3.4024793780502	0.77112867797956
3.3997783851213	0.77091659862780
3.3970816770538	0.77070454103991
3.3943892436594	0.77049249978587
3.3917010747822	0.77028046924112
3.3890171602984	0.77006844358625
3.3863374901163	0.76985641680667
3.3836620541761	0.76964438269227
3.3809908424495	0.76943233483718
3.3783238449403	0.76922026663947
3.3756610516834	0.76900817130099
3.3730024527453	0.76879604182709
3.3703480382237	0.76858387102648
3.3676977982476	0.76837165151106
3.3650517229768	0.76815937569579
3.3624098026021	0.76794703579859
3.3597720273451	0.76773462384026
3.3571383874580	0.76752213164439
3.3545088732237	0.76730955083741
3.3518834749553	0.76709687284850
3.3492621829963	0.76688408890967
3.3466449877205	0.76667119005581
3.3440318795315	0.76645816712474
3.3414228488631	0.76624501075732
3.3388178861789	0.76603171139763
3.3362169819720	0.76581825929308
3.3336201267653	0.76560464449460
3.3310273111111	0.76539085685690
