#Parameters = {thARC=0.6; nARC=2.75; thsub=1; p=1; nSub=2.5}
#"Wavelength / um"	"T (370) [Real Part]"
#---------------------------------------
14.989622900000	0.78657929706370
14.937342202292	0.78645093630110
14.885424925521	0.78632132409906
14.833867293419	0.78619048202769
14.782665581854	0.78605843153796
14.731816117936	0.78592519396073
14.681315279138	0.78579079050583
14.631159492435	0.78565524226118
14.581345233463	0.78551857019195
14.531869025691	0.78538079513969
14.482727439614	0.78524193782157
14.433917091960	0.78510201882957
14.385434644914	0.78496105862974
14.337276805356	0.78481907756148
14.289440324118	0.78467609583686
14.241921995249	0.78453213353993
14.194718655303	0.78438721062608
14.147827182633	0.78424134692144
14.101244496707	0.78409456212225
14.054967557431	0.78394687579436
14.008993364486	0.78379830737263
13.963318956684	0.78364887616044
13.917941411328	0.78349860132921
13.872857843591	0.78334750191790
13.828065405904	0.78319559683263
13.783561287356	0.78304290484620
13.739342713107	0.78288944459774
13.695406943810	0.78273523459231
13.651751275046	0.78258029320059
13.608373036768	0.78242463865854
13.565269592760	0.78226828906708
13.522438340099	0.78211126239187
13.479876708633	0.78195357646299
13.437582160466	0.78179524897475
13.395552189455	0.78163629748547
13.353784320713	0.78147673941731
13.312276110124	0.78131659205605
13.271025143869	0.78115587255101
13.230029037952	0.78099459791489
13.189285437747	0.78083278502366
13.148792017544	0.78067045061651
13.108546480105	0.78050761129574
13.068546556234	0.78034428352677
13.028790004346	0.78018048363808
12.989274610052	0.78001622782119
12.949998185745	0.77985153213073
12.910958570198	0.77968641248444
12.872153628167	0.77952088466321
12.833581250000	0.77935496431117
12.795239351259	0.77918866693579
12.757125872340	0.77902200790793
12.719238778108	0.77885500246205
12.681576057530	0.77868766569629
12.644135723323	0.77852001257261
12.606915811606	0.77835205791705
12.569914381551	0.77818381641983
12.533129515050	0.77801530263562
12.496559316382	0.77784653098371
12.460201911887	0.77767751574832
12.424055449648	0.77750827107877
12.388118099174	0.77733881098982
12.352388051092	0.77716914936194
12.316863516845	0.77699929994155
12.281542728390	0.77682927634142
12.246423937908	0.77665909204095
12.211505417515	0.77648876038653
12.176785458976	0.77631829459185
12.142262373431	0.77614770773836
12.107934491115	0.77597701277555
12.073800161095	0.77580622252143
12.039857751004	0.77563534966287
12.006105646776	0.77546440675606
11.972542252396	0.77529340622697
11.939165989646	0.77512236037170
11.905975297855	0.77495128135703
11.872968633663	0.77478018122086
11.840144470774	0.77460907187266
11.807501299724	0.77443796509399
11.775037627651	0.77426687253899
11.742751978065	0.77409580573492
11.710642890625	0.77392477608261
11.678708920919	0.77375379485708
11.646948640249	0.77358287320803
11.615360635413	0.77341202216038
11.583943508501	0.77324125261487
11.552695876686	0.77307057534862
11.521616372022	0.77290000101569
11.490703641242	0.77272954014768
11.459956345566	0.77255920315433
11.429373160503	0.77238900032412
11.398952775665	0.77221894182489
11.368693894577	0.77204903770444
11.338595234493	0.77187929789119
11.308655526217	0.77170973219478
11.278873513920	0.77154035030675
11.249247954972	0.77137116180117
11.219777619760	0.77120217613529
11.190461291527	0.77103340265023
11.161297766195	0.77086485057163
11.132285852209	0.77069652901032
11.103424370370	0.77052844696303
11.074712153676	0.77036061331306
11.046148047163	0.77019303683098
11.017730907755	0.77002572617532
10.989459604106	0.76985868989330
10.961333016453	0.76969193642152
10.933350036470	0.76952547408666
10.905509567115	0.76935931110625
10.877810522496	0.76919345558935
10.850251827723	0.76902791553731
10.822832418773	0.76886269884448
10.795551242348	0.76869781329896
10.768407255747	0.76853326658334
10.741399426729	0.76836906627544
10.714526733381	0.76820521984907
10.687788163993	0.76804173467479
10.661182716927	0.76787861802064
10.634709400497	0.76771587705291
10.608367232838	0.76755351883692
10.582155241793	0.76739155033775
10.556072464789	0.76722997842106
10.530117948718	0.76706880985378
10.504290749825	0.76690805130499
10.478589933590	0.76674770934658
10.453014574616	0.76658779045411
10.427563756522	0.76642830100756
10.402236571825	0.76626924729211
10.377032121841	0.76611063549891
10.351949516575	0.76595247172589
10.326987874612	0.76579476197852
10.302146323024	0.76563751217063
10.277423997257	0.76548072812515
10.252820041040	0.76532441557492
10.228333606278	0.76516858016350
10.203963852961	0.76501322744593
10.179709949066	0.76485836288953
10.155571070461	0.76470399187470
10.131546400811	0.76455011969569
10.107635131490	0.76439675156141
10.083836461487	0.76424389259622
10.060149597315	0.76409154784070
10.036573752929	0.76393972225246
10.013108149633	0.76378842070694
9.9897520159947	0.76363764799819
9.9665045877660	0.76348740883962
9.9433651077944	0.76333770786487
9.9203328259431	0.76318854962853
9.8974069990096	0.76303993860696
9.8745868906456	0.76289187919906
9.8518717712783	0.76274437572708
9.8292609180328	0.76259743243738
9.8067536146549	0.76245105350121
9.7843491514360	0.76230524301553
9.7620468251384	0.76216000500374
9.7398459389214	0.76201534341650
9.7177458022690	0.76187126213249
9.6957457309185	0.76172776495917
9.6738450467893	0.76158485563359
9.6520430779137	0.76144253782313
9.6303391583681	0.76130081512630
9.6087326282051	0.76115969107346
9.5872228333866	0.76101916912766
9.5658091257179	0.76087925268533
9.5444908627826	0.76073994507706
9.5232674078780	0.76060124956842
9.5021381299525	0.76046316936061
9.4811024035421	0.76032570759132
9.4601596087094	0.76018886733541
9.4393091309824	0.76005265160567
9.4185503612944	0.75991706335361
9.3978826959248	0.75978210547015
9.3773055364404	0.75964778078638
9.3568182896380	0.75951409207431
9.3364203674868	0.75938104204759
9.3161111870727	0.75924863336224
9.2958901705426	0.75911686861739
9.2757567450495	0.75898575035599
9.2557103426984	0.75885528106555
9.2357504004929	0.75872546317883
9.2158763602828	0.75859629907460
9.1960876687117	0.75846779107830
9.1763837771656	0.75833994146278
9.1567641417227	0.75821275244901
9.1372282231027	0.75808622620674
9.1177754866180	0.75796036485524
9.0984054021244	0.75783517046399
9.0791174439733	0.75771064505334
9.0599110909640	0.75758679059522
9.0407858262967	0.75746360901382
9.0217411375263	0.75734110218625
9.0027765165165	0.75721927194324
8.9838914593947	0.75709812006980
8.9650854665072	0.75697764830587
8.9463580423754	0.75685785834701
8.9277086956522	0.75673875184504
8.9091369390788	0.75662033040868
8.8906422894425	0.75650259560424
8.8722242675348	0.75638554895624
8.8538823981099	0.75626919194804
8.8356162098438	0.75615352602250
8.8174252352941	0.75603855258259
8.7993090108600	0.75592427299203
8.7812670767428	0.75581068857594
8.7632989769073	0.75569780062139
8.7454042590432	0.75558561037809
8.7275824745269	0.75547411905894
8.7098331783847	0.75536332784068
8.6921559292549	0.75525323786447
8.6745502893519	0.75514385023648
8.6570158244297	0.75503516602850
8.6395521037464	0.75492718627849
8.6221587000288	0.75481991199123
8.6048351894374	0.75471334413883
8.5875811515325	0.75460748366133
8.5703961692396	0.75450233146727
8.5532798288160	0.75439788843426
8.5362317198178	0.75429415540951
8.5192514350668	0.75419113321042
8.5023385706183	0.75408882262510
8.4854927257288	0.75398722441292
8.4687135028249	0.75388633930507
8.4520005074711	0.75378616800506
8.4353533483399	0.75368671118928
8.4187716371806	0.75358796950751
8.4022549887892	0.75348994358343
8.3858030209790	0.75339263401516
8.3694153545505	0.75329604137574
8.3530916132627	0.75320016621366
8.3368314238042	0.75310500905334
8.3206344157646	0.75301057039563
8.3045002216066	0.75291685071831
8.2884284766381	0.75282385047657
8.2724188189845	0.75273157010348
8.2564708895621	0.75264001001047
8.2405843320506	0.75254917058779
8.2247587928669	0.75245905220500
8.2089939211391	0.75236965521140
8.1932893686800	0.75228097993651
8.1776447899618	0.75219302669049
8.1620598420909	0.75210579576462
8.1465341847826	0.75201928743169
8.1310674803363	0.75193350194649
8.1156593936113	0.75184843954620
8.1003095920022	0.75176410045082
8.0850177454153	0.75168048486361
8.0697835262450	0.75159759297147
8.0546066093498	0.75151542494536
8.0394866720300	0.75143398094073
8.0244233940043	0.75135326109789
8.0094164573871	0.75127326554240
7.9944655466667	0.75119399438547
7.9795703486825	0.75111544772435
7.9647305526036	0.75103762564270
7.9499458499072	0.75096052821094
7.9352159343568	0.75088415548666
7.9205405019815	0.75080850751496
7.9059192510549	0.75073358432880
7.8913518820742	0.75065938594936
7.8768380977404	0.75058591238642
7.8623776029373	0.75051316363863
7.8479701047120	0.75044113969391
7.8336153122550	0.75036984052976
7.8193129368805	0.75029926611360
7.8050626920073	0.75022941640306
7.7908642931393	0.75016029134633
7.7767174578470	0.75009189088247
7.7626219057483	0.75002421494169
7.7485773584906	0.74995726344570
7.7345835397317	0.74989103630794
7.7206401751223	0.74982553343394
7.7067469922879	0.74976075472157
7.6929037208109	0.74969670006135
7.6791100922131	0.74963336933667
7.6653658399386	0.74957076242414
7.6516706993364	0.74950887919379
7.6380244076433	0.74944771950940
7.6244267039674	0.74938728322869
7.6108773292714	0.74932757020363
7.5973760263558	0.74926858028064
7.5839225398432	0.74921031330087
7.5705166161616	0.74915276910043
7.5571580035291	0.74909594751062
7.5438464519376	0.74903984835816
7.5305817131374	0.74898447146542
7.5173635406219	0.74892981665063
7.5041916896120	0.74887588372810
7.4910659170415	0.74882267250844
7.4779859815415	0.74877018279875
7.4649516434263	0.74871841440283
7.4519626646781	0.74866736712139
7.4390188089330	0.74861704075221
7.4261198414664	0.74856743509036
7.4132655291790	0.74851854992836
7.4004556405826	0.74847038505636
7.3876899457861	0.74842294026236
7.3749682164822	0.74837621533229
7.3622902259332	0.74833021005025
7.3496557489581	0.74828492419866
7.3370645619187	0.74824035755838
7.3245164427071	0.74819650990890
7.3120111707317	0.74815338102845
7.2995485269053	0.74811097069419
7.2871282936315	0.74806927868230
7.2747502547925	0.74802830476816
7.2624141957364	0.74798804872644
7.2501199032648	0.74794851033124
7.2378671656205	0.74790968935624
7.2256557724753	0.74787158557477
7.2134855149182	0.74783419875993
7.2013561854432	0.74779752868475
7.1892675779376	0.74776157512224
7.1772194876706	0.74772633784549
7.1652117112811	0.74769181662782
7.1532440467669	0.74765801124281
7.1413162934731	0.74762492146443
7.1294282520809	0.74759254706711
7.1175797245964	0.74756088782580
7.1057705143399	0.74752994351610
7.0940004259347	0.74749971391428
7.0822692652965	0.74747019879736
7.0705768396226	0.74744139794320
7.0589229573817	0.74741331113054
7.0473074283028	0.74738593813905
7.0357300633654	0.74735927874941
7.0241906747891	0.74733333274333
7.0126890760234	0.74730809990361
7.0012250817375	0.74728358001419
6.9897985078107	0.74725977286017
6.9784091713222	0.74723667822787
6.9670568905415	0.74721429590482
6.9557414849188	0.74719262567983
6.9444627750753	0.74717166734300
6.9332205827937	0.74715142068573
6.9220147310090	0.74713188550075
6.9108450437990	0.74711306158212
6.8997113463751	0.74709494872526
6.8886134650735	0.74707754672694
6.8775512273457	0.74706085538528
6.8665244617499	0.74704487449976
6.8555329979419	0.74702960387124
6.8445766666667	0.74701504330189
6.8336552997493	0.74700119259525
6.8227687300865	0.74698805155618
6.8119167916383	0.74697561999083
6.8010993194192	0.74696389770667
6.7903161494904	0.74695288451241
6.7795671189507	0.74694258021802
6.7688520659291	0.74693298463469
6.7581708295762	0.74692409757477
6.7475232500563	0.74691591885177
6.7369091685393	0.74690844828033
6.7263284271932	0.74690168567613
6.7157808691756	0.74689563085589
6.7052663386267	0.74689028363732
6.6947846806610	0.74688564383904
6.6843357413601	0.74688171128057
6.6739193677649	0.74687848578225
6.6635354078684	0.74687596716520
6.6531837106081	0.74687415525122
6.6428641258586	0.74687304986280
6.6325765044248	0.74687265082297
6.6223206980340	0.74687295795530
6.6120965593295	0.74687397108380
6.6019039418630	0.74687569003284
6.5917427000879	0.74687811462711
6.5816126893524	0.74688124469150
6.5715137658922	0.74688508005105
6.5614457868243	0.74688962053084
6.5514086101399	0.74689486595595
6.5414020946978	0.74690081615132
6.5314261002179	0.74690747094170
6.5214804872743	0.74691483015154
6.5115651172893	0.74692289360491
6.5016798525266	0.74693166112539
6.4918245560849	0.74694113253598
6.4819990918919	0.74695130765900
6.4722033246978	0.74696218631597
6.4624371200690	0.74697376832754
6.4527003443823	0.74698605351337
6.4429928648184	0.74699904169200
6.4333145493562	0.74701273268078
6.4236652667667	0.74702712629572
6.4140448866068	0.74704222235141
6.4044532792138	0.74705802066086
6.3948903156997	0.74707452103545
6.3853558679446	0.74709172328475
6.3758498085921	0.74710962721641
6.3663720110427	0.74712823263609
6.3569223494487	0.74714753934725
6.3475006987084	0.74716754715110
6.3381069344609	0.74718825584644
6.3287409330800	0.74720966522953
6.3194025716695	0.74723177509396
6.3100917280572	0.74725458523055
6.3008082807902	0.74727809542716
6.2915521091291	0.74730230546861
6.2823230930427	0.74732721513651
6.2731211132036	0.74735282420915
6.2639460509820	0.74737913246132
6.2547977884415	0.74740613966422
6.2456762083333	0.74743384558530
6.2365811940919	0.74746224998811
6.2275126298297	0.74749135263216
6.2184704003319	0.74752115327277
6.2094543910522	0.74755165166096
6.2004644881075	0.74758284754326
6.1915005782734	0.74761474066159
6.1825625489792	0.74764733075310
6.1736502883031	0.74768061755002
6.1647636849681	0.74771460077953
6.1559026283368	0.74774928016358
6.1470670084068	0.74778465541876
6.1382567158067	0.74782072625613
6.1294716417910	0.74785749238111
6.1207116782360	0.74789495349327
6.1119767176351	0.74793310928619
6.1032666530945	0.74797195944735
6.0945813783289	0.74801150365790
6.0859207876573	0.74805174159259
6.0772847759984	0.74809267291952
6.0686732388664	0.74813429730007
6.0600860723671	0.74817661438868
6.0515231731934	0.74821962383273
6.0429844386212	0.74826332527235
6.0344697665056	0.74830771834028
6.0259790552764	0.74835280266173
6.0175122039342	0.74839857785418
6.0090691120465	0.74844504352723
6.0006496797438	0.74849219928247
5.9922538077154	0.74854004471330
5.9838813972056	0.74858857940475
5.9755323500100	0.74863780293336
5.9672065684713	0.74868771486698
5.9589039554760	0.74873831476463
5.9506244144502	0.74878960217635
5.9423678493558	0.74884157664302
5.9341341646873	0.74889423769619
5.9259232654675	0.74894758485796
5.9177350572444	0.74900161764077
5.9095694460871	0.74905633554728
5.9014263385827	0.74911173807019
5.8933056418321	0.74916782469208
5.8852072634472	0.74922459488526
5.8771311115468	0.74928204811160
5.8690770947533	0.74934018382237
5.8610451221896	0.74939900145809
5.8530351034752	0.74945850044837
5.8450469487229	0.74951868021175
5.8370805685358	0.74957954015553
5.8291358740035	0.74964107967564
5.8212127766990	0.74970329815644
5.8133111886756	0.74976619497063
5.8054310224632	0.74982976947901
5.7975721910656	0.74989402103040
5.7897346079567	0.74995894896144
5.7819181870781	0.75002455259646
5.7741228428351	0.75009083124731
5.7663484900942	0.75015778421320
5.7585950441798	0.75022541078057
5.7508624208709	0.75029371022295
5.7431505363985	0.75036268180077
5.7354593074421	0.75043232476121
5.7277886511272	0.75050263833811
5.7201384850219	0.75057362175175
5.7125087271341	0.75064527420875
5.7048992959087	0.75071759490190
5.6973101102242	0.75079058301003
5.6897410893908	0.75086423769784
5.6821921531463	0.75093855811580
5.6746632216544	0.75101354339996
5.6671542155009	0.75108919267184
5.6596650556919	0.75116550503826
5.6521956636501	0.75124247959126
5.6447459612126	0.75132011540789
5.6373158706281	0.75139841155010
5.6299053145540	0.75147736706463
5.6225142160540	0.75155698098284
5.6151424985952	0.75163725232059
5.6077900860456	0.75171818007812
5.6004569026714	0.75179976323988
5.5931428731343	0.75188200077447
5.5858479224893	0.75196489163442
5.5785719761816	0.75204843475615
5.5713149600446	0.75213262905978
5.5640768002970	0.75221747344905
5.5568574235403	0.75230296681116
5.5496567567568	0.75238910801668
5.5424747273063	0.75247589591942
5.5353112629247	0.75256332935629
5.5281662917204	0.75265140714723
5.5210397421731	0.75274012809503
5.5139315431304	0.75282949098529
5.5068416238060	0.75291949458625
5.4997699137773	0.75301013764870
5.4927163429828	0.75310141890586
5.4856808417200	0.75319333707332
5.4786633406433	0.75328589084884
5.4716637707611	0.75337907891236
5.4646820634342	0.75347289992579
5.4577181503732	0.75356735253301
5.4507719636364	0.75366243535968
5.4438434356274	0.75375814701321
5.4369324990932	0.75385448608261
5.4300390871219	0.75395145113846
5.4231631331404	0.75404904073276
5.4163045709124	0.75414725339887
5.4094633345363	0.75424608765140
5.4026393584430	0.75434554198618
5.3958325773938	0.75444561488009
5.3890429264785	0.75454630479104
5.3822703411131	0.75464761015789
5.3755147570378	0.75474952940032
5.3687761103152	0.75485206091882
5.3620543373278	0.75495520309457
5.3553493747767	0.75505895428936
5.3486611596789	0.75516331284558
5.3419896293656	0.75526827708609
5.3353347214807	0.75537384531417
5.3286963739780	0.75548001581347
5.3220745251198	0.75558678684795
5.3154691134752	0.75569415666179
5.3088800779175	0.75580212347937
5.3023073576229	0.75591068550517
5.2957508920685	0.75601984092377
5.2892106210303	0.75612958789976
5.2826864845815	0.75623992457769
5.2761784230905	0.75635084908205
5.2696863772192	0.75646235951720
5.2632102879213	0.75657445396735
5.2567500964405	0.75668713049649
5.2503057443082	0.75680038714838
5.2438771733427	0.75691422194648
5.2374643256464	0.75702863289397
5.2310671436050	0.75714361797366
5.2246855698850	0.75725917514801
5.2183195474326	0.75737530235905
5.2119690194715	0.75749199752843
5.2056339295016	0.75760925855731
5.1993142212973	0.75772708332640
5.1930098389052	0.75784546969594
5.1867207266436	0.75796441550565
5.1804468290997	0.75808391857475
5.1741880911288	0.75820397670193
5.1679444578521	0.75832458766536
5.1617158746556	0.75844574922266
5.1555022871883	0.75856745911091
5.1493036413604	0.75868971504666
5.1431198833419	0.75881251472592
5.1369509595613	0.75893585582414
5.1307968167037	0.75905973599627
5.1246574017094	0.75918415287673
5.1185326617722	0.75930910407940
5.1124225443383	0.75943458719771
5.1063269971044	0.75956059980456
5.1002459680163	0.75968713945243
5.0941794052676	0.75981420367334
5.0881272572980	0.75994178997887
5.0820894727920	0.76006989586023
5.0760660006773	0.76019851878825
5.0700567901235	0.76032765621344
5.0640617905405	0.76045730556598
5.0580809515775	0.76058746425582
5.0521142231210	0.76071812967264
5.0461615552937	0.76084929918595
5.0402228984533	0.76098097014511
5.0342982031906	0.76111313987937
5.0283874203287	0.76124580569795
5.0224905009214	0.76137896489002
5.0166073962517	0.76151261472484
5.0107380578305	0.76164675245174
5.0048824373957	0.76178137530025
4.9990404869101	0.76191648048006
4.9932121585610	0.76205206518120
4.9873974047579	0.76218812657400
4.9815961781323	0.76232466180924
4.9758084315353	0.76246166801815
4.9700341180371	0.76259914231254
4.9642731909256	0.76273708178483
4.9585256037049	0.76287548350815
4.9527913100942	0.76301434453643
4.9470702640264	0.76315366190443
4.9413624196473	0.76329343262790
4.9356677313138	0.76343365370361
4.9299861535932	0.76357432210943
4.9243176412615	0.76371543480449
4.9186621493027	0.76385698872920
4.9130196329072	0.76399898080539
4.9073900474709	0.76414140793637
4.9017733485939	0.76428426700708
4.8961694920790	0.76442755488416
4.8905784339315	0.76457126841605
4.8850001303569	0.76471540443312
4.8794345377604	0.76485995974776
4.8738816127459	0.76500493115452
4.8683413121143	0.76515031543019
4.8628135928629	0.76529610933393
4.8572984121841	0.76544230960739
4.8517957274640	0.76558891297485
4.8463054962819	0.76573591614331
4.8408276764088	0.76588331580263
4.8353622258065	0.76603110862567
4.8299091026261	0.76617929126840
4.8244682652076	0.76632786037004
4.8190396720784	0.76647681255321
4.8136232819525	0.76662614442402
4.8082190537289	0.76677585257228
4.8028269464915	0.76692593357158
4.7974469195071	0.76707638397945
4.7920789322251	0.76722720033752
4.7867229442759	0.76737837917164
4.7813789154705	0.76752991699207
4.7760468057989	0.76768181029359
4.7707265754297	0.76783405555566
4.7654181847083	0.76798664924260
4.7601215941569	0.76813958780372
4.7548367644726	0.76829286767350
4.7495636565272	0.76844648527173
4.7443022313657	0.76860043700370
4.7390524502055	0.76875471926032
4.7338142744355	0.76890932841834
4.7285876656151	0.76906426084048
4.7233725854735	0.76921951287562
4.7181689959081	0.76937508085895
4.7129768589844	0.76953096111218
4.7077961369347	0.76968714994369
4.7026267921569	0.76984364364868
4.6974687872140	0.77000043850943
4.6923220848333	0.77015753079539
4.6871866479049	0.77031491676342
4.6820624394815	0.77047259265795
4.6769494227769	0.77063055471119
4.6718475611657	0.77078879914328
4.6667568181818	0.77094732216249
4.6616771575183	0.77110611996544
4.6566085430258	0.77126518873726
4.6515509387122	0.77142452465180
4.6465043087415	0.77158412387178
4.6414686174330	0.77174398254907
4.6364438292607	0.77190409682481
4.6314299088522	0.77206446282965
4.6264268209877	0.77222507668393
4.6214345305997	0.77238593449789
4.6164530027718	0.77254703237187
4.6114822027380	0.77270836639652
4.6065220958820	0.77286993265300
4.6015726477360	0.77303172721317
4.5966338239804	0.77319374613982
4.5917055904426	0.77335598548688
4.5867879130967	0.77351844129961
4.5818807580621	0.77368110961480
4.5769840916031	0.77384398646104
4.5720978801281	0.77400706785886
4.5672220901889	0.77417034982098
4.5623566884797	0.77433382835253
4.5575016418364	0.77449749945124
4.5526569172361	0.77466135910768
4.5478224817961	0.77482540330545
4.5429983027731	0.77498962802143
4.5381843475628	0.77515402922597
4.5333805836988	0.77531860288310
4.5285869788520	0.77548334495080
4.5238035008299	0.77564825138117
4.5190301175761	0.77581331812064
4.5142667971691	0.77597854111026
4.5095135078219	0.77614391628585
4.5047702178813	0.77630943957825
4.5000368958271	0.77647510691355
4.4953135102714	0.77664091421330
4.4906000299581	0.77680685739471
4.4858964237618	0.77697293237094
4.4812026606876	0.77713913505123
4.4765187098701	0.77730546134122
4.4718445405728	0.77747190714309
4.4671801221875	0.77763846835584
4.4625254242334	0.77780514087547
4.4578804163569	0.77797192059526
4.4532450683304	0.77813880340591
4.4486193500519	0.77830578519586
4.4440032315446	0.77847286185142
4.4393966829557	0.77864002925708
4.4347996745562	0.77880728329565
4.4302121767401	0.77897461984855
4.4256341600236	0.77914203479599
4.4210655950450	0.77930952401720
4.4165064525633	0.77947708339068
4.4119567034584	0.77964470879437
4.4074163187298	0.77981239610592
4.4028852694963	0.77998014120286
4.3983635269953	0.78014793996288
4.3938510625824	0.78031578826398
4.3893478477306	0.78048368198476
4.3848538540295	0.78065161700457
4.3803690531853	0.78081958920377
4.3758934170194	0.78098759446392
4.3714269174686	0.78115562866803
4.3669695265841	0.78132368770074
4.3625212165309	0.78149176744852
4.3580819595871	0.78165986379993
4.3536517281441	0.78182797264581
4.3492304947048	0.78199608987947
4.3448182318841	0.78216421139693
4.3404149124077	0.78233233309708
4.3360205091119	0.78250045088196
4.3316349949429	0.78266856065688
4.3272583429561	0.78283665833071
4.3228905263158	0.78300473981601
4.3185315182944	0.78317280102925
4.3141812922723	0.78334083789104
4.3098398217366	0.78350884632630
4.3055070802815	0.78367682226445
4.3011830416069	0.78384476163962
4.2968676795184	0.78401266039085
4.2925609679267	0.78418051446226
4.2882628808468	0.78434831980324
4.2839733923978	0.78451607236866
4.2796924768023	0.78468376811903
4.2754201083856	0.78485140302071
4.2711562615757	0.78501897304605
4.2669009109024	0.78518647417363
4.2626540309967	0.78535390238837
4.2584155965909	0.78552125368175
4.2541855825174	0.78568852405200
4.2499639637085	0.78585570950419
4.2457507151961	0.78602280605049
4.2415458121109	0.78618980971028
4.2373492296820	0.78635671651034
4.2331609432364	0.78652352248500
4.2289809281986	0.78669022367630
4.2248091600902	0.78685681613415
4.2206456145291	0.78702329591649
4.2164902672293	0.78718965908941
4.2123430940003	0.78735590172734
4.2082040707468	0.78752201991319
4.2040731734680	0.78768800973846
4.1999503782572	0.78785386730340
4.1958356613016	0.78801958871717
4.1917289988814	0.78818517009794
4.1876303673697	0.78835060757304
4.1835397432319	0.78851589727908
4.1794571030252	0.78868103536208
4.1753824233983	0.78884601797760
4.1713156810909	0.78901084129085
4.1672568529330	0.78917550147680
4.1632059158450	0.78933999472030
4.1591628468368	0.78950431721622
4.1551276230076	0.78966846516948
4.1511002215453	0.78983243479524
4.1470806197261	0.78999622231894
4.1430687949143	0.79015982397642
4.1390647245616	0.79032323601402
4.1350683862069	0.79048645468863
4.1310797574755	0.79064947626784
4.1270988160793	0.79081229702995
4.1231255398157	0.79097491326412
4.1191599065677	0.79113732127037
4.1152018943034	0.79129951735972
4.1112514810752	0.79146149785420
4.1073086450199	0.79162325908697
4.1033733643581	0.79178479740231
4.0994456173937	0.79194610915575
4.0955253825137	0.79210719071407
4.0916126381875	0.79226803845534
4.0877073629670	0.79242864876903
4.0838095354856	0.79258901805596
4.0799191344584	0.79274914272842
4.0760361386812	0.79290901921013
4.0721605270307	0.79306864393631
4.0682922784638	0.79322801335369
4.0644313720174	0.79338712392052
4.0605777868075	0.79354597210660
4.0567315020298	0.79370455439330
4.0528924969582	0.79386286727350
4.0490607509454	0.79402090725167
4.0452362434219	0.79417867084385
4.0414189538959	0.79433615457757
4.0376088619529	0.79449335499196
4.0338059472551	0.79465026863761
4.0300101895416	0.79480689207665
4.0262215686274	0.79496322188263
4.0224400644036	0.79511925464058
4.0186656568365	0.79527498694690
4.0148983259676	0.79543041540938
4.0111380519133	0.79558553664709
4.0073848148643	0.79574034729040
4.0036385950855	0.79589484398088
3.9998993729153	0.79604902337123
3.9961671287657	0.79620288212527
3.9924418431216	0.79635641691781
3.9887234965407	0.79650962443463
3.9850120696531	0.79666250137236
3.9813075431607	0.79681504443841
3.9776098978373	0.79696725035088
3.9739191145281	0.79711911583849
3.9702351741491	0.79727063764043
3.9665580576872	0.79742181250630
3.9628877461996	0.79757263719600
3.9592242208135	0.79772310847958
3.9555674627260	0.79787322313716
3.9519174532033	0.79802297795878
3.9482741735809	0.79817236974429
3.9446376052632	0.79832139530320
3.9410077297226	0.79847005145455
3.9373845285001	0.79861833502675
3.9337679832043	0.79876624285747
3.9301580755113	0.79891377179343
3.9265547871644	0.79906091869029
3.9229580999738	0.79920768041243
3.9193679958164	0.79935405383285
3.9157844566353	0.79950003583294
3.9122074644395	0.79964562330230
3.9086370013038	0.79979081313859
3.9050730493682	0.79993560224730
3.9015155908381	0.80007998754158
3.8979646079834	0.80022396594202
3.8944200831385	0.80036753437647
3.8908819987021	0.80051068977979
3.8873503371369	0.80065342909364
3.8838250809690	0.80079574926630
3.8803062127880	0.80093764725239
3.8767937152463	0.80107912001264
3.8732875710594	0.80122016451370
3.8697877630050	0.80136077772784
3.8662942739231	0.80150095663272
3.8628070867156	0.80164069821116
3.8593261843460	0.80177999945083
3.8558515498392	0.80191885734404
3.8523831662812	0.80205726888743
3.8489210168186	0.80219523108170
3.8454650846588	0.80233274093136
3.8420153530693	0.80246979544439
3.8385718053777	0.80260639163201
3.8351344249712	0.80274252650833
3.8317031952965	0.80287819709009
3.8282780998595	0.80301340039631
3.8248591222251	0.80314813344803
3.8214462460166	0.80328239326796
3.8180394549159	0.80341617688014
3.8146387326632	0.80354948130968
3.8112440630562	0.80368230358235
3.8078554299505	0.80381464072430
3.8044728172589	0.80394648976167
3.8010962089514	0.80407784772029
3.7977255890550	0.80420871162531
3.7943609416530	0.80433907850082
3.7910022508852	0.80446894536952
3.7876495009476	0.80459830925235
3.7843026760919	0.80472716716807
3.7809617606256	0.80485551613298
3.7776267389113	0.80498335316042
3.7742975953670	0.80511067526049
3.7709743144654	0.80523747943960
3.7676568807339	0.80536376270008
3.7643452787544	0.80548952203979
3.7610394931627	0.80561475445172
3.7577395086488	0.80573945692358
3.7544453099562	0.80586362643735
3.7511568818819	0.80598725996892
3.7478742092762	0.80611035448762
3.7445972770422	0.80623290695583
3.7413260701360	0.80635491432852
3.7380605735661	0.80647637355280
3.7348007723932	0.80659728156754
3.7315466517301	0.80671763530286
3.7282981967417	0.80683743167972
3.7250553926441	0.80695666760946
3.7218182247052	0.80707533999332
3.7185866782436	0.80719344572201
3.7153607386293	0.80731098167523
3.7121403912828	0.80742794472121
3.7089256216751	0.80754433171622
3.7057164153276	0.80766013950411
3.7025127578115	0.80777536491581
3.6993146347483	0.80789000476887
3.6961220318087	0.80800405586696
3.6929349347130	0.80811751499937
3.6897533292308	0.80823037894054
3.6865772011805	0.80834264444952
3.6834065364295	0.80845430826951
3.6802413208937	0.80856536712734
3.6770815405372	0.80867581773294
3.6739271813725	0.80878565677888
3.6707782294600	0.80889488093979
3.6676346709078	0.80900348687190
3.6644964918714	0.80911147121247
3.6613636785540	0.80921883057930
3.6582362172056	0.80932556157020
3.6551140941234	0.80943166076244
3.6519972956511	0.80953712471225
3.6488858081792	0.80964194995425
3.6457796181442	0.80974613300093
3.6426787120292	0.80984967034212
3.6395830763628	0.80995255844443
3.6364926977196	0.81005479375072
3.6334075627197	0.81015637267953
3.6303276580286	0.81025729162456
3.6272529703569	0.81035754695411
3.6241834864603	0.81045713501052
3.6211191931393	0.81055605210962
3.6180600772387	0.81065429454016
3.6150061256481	0.81075185856329
3.6119573253012	0.81084874041196
3.6089136631756	0.81094493629037
3.6058751262930	0.81104044237343
3.6028417017185	0.81113525480616
3.5998133765610	0.81122936970314
3.5967901379724	0.81132278314797
3.5937719731479	0.81141549119266
3.5907588693257	0.81150748985709
3.5877508137865	0.81159877512842
3.5847477938539	0.81168934296056
3.5817497968937	0.81177918927354
3.5787568103140	0.81186830995300
3.5757688215649	0.81195670084958
3.5727858181385	0.81204435777835
3.5698077875685	0.81213127651826
3.5668347174301	0.81221745281155
3.5638665953400	0.81230288236320
3.5609034089559	0.81238756084032
3.5579451459767	0.81247148387163
3.5549917941421	0.81255464704683
3.5520433412322	0.81263704591609
3.5490997750681	0.81271867598943
3.5461610835108	0.81279953273619
3.5432272544616	0.81287961158443
3.5402982758621	0.81295890792039
3.5373741356932	0.81303741708790
3.5344548219759	0.81311513438783
3.5315403227706	0.81319205507753
3.5286306261770	0.81326817437025
3.5257257203340	0.81334348743459
3.5228255934195	0.81341798939396
3.5199302336503	0.81349167532598
3.5170396292820	0.81356454026197
3.5141537686086	0.81363657918635
3.5112726399625	0.81370778703615
3.5083962317145	0.81377815870039
3.5055245322732	0.81384768901959
3.5026575300853	0.81391637278523
3.4997952136353	0.81398420473914
3.4969375714452	0.81405117957304
3.4940845920746	0.81411729192796
3.4912362641202	0.81418253639374
3.4883925762160	0.81424690750848
3.4855535170329	0.81431039975799
3.4827190752788	0.81437300757534
3.4798892396982	0.81443472534027
3.4770639990721	0.81449554737872
3.4742433422181	0.81455546796231
3.4714272579898	0.81461448130781
3.4686157352771	0.81467258157668
3.4658087630058	0.81472976287454
3.4630063301375	0.81478601925070
3.4602084256694	0.81484134469764
3.4574150386345	0.81489573315056
3.4546261581009	0.81494917848690
3.4518417731721	0.81500167452584
3.4490618729867	0.81505321502785
3.4462864467180	0.81510379369424
3.4435154835745	0.81515340416667
3.4407489727993	0.81520204002673
3.4379869036697	0.81524969479549
3.4352292654979	0.81529636193302
3.4324760476300	0.81534203483804
3.4297272394463	0.81538670684740
3.4269828303612	0.81543037123572
3.4242428098230	0.81547302121497
3.4215071673134	0.81551464993403
3.4187758923480	0.81555525047834
3.4160489744758	0.81559481586945
3.4133264032791	0.81563333906468
3.4106081683732	0.81567081295673
3.4078942594066	0.81570723037329
3.4051846660609	0.81574258407671
3.4024793780502	0.81577686676360
3.3997783851213	0.81581007106454
3.3970816770538	0.81584218954369
3.3943892436594	0.81587321469847
3.3917010747822	0.81590313895928
3.3890171602984	0.81593195468912
3.3863374901163	0.81595965418333
3.3836620541761	0.81598622966930
3.3809908424495	0.81601167330613
3.3783238449403	0.81603597718441
3.3756610516834	0.81605913332593
3.3730024527453	0.81608113368343
3.3703480382237	0.81610197014030
3.3676977982476	0.81612163451044
3.3650517229768	0.81614011853794
3.3624098026021	0.81615741389689
3.3597720273451	0.81617351219120
3.3571383874580	0.81618840495437
3.3545088732237	0.81620208364930
3.3518834749553	0.81621453966814
3.3492621829963	0.81622576433211
3.3466449877205	0.81623574889135
3.3440318795315	0.81624448452475
3.3414228488631	0.81625196233985
3.3388178861789	0.81625817337274
3.3362169819720	0.81626310858788
3.3336201267653	0.81626675887808
3.3310273111111	0.81626911506437
