#Parameters = {thARC=1; nARC=1; thsub=1; p=1; nSub=2.75}
#"Wavelength / um"	"T (384) [Real Part]"
#---------------------------------------
14.989622900000	0.78222253951803
14.937342202292	0.78224220009088
14.885424925521	0.78226130518807
14.833867293419	0.78227986284215
14.782665581854	0.78229788102845
14.731816117936	0.78231536766493
14.681315279138	0.78233233061203
14.631159492435	0.78234877767256
14.581345233463	0.78236471659156
14.531869025691	0.78238015505623
14.482727439614	0.78239510069576
14.433917091960	0.78240956108126
14.385434644914	0.78242354372569
14.337276805356	0.78243705608375
14.289440324118	0.78245010555178
14.241921995249	0.78246269946775
14.194718655303	0.78247484511114
14.147827182633	0.78248654970290
14.101244496707	0.78249782040541
14.054967557431	0.78250866432244
14.008993364486	0.78251908849907
13.963318956684	0.78252909992173
13.917941411328	0.78253870551811
13.872857843591	0.78254791215717
13.828065405904	0.78255672664916
13.783561287356	0.78256515574556
13.739342713107	0.78257320613910
13.695406943810	0.78258088446380
13.651751275046	0.78258819729494
13.608373036768	0.78259515114913
13.565269592760	0.78260175248426
13.522438340099	0.78260800769964
13.479876708633	0.78261392313593
13.437582160466	0.78261950507526
13.395552189455	0.78262475974125
13.353784320713	0.78262969329907
13.312276110124	0.78263431185549
13.271025143869	0.78263862145900
13.230029037952	0.78264262809980
13.189285437747	0.78264633770995
13.148792017544	0.78264975616341
13.108546480105	0.78265288927617
13.068546556234	0.78265574280628
13.028790004346	0.78265832245406
12.989274610052	0.78266063386208
12.949998185745	0.78266268261535
12.910958570198	0.78266447424140
12.872153628167	0.78266601421043
12.833581250000	0.78266730793543
12.795239351259	0.78266836077227
12.757125872340	0.78266917801990
12.719238778108	0.78266976492043
12.681576057530	0.78267012665930
12.644135723323	0.78267026836545
12.606915811606	0.78267019511146
12.569914381551	0.78266991191367
12.533129515050	0.78266942373240
12.496559316382	0.78266873547209
12.460201911887	0.78266785198148
12.424055449648	0.78266677805375
12.388118099174	0.78266551842678
12.352388051092	0.78266407778324
12.316863516845	0.78266246075084
12.281542728390	0.78266067190252
12.246423937908	0.78265871575661
12.211505417515	0.78265659677706
12.176785458976	0.78265431937363
12.142262373431	0.78265188790210
12.107934491115	0.78264930666451
12.073800161095	0.78264657990931
12.039857751004	0.78264371183164
12.006105646776	0.78264070657353
11.972542252396	0.78263756822411
11.939165989646	0.78263430081986
11.905975297855	0.78263090834484
11.872968633663	0.78262739473091
11.840144470774	0.78262376385800
11.807501299724	0.78262001955430
11.775037627651	0.78261616559656
11.742751978065	0.78261220571030
11.710642890625	0.78260814357008
11.678708920919	0.78260398279973
11.646948640249	0.78259972697266
11.615360635413	0.78259537961205
11.583943508501	0.78259094419115
11.552695876686	0.78258642413355
11.521616372022	0.78258182281343
11.490703641242	0.78257714355584
11.459956345566	0.78257238963698
11.429373160503	0.78256756428442
11.398952775665	0.78256267067748
11.368693894577	0.78255771194740
11.338595234493	0.78255269117771
11.308655526217	0.78254761140445
11.278873513920	0.78254247561650
11.249247954972	0.78253728675584
11.219777619760	0.78253204771784
11.190461291527	0.78252676135160
11.161297766195	0.78252143046016
11.132285852209	0.78251605780088
11.103424370370	0.78251064608568
11.074712153676	0.78250519798138
11.046148047163	0.78249971610997
11.017730907755	0.78249420304892
10.989459604106	0.78248866133152
10.961333016453	0.78248309344712
10.933350036470	0.78247750184150
10.905509567115	0.78247188891715
10.877810522496	0.78246625703359
10.850251827723	0.78246060850766
10.822832418773	0.78245494561389
10.795551242348	0.78244927058473
10.768407255747	0.78244358561095
10.741399426729	0.78243789284191
10.714526733381	0.78243219438589
10.687788163993	0.78242649231040
10.661182716927	0.78242078864251
10.634709400497	0.78241508536920
10.608367232838	0.78240938443762
10.582155241793	0.78240368775548
10.556072464789	0.78239799719129
10.530117948718	0.78239231457481
10.504290749825	0.78238664169724
10.478589933590	0.78238098031166
10.453014574616	0.78237533213326
10.427563756522	0.78236969883976
10.402236571825	0.78236408207168
10.377032121841	0.78235848343268
10.351949516575	0.78235290448988
10.326987874612	0.78234734677425
10.302146323024	0.78234181178085
10.277423997257	0.78233630096923
10.252820041040	0.78233081576372
10.228333606278	0.78232535755382
10.203963852961	0.78231992769444
10.179709949066	0.78231452750632
10.155571070461	0.78230915827632
10.131546400811	0.78230382125775
10.107635131490	0.78229851767072
10.083836461487	0.78229324870247
10.060149597315	0.78228801550769
10.036573752929	0.78228281920886
10.013108149633	0.78227766089659
9.9897520159947	0.78227254162995
9.9665045877660	0.78226746243678
9.9433651077944	0.78226242431408
9.9203328259431	0.78225742822826
9.8974069990096	0.78225247511554
9.8745868906456	0.78224756588227
9.8518717712783	0.78224270140522
9.8292609180328	0.78223788253196
9.8067536146549	0.78223311008118
9.7843491514360	0.78222838484299
9.7620468251384	0.78222370757928
9.7398459389214	0.78221907902406
9.7177458022690	0.78221449988374
9.6957457309185	0.78220997083753
9.6738450467893	0.78220549253769
9.6520430779137	0.78220106560991
9.6303391583681	0.78219669065364
9.6087326282051	0.78219236824236
9.5872228333866	0.78218809892398
9.5658091257179	0.78218388322112
9.5444908627826	0.78217972163143
9.5232674078780	0.78217561462793
9.5021381299525	0.78217156265934
9.4811024035421	0.78216756615039
9.4601596087094	0.78216362550212
9.4393091309824	0.78215974109225
9.4185503612944	0.78215591327545
9.3978826959248	0.78215214238369
9.3773055364404	0.78214842872653
9.3568182896380	0.78214477259148
9.3364203674868	0.78214117424425
9.3161111870727	0.78213763392914
9.2958901705426	0.78213415186927
9.2757567450495	0.78213072826699
9.2557103426984	0.78212736330408
9.2357504004929	0.78212405714216
9.2158763602828	0.78212080992292
9.1960876687117	0.78211762176850
9.1763837771656	0.78211449278173
9.1567641417227	0.78211142304648
9.1372282231027	0.78210841262791
9.1177754866180	0.78210546157287
9.0984054021244	0.78210256991008
9.0791174439733	0.78209973765054
9.0599110909640	0.78209696478774
9.0407858262967	0.78209425129801
9.0217411375263	0.78209159714080
9.0027765165165	0.78208900225897
8.9838914593947	0.78208646657911
8.9650854665072	0.78208399001177
8.9463580423754	0.78208157245182
8.9277086956522	0.78207921377868
8.9091369390788	0.78207691385667
8.8906422894425	0.78207467253523
8.8722242675348	0.78207248964923
8.8538823981099	0.78207036501927
8.8356162098438	0.78206829845194
8.8174252352941	0.78206628974011
8.7993090108600	0.78206433866318
8.7812670767428	0.78206244498740
8.7632989769073	0.78206060846612
8.7454042590432	0.78205882884004
8.7275824745269	0.78205710583754
8.7098331783847	0.78205543917488
8.6921559292549	0.78205382855651
8.6745502893519	0.78205227367535
8.6570158244297	0.78205077421299
8.6395521037464	0.78204932984003
8.6221587000288	0.78204794021628
8.6048351894374	0.78204660499104
8.5875811515325	0.78204532380336
8.5703961692396	0.78204409628230
8.5532798288160	0.78204292204718
8.5362317198178	0.78204180070780
8.5192514350668	0.78204073186475
8.5023385706183	0.78203971510959
8.4854927257288	0.78203875002515
8.4687135028249	0.78203783618576
8.4520005074711	0.78203697315747
8.4353533483399	0.78203616049829
8.4187716371806	0.78203539775848
8.4022549887892	0.78203468448073
8.3858030209790	0.78203402020039
8.3694153545505	0.78203340444577
8.3530916132627	0.78203283673829
8.3368314238042	0.78203231659276
8.3206344157646	0.78203184351759
8.3045002216066	0.78203141701500
8.2884284766381	0.78203103658127
8.2724188189845	0.78203070170695
8.2564708895621	0.78203041187706
8.2405843320506	0.78203016657133
8.2247587928669	0.78202996526441
8.2089939211391	0.78202980742607
8.1932893686800	0.78202969252143
8.1776447899618	0.78202962001113
8.1620598420909	0.78202958935159
8.1465341847826	0.78202959999518
8.1310674803363	0.78202965139041
8.1156593936113	0.78202974298218
8.1003095920022	0.78202987421193
8.0850177454153	0.78203004451783
8.0697835262450	0.78203025333504
8.0546066093498	0.78203050009581
8.0394866720300	0.78203078422976
8.0244233940043	0.78203110516399
8.0094164573871	0.78203146232333
7.9944655466667	0.78203185513046
7.9795703486825	0.78203228300614
7.9647305526036	0.78203274536938
7.9499458499072	0.78203324163760
7.9352159343568	0.78203377122682
7.9205405019815	0.78203433355181
7.9059192510549	0.78203492802630
7.8913518820742	0.78203555406311
7.8768380977404	0.78203621107434
7.8623776029373	0.78203689847153
7.8479701047120	0.78203761566580
7.8336153122550	0.78203836206806
7.8193129368805	0.78203913708910
7.8050626920073	0.78203994013981
7.7908642931393	0.78204077063129
7.7767174578470	0.78204162797502
7.7626219057483	0.78204251158301
7.7485773584906	0.78204342086793
7.7345835397317	0.78204435524330
7.7206401751223	0.78204531412356
7.7067469922879	0.78204629692428
7.6929037208109	0.78204730306226
7.6791100922131	0.78204833195568
7.6653658399386	0.78204938302424
7.6516706993364	0.78205045568926
7.6380244076433	0.78205154937387
7.6244267039674	0.78205266350308
7.6108773292714	0.78205379750392
7.5973760263558	0.78205495080559
7.5839225398432	0.78205612283957
7.5705166161616	0.78205731303971
7.5571580035291	0.78205852084239
7.5438464519376	0.78205974568662
7.5305817131374	0.78206098701414
7.5173635406219	0.78206224426955
7.5041916896120	0.78206351690040
7.4910659170415	0.78206480435732
7.4779859815415	0.78206610609412
7.4649516434263	0.78206742156788
7.4519626646781	0.78206875023905
7.4390188089330	0.78207009157158
7.4261198414664	0.78207144503297
7.4132655291790	0.78207281009441
7.4004556405826	0.78207418623083
7.3876899457861	0.78207557292105
7.3749682164822	0.78207696964780
7.3622902259332	0.78207837589784
7.3496557489581	0.78207979116208
7.3370645619187	0.78208121493558
7.3245164427071	0.78208264671772
7.3120111707317	0.78208408601220
7.2995485269053	0.78208553232719
7.2871282936315	0.78208698517535
7.2747502547925	0.78208844407393
7.2624141957364	0.78208990854482
7.2501199032648	0.78209137811464
7.2378671656205	0.78209285231483
7.2256557724753	0.78209433068163
7.2134855149182	0.78209581275624
7.2013561854432	0.78209729808483
7.1892675779376	0.78209878621862
7.1772194876706	0.78210027671389
7.1652117112811	0.78210176913213
7.1532440467669	0.78210326304000
7.1413162934731	0.78210475800943
7.1294282520809	0.78210625361766
7.1175797245964	0.78210774944729
7.1057705143399	0.78210924508633
7.0940004259347	0.78211074012824
7.0822692652965	0.78211223417195
7.0705768396226	0.78211372682197
7.0589229573817	0.78211521768835
7.0473074283028	0.78211670638675
7.0357300633654	0.78211819253851
7.0241906747891	0.78211967577062
7.0126890760234	0.78212115571580
7.0012250817375	0.78212263201252
6.9897985078107	0.78212410430500
6.9784091713222	0.78212557224330
6.9670568905415	0.78212703548327
6.9557414849188	0.78212849368663
6.9444627750753	0.78212994652098
6.9332205827937	0.78213139365981
6.9220147310090	0.78213283478250
6.9108450437990	0.78213426957441
6.8997113463751	0.78213569772680
6.8886134650735	0.78213711893691
6.8775512273457	0.78213853290795
6.8665244617499	0.78213993934913
6.8555329979419	0.78214133797563
6.8445766666667	0.78214272850864
6.8336552997493	0.78214411067538
6.8227687300865	0.78214548420904
6.8119167916383	0.78214684884887
6.8010993194192	0.78214820434012
6.7903161494904	0.78214955043404
6.7795671189507	0.78215088688793
6.7688520659291	0.78215221346510
6.7581708295762	0.78215352993484
6.7475232500563	0.78215483607249
6.7369091685393	0.78215613165936
6.7263284271932	0.78215741648276
6.7157808691756	0.78215869033598
6.7052663386267	0.78215995301828
6.6947846806610	0.78216120433488
6.6843357413601	0.78216244409694
6.6739193677649	0.78216367212157
6.6635354078684	0.78216488823176
6.6531837106081	0.78216609225642
6.6428641258586	0.78216728403033
6.6325765044248	0.78216846339414
6.6223206980340	0.78216963019431
6.6120965593295	0.78217078428314
6.6019039418630	0.78217192551869
6.5917427000879	0.78217305376483
6.5816126893524	0.78217416889112
6.5715137658922	0.78217527077286
6.5614457868243	0.78217635929103
6.5514086101399	0.78217743433227
6.5414020946978	0.78217849578882
6.5314261002179	0.78217954355853
6.5214804872743	0.78218057754482
6.5115651172893	0.78218159765660
6.5016798525266	0.78218260380829
6.4918245560849	0.78218359591978
6.4819990918919	0.78218457391635
6.4722033246978	0.78218553772868
6.4624371200690	0.78218648729276
6.4527003443823	0.78218742254992
6.4429928648184	0.78218834344672
6.4333145493562	0.78218924993495
6.4236652667667	0.78219014197158
6.4140448866068	0.78219101951869
6.4044532792138	0.78219188254346
6.3948903156997	0.78219273101812
6.3853558679446	0.78219356491987
6.3758498085921	0.78219438423090
6.3663720110427	0.78219518893824
6.3569223494487	0.78219597903383
6.3475006987084	0.78219675451438
6.3381069344609	0.78219751538135
6.3287409330800	0.78219826164092
6.3194025716695	0.78219899330389
6.3100917280572	0.78219971038568
6.3008082807902	0.78220041290625
6.2915521091291	0.78220110089005
6.2823230930427	0.78220177436594
6.2731211132036	0.78220243336719
6.2639460509820	0.78220307793137
6.2547977884415	0.78220370810035
6.2456762083333	0.78220432392016
6.2365811940919	0.78220492544103
6.2275126298297	0.78220551271726
6.2184704003319	0.78220608580719
6.2094543910522	0.78220664477312
6.2004644881075	0.78220718968130
6.1915005782734	0.78220772060181
6.1825625489792	0.78220823760852
6.1736502883031	0.78220874077906
6.1647636849681	0.78220923019471
6.1559026283368	0.78220970594035
6.1470670084068	0.78221016810445
6.1382567158067	0.78221061677891
6.1294716417910	0.78221105205909
6.1207116782360	0.78221147404368
6.1119767176351	0.78221188283469
6.1032666530945	0.78221227853733
6.0945813783289	0.78221266125999
6.0859207876573	0.78221303111415
6.0772847759984	0.78221338821433
6.0686732388664	0.78221373267801
6.0600860723671	0.78221406462557
6.0515231731934	0.78221438418022
6.0429844386212	0.78221469146796
6.0344697665056	0.78221498661747
6.0259790552764	0.78221526976006
6.0175122039342	0.78221554102963
6.0090691120465	0.78221580056257
6.0006496797438	0.78221604849770
5.9922538077154	0.78221628497620
5.9838813972056	0.78221651014156
5.9755323500100	0.78221672413949
5.9672065684713	0.78221692711788
5.9589039554760	0.78221711922669
5.9506244144502	0.78221730061792
5.9423678493558	0.78221747144553
5.9341341646873	0.78221763186537
5.9259232654675	0.78221778203510
5.9177350572444	0.78221792211416
5.9095694460871	0.78221805226366
5.9014263385827	0.78221817264632
5.8933056418321	0.78221828342644
5.8852072634472	0.78221838476977
5.8771311115468	0.78221847684349
5.8690770947533	0.78221855981614
5.8610451221896	0.78221863385752
5.8530351034752	0.78221869913865
5.8450469487229	0.78221875583171
5.8370805685358	0.78221880410993
5.8291358740035	0.78221884414758
5.8212127766990	0.78221887611986
5.8133111886756	0.78221890020284
5.8054310224632	0.78221891657342
5.7975721910656	0.78221892540924
5.7897346079567	0.78221892688862
5.7819181870781	0.78221892119047
5.7741228428351	0.78221890849429
5.7663484900942	0.78221888898004
5.7585950441798	0.78221886282810
5.7508624208709	0.78221883021920
5.7431505363985	0.78221879133438
5.7354593074421	0.78221874635487
5.7277886511272	0.78221869546210
5.7201384850219	0.78221863883757
5.7125087271341	0.78221857666284
5.7048992959087	0.78221850911943
5.6973101102242	0.78221843638876
5.6897410893908	0.78221835865214
5.6821921531463	0.78221827609062
5.6746632216544	0.78221818888500
5.6671542155009	0.78221809721576
5.6596650556919	0.78221800126297
5.6521956636501	0.78221790120624
5.6447459612126	0.78221779722470
5.6373158706281	0.78221768949688
5.6299053145540	0.78221757820069
5.6225142160540	0.78221746351336
5.6151424985952	0.78221734561138
5.6077900860456	0.78221722467044
5.6004569026714	0.78221710086535
5.5931428731343	0.78221697437005
5.5858479224893	0.78221684535748
5.5785719761816	0.78221671399959
5.5713149600446	0.78221658046723
5.5640768002970	0.78221644493014
5.5568574235403	0.78221630755687
5.5496567567568	0.78221616851475
5.5424747273063	0.78221602796982
5.5353112629247	0.78221588608679
5.5281662917204	0.78221574302898
5.5210397421731	0.78221559895829
5.5139315431304	0.78221545403512
5.5068416238060	0.78221530841837
5.4997699137773	0.78221516226533
5.4927163429828	0.78221501573169
5.4856808417200	0.78221486897145
5.4786633406433	0.78221472213692
5.4716637707611	0.78221457537862
5.4646820634342	0.78221442884530
5.4577181503732	0.78221428268383
5.4507719636364	0.78221413703921
5.4438434356274	0.78221399205451
5.4369324990932	0.78221384787082
5.4300390871219	0.78221370462721
5.4231631331404	0.78221356246071
5.4163045709124	0.78221342150626
5.4094633345363	0.78221328189667
5.4026393584430	0.78221314376258
5.3958325773938	0.78221300723242
5.3890429264785	0.78221287243240
5.3822703411131	0.78221273948644
5.3755147570378	0.78221260851615
5.3687761103152	0.78221247964083
5.3620543373278	0.78221235297738
5.3553493747767	0.78221222864029
5.3486611596789	0.78221210674164
5.3419896293656	0.78221198739102
5.3353347214807	0.78221187069555
5.3286963739780	0.78221175675981
5.3220745251198	0.78221164568582
5.3154691134752	0.78221153757306
5.3088800779175	0.78221143251837
5.3023073576229	0.78221133061598
5.2957508920685	0.78221123195748
5.2892106210303	0.78221113663175
5.2826864845815	0.78221104472501
5.2761784230905	0.78221095632074
5.2696863772192	0.78221087149969
5.2632102879213	0.78221079033985
5.2567500964405	0.78221071291642
5.2503057443082	0.78221063930184
5.2438771733427	0.78221056956570
5.2374643256464	0.78221050377477
5.2310671436050	0.78221044199299
5.2246855698850	0.78221038428143
5.2183195474326	0.78221033069830
5.2119690194715	0.78221028129890
5.2056339295016	0.78221023613567
5.1993142212973	0.78221019525811
5.1930098389052	0.78221015871282
5.1867207266436	0.78221012654348
5.1804468290997	0.78221009879083
5.1741880911288	0.78221007549265
5.1679444578521	0.78221005668380
5.1617158746556	0.78221004239618
5.1555022871883	0.78221003265872
5.1493036413604	0.78221002749741
5.1431198833419	0.78221002693525
5.1369509595613	0.78221003099231
5.1307968167037	0.78221003968566
5.1246574017094	0.78221005302942
5.1185326617722	0.78221007103473
5.1124225443383	0.78221009370980
5.1063269971044	0.78221012105984
5.1002459680163	0.78221015308713
5.0941794052676	0.78221018979098
5.0881272572980	0.78221023116777
5.0820894727920	0.78221027721091
5.0760660006773	0.78221032791091
5.0700567901235	0.78221038325533
5.0640617905405	0.78221044322883
5.0580809515775	0.78221050781314
5.0521142231210	0.78221057698712
5.0461615552937	0.78221065072673
5.0402228984533	0.78221072900506
5.0342982031906	0.78221081179234
5.0283874203287	0.78221089905595
5.0224905009214	0.78221099076046
5.0166073962517	0.78221108686759
5.0107380578305	0.78221118733630
5.0048824373957	0.78221129212276
4.9990404869101	0.78221140118035
4.9932121585610	0.78221151445975
4.9873974047579	0.78221163190890
4.9815961781323	0.78221175347302
4.9758084315353	0.78221187909469
4.9700341180371	0.78221200871379
4.9642731909256	0.78221214226761
4.9585256037049	0.78221227969080
4.9527913100942	0.78221242091544
4.9470702640264	0.78221256587104
4.9413624196473	0.78221271448460
4.9356677313138	0.78221286668059
4.9299861535932	0.78221302238102
4.9243176412615	0.78221318150546
4.9186621493027	0.78221334397104
4.9130196329072	0.78221350969253
4.9073900474709	0.78221367858232
4.9017733485939	0.78221385055050
4.8961694920790	0.78221402550485
4.8905784339315	0.78221420335090
4.8850001303569	0.78221438399197
4.8794345377604	0.78221456732918
4.8738816127459	0.78221475326149
4.8683413121143	0.78221494168576
4.8628135928629	0.78221513249676
4.8572984121841	0.78221532558723
4.8517957274640	0.78221552084791
4.8463054962819	0.78221571816756
4.8408276764088	0.78221591743302
4.8353622258065	0.78221611852927
4.8299091026261	0.78221632133942
4.8244682652076	0.78221652574480
4.8190396720784	0.78221673162496
4.8136232819525	0.78221693885776
4.8082190537289	0.78221714731938
4.8028269464915	0.78221735688436
4.7974469195071	0.78221756742568
4.7920789322251	0.78221777881476
4.7867229442759	0.78221799092155
4.7813789154705	0.78221820361454
4.7760468057989	0.78221841676083
4.7707265754297	0.78221863022618
4.7654181847083	0.78221884387502
4.7601215941569	0.78221905757056
4.7548367644726	0.78221927117477
4.7495636565272	0.78221948454851
4.7443022313657	0.78221969755149
4.7390524502055	0.78221991004239
4.7338142744355	0.78222012187890
4.7285876656151	0.78222033291773
4.7233725854735	0.78222054301471
4.7181689959081	0.78222075202481
4.7129768589844	0.78222095980222
4.7077961369347	0.78222116620038
4.7026267921569	0.78222137107204
4.6974687872140	0.78222157426932
4.6923220848333	0.78222177564377
4.6871866479049	0.78222197504640
4.6820624394815	0.78222217232777
4.6769494227769	0.78222236733799
4.6718475611657	0.78222255992686
4.6667568181818	0.78222274994383
4.6616771575183	0.78222293723815
4.6566085430258	0.78222312165883
4.6515509387122	0.78222330305479
4.6465043087415	0.78222348127485
4.6414686174330	0.78222365616783
4.6364438292607	0.78222382758256
4.6314299088522	0.78222399536800
4.6264268209877	0.78222415937324
4.6214345305997	0.78222431944759
4.6164530027718	0.78222447544063
4.6114822027380	0.78222462720229
4.6065220958820	0.78222477458284
4.6015726477360	0.78222491743305
4.5966338239804	0.78222505560416
4.5917055904426	0.78222518894799
4.5867879130967	0.78222531731698
4.5818807580621	0.78222544056424
4.5769840916031	0.78222555854365
4.5720978801281	0.78222567110986
4.5672220901889	0.78222577811840
4.5623566884797	0.78222587942571
4.5575016418364	0.78222597488921
4.5526569172361	0.78222606436736
4.5478224817961	0.78222614771972
4.5429983027731	0.78222622480699
4.5381843475628	0.78222629549110
4.5333805836988	0.78222635963526
4.5285869788520	0.78222641710399
4.5238035008299	0.78222646776322
4.5190301175761	0.78222651148032
4.5142667971691	0.78222654812417
4.5095135078219	0.78222657756523
4.5047702178813	0.78222659967556
4.5000368958271	0.78222661432894
4.4953135102714	0.78222662140084
4.4906000299581	0.78222662076858
4.4858964237618	0.78222661231130
4.4812026606876	0.78222659591007
4.4765187098701	0.78222657144793
4.4718445405728	0.78222653880993
4.4671801221875	0.78222649788324
4.4625254242334	0.78222644855711
4.4578804163569	0.78222639072304
4.4532450683304	0.78222632427476
4.4486193500519	0.78222624910828
4.4440032315446	0.78222616512201
4.4393966829557	0.78222607221675
4.4347996745562	0.78222597029576
4.4302121767401	0.78222585926484
4.4256341600236	0.78222573903235
4.4210655950450	0.78222560950928
4.4165064525633	0.78222547060930
4.4119567034584	0.78222532224879
4.4074163187298	0.78222516434694
4.4028852694963	0.78222499682575
4.3983635269953	0.78222481961009
4.3938510625824	0.78222463262780
4.3893478477306	0.78222443580965
4.3848538540295	0.78222422908948
4.3803690531853	0.78222401240416
4.3758934170194	0.78222378569371
4.3714269174686	0.78222354890132
4.3669695265841	0.78222330197337
4.3625212165309	0.78222304485952
4.3580819595871	0.78222277751272
4.3536517281441	0.78222249988926
4.3492304947048	0.78222221194884
4.3448182318841	0.78222191365457
4.3404149124077	0.78222160497304
4.3360205091119	0.78222128587436
4.3316349949429	0.78222095633217
4.3272583429561	0.78222061632373
4.3228905263158	0.78222026582991
4.3185315182944	0.78221990483526
4.3141812922723	0.78221953332803
4.3098398217366	0.78221915130019
4.3055070802815	0.78221875874752
4.3011830416069	0.78221835566958
4.2968676795184	0.78221794206978
4.2925609679267	0.78221751795541
4.2882628808468	0.78221708333766
4.2839733923978	0.78221663823164
4.2796924768023	0.78221618265646
4.2754201083856	0.78221571663518
4.2711562615757	0.78221524019491
4.2669009109024	0.78221475336680
4.2626540309967	0.78221425618604
4.2584155965909	0.78221374869196
4.2541855825174	0.78221323092798
4.2499639637085	0.78221270294168
4.2457507151961	0.78221216478476
4.2415458121109	0.78221161651315
4.2373492296820	0.78221105818695
4.2331609432364	0.78221048987048
4.2289809281986	0.78220991163230
4.2248091600902	0.78220932354520
4.2206456145291	0.78220872568626
4.2164902672293	0.78220811813680
4.2123430940003	0.78220750098246
4.2082040707468	0.78220687431315
4.2040731734680	0.78220623822309
4.1999503782572	0.78220559281083
4.1958356613016	0.78220493817921
4.1917289988814	0.78220427443543
4.1876303673697	0.78220360169097
4.1835397432319	0.78220292006169
4.1794571030252	0.78220222966775
4.1753824233983	0.78220153063366
4.1713156810909	0.78220082308824
4.1672568529330	0.78220010716466
4.1632059158450	0.78219938300038
4.1591628468368	0.78219865073722
4.1551276230076	0.78219791052128
4.1511002215453	0.78219716250296
4.1470806197261	0.78219640683698
4.1430687949143	0.78219564368229
4.1390647245616	0.78219487320217
4.1350683862069	0.78219409556409
4.1310797574755	0.78219331093979
4.1270988160793	0.78219251950524
4.1231255398157	0.78219172144058
4.1191599065677	0.78219091693014
4.1152018943034	0.78219010616242
4.1112514810752	0.78218928933003
4.1073086450199	0.78218846662971
4.1033733643581	0.78218763826228
4.0994456173937	0.78218680443259
4.0955253825137	0.78218596534953
4.0916126381875	0.78218512122599
4.0877073629670	0.78218427227880
4.0838095354856	0.78218341872872
4.0799191344584	0.78218256080041
4.0760361386812	0.78218169872235
4.0721605270307	0.78218083272685
4.0682922784638	0.78217996304998
4.0644313720174	0.78217908993153
4.0605777868075	0.78217821361498
4.0567315020298	0.78217733434742
4.0528924969582	0.78217645237955
4.0490607509454	0.78217556796557
4.0452362434219	0.78217468136320
4.0414189538959	0.78217379283354
4.0376088619529	0.78217290264111
4.0338059472551	0.78217201105370
4.0300101895416	0.78217111834239
4.0262215686274	0.78217022478143
4.0224400644036	0.78216933064821
4.0186656568365	0.78216843622319
4.0148983259676	0.78216754178982
4.0111380519133	0.78216664763449
4.0073848148643	0.78216575404644
4.0036385950855	0.78216486131772
3.9998993729153	0.78216396974308
3.9961671287657	0.78216307961992
3.9924418431216	0.78216219124818
3.9887234965407	0.78216130493031
3.9850120696531	0.78216042097116
3.9813075431607	0.78215953967788
3.9776098978373	0.78215866135986
3.9739191145281	0.78215778632865
3.9702351741491	0.78215691489785
3.9665580576872	0.78215604738301
3.9628877461996	0.78215518410158
3.9592242208135	0.78215432537278
3.9555674627260	0.78215347151749
3.9519174532033	0.78215262285821
3.9482741735809	0.78215177971890
3.9446376052632	0.78215094242491
3.9410077297226	0.78215011130285
3.9373845285001	0.78214928668052
3.9337679832043	0.78214846888677
3.9301580755113	0.78214765825140
3.9265547871644	0.78214685510505
3.9229580999738	0.78214605977909
3.9193679958164	0.78214527260548
3.9157844566353	0.78214449391669
3.9122074644395	0.78214372404553
3.9086370013038	0.78214296332509
3.9050730493682	0.78214221208855
3.9015155908381	0.78214147066911
3.8979646079834	0.78214073939982
3.8944200831385	0.78214001861347
3.8908819987021	0.78213930864245
3.8873503371369	0.78213860981863
3.8838250809690	0.78213792247320
3.8803062127880	0.78213724693656
3.8767937152463	0.78213658353814
3.8732875710594	0.78213593260630
3.8697877630050	0.78213529446815
3.8662942739231	0.78213466944944
3.8628070867156	0.78213405787438
3.8593261843460	0.78213346006550
3.8558515498392	0.78213287634349
3.8523831662812	0.78213230702707
3.8489210168186	0.78213175243280
3.8454650846588	0.78213121287495
3.8420153530693	0.78213068866532
3.8385718053777	0.78213018011308
3.8351344249712	0.78212968752461
3.8317031952965	0.78212921120335
3.8282780998595	0.78212875144959
3.8248591222251	0.78212830856034
3.8214462460166	0.78212788282912
3.8180394549159	0.78212747454583
3.8146387326632	0.78212708399653
3.8112440630562	0.78212671146328
3.8078554299505	0.78212635722396
3.8044728172589	0.78212602155210
3.8010962089514	0.78212570471666
3.7977255890550	0.78212540698188
3.7943609416530	0.78212512860706
3.7910022508852	0.78212486984641
3.7876495009476	0.78212463094879
3.7843026760919	0.78212441215760
3.7809617606256	0.78212421371052
3.7776267389113	0.78212403583932
3.7742975953670	0.78212387876971
3.7709743144654	0.78212374272106
3.7676568807339	0.78212362790625
3.7643452787544	0.78212353453145
3.7610394931627	0.78212346279591
3.7577395086488	0.78212341289175
3.7544453099562	0.78212338500374
3.7511568818819	0.78212337930911
3.7478742092762	0.78212339597730
3.7445972770422	0.78212343516978
3.7413260701360	0.78212349703978
3.7380605735661	0.78212358173214
3.7348007723932	0.78212368938303
3.7315466517301	0.78212382011972
3.7282981967417	0.78212397406041
3.7250553926441	0.78212415131394
3.7218182247052	0.78212435197959
3.7185866782436	0.78212457614686
3.7153607386293	0.78212482389520
3.7121403912828	0.78212509529381
3.7089256216751	0.78212539040135
3.7057164153276	0.78212570926579
3.7025127578115	0.78212605192407
3.6993146347483	0.78212641840192
3.6961220318087	0.78212680871359
3.6929349347130	0.78212722286164
3.6897533292308	0.78212766083662
3.6865772011805	0.78212812261689
3.6834065364295	0.78212860816834
3.6802413208937	0.78212911744414
3.6770815405372	0.78212965038449
3.6739271813725	0.78213020691633
3.6707782294600	0.78213078695315
3.6676346709078	0.78213139039467
3.6644964918714	0.78213201712662
3.6613636785540	0.78213266702043
3.6582362172056	0.78213333993301
3.6551140941234	0.78213403570649
3.6519972956511	0.78213475416790
3.6488858081792	0.78213549512895
3.6457796181442	0.78213625838574
3.6426787120292	0.78213704371851
3.6395830763628	0.78213785089132
3.6364926977196	0.78213867965183
3.6334075627197	0.78213952973099
3.6303276580286	0.78214040084277
3.6272529703569	0.78214129268391
3.6241834864603	0.78214220493359
3.6211191931393	0.78214313725319
3.6180600772387	0.78214408928597
3.6150061256481	0.78214506065685
3.6119573253012	0.78214605097204
3.6089136631756	0.78214705981884
3.6058751262930	0.78214808676528
3.6028417017185	0.78214913135988
3.5998133765610	0.78215019313134
3.5967901379724	0.78215127158826
3.5937719731479	0.78215236621883
3.5907588693257	0.78215347649057
3.5877508137865	0.78215460184999
3.5847477938539	0.78215574172234
3.5817497968937	0.78215689551128
3.5787568103140	0.78215806259862
3.5757688215649	0.78215924234398
3.5727858181385	0.78216043408452
3.5698077875685	0.78216163713463
3.5668347174301	0.78216285078564
3.5638665953400	0.78216407430550
3.5609034089559	0.78216530693850
3.5579451459767	0.78216654790493
3.5549917941421	0.78216779640083
3.5520433412322	0.78216905159765
3.5490997750681	0.78217031264194
3.5461610835108	0.78217157865507
3.5432272544616	0.78217284873290
3.5402982758621	0.78217412194549
3.5373741356932	0.78217539733678
3.5344548219759	0.78217667392428
3.5315403227706	0.78217795069878
3.5286306261770	0.78217922662402
3.5257257203340	0.78218050063640
3.5228255934195	0.78218177164464
3.5199302336503	0.78218303852949
3.5170396292820	0.78218430014343
3.5141537686086	0.78218555531033
3.5112726399625	0.78218680282517
3.5083962317145	0.78218804145370
3.5055245322732	0.78218926993213
3.5026575300853	0.78219048696683
3.4997952136353	0.78219169123404
3.4969375714452	0.78219288137950
3.4940845920746	0.78219405601817
3.4912362641202	0.78219521373393
3.4883925762160	0.78219635307926
3.4855535170329	0.78219747257488
3.4827190752788	0.78219857070951
3.4798892396982	0.78219964593952
3.4770639990721	0.78220069668861
3.4742433422181	0.78220172134752
3.4714272579898	0.78220271827369
3.4686157352771	0.78220368579097
3.4658087630058	0.78220462218931
3.4630063301375	0.78220552572443
3.4602084256694	0.78220639461752
3.4574150386345	0.78220722705494
3.4546261581009	0.78220802118787
3.4518417731721	0.78220877513206
3.4490618729867	0.78220948696747
3.4462864467180	0.78221015473798
3.4435154835745	0.78221077645107
3.4407489727993	0.78221135007756
3.4379869036697	0.78221187355122
3.4352292654979	0.78221234476854
3.4324760476300	0.78221276158839
3.4297272394463	0.78221312183171
3.4269828303612	0.78221342328122
3.4242428098230	0.78221366368111
3.4215071673134	0.78221384073675
3.4187758923480	0.78221395211438
3.4160489744758	0.78221399544079
3.4133264032791	0.78221396830306
3.4106081683732	0.78221386824824
3.4078942594066	0.78221369278305
3.4051846660609	0.78221343937360
3.4024793780502	0.78221310544507
3.3997783851213	0.78221268838145
3.3970816770538	0.78221218552523
3.3943892436594	0.78221159417711
3.3917010747822	0.78221091159571
3.3890171602984	0.78221013499729
3.3863374901163	0.78220926155546
3.3836620541761	0.78220828840090
3.3809908424495	0.78220721262108
3.3783238449403	0.78220603125995
3.3756610516834	0.78220474131771
3.3730024527453	0.78220333975050
3.3703480382237	0.78220182347014
3.3676977982476	0.78220018934383
3.3650517229768	0.78219843419392
3.3624098026021	0.78219655479761
3.3597720273451	0.78219454788669
3.3571383874580	0.78219241014728
3.3545088732237	0.78219013821956
3.3518834749553	0.78218772869752
3.3492621829963	0.78218517812870
3.3466449877205	0.78218248301390
3.3440318795315	0.78217963980700
3.3414228488631	0.78217664491461
3.3388178861789	0.78217349469593
3.3362169819720	0.78217018546240
3.3336201267653	0.78216671347755
3.3310273111111	0.78216307495667
