#Parameters = {thARC=0; nARC=1.5; thsub=1; p=1; nSub=2.75}
#"Wavelength / um"	"T (391) [Real Part]"
#---------------------------------------
14.989622900000	0.78222132787538
14.937342202292	0.78222132564019
14.885424925521	0.78222132326044
14.833867293419	0.78222132073963
14.782665581854	0.78222131808124
14.731816117936	0.78222131528872
14.681315279138	0.78222131236552
14.631159492435	0.78222130931504
14.581345233463	0.78222130614068
14.531869025691	0.78222130284579
14.482727439614	0.78222129943374
14.433917091960	0.78222129590784
14.385434644914	0.78222129227138
14.337276805356	0.78222128852766
14.289440324118	0.78222128467991
14.241921995249	0.78222128073138
14.194718655303	0.78222127668526
14.147827182633	0.78222127254475
14.101244496707	0.78222126831301
14.054967557431	0.78222126399317
14.008993364486	0.78222125958835
13.963318956684	0.78222125510164
13.917941411328	0.78222125053611
13.872857843591	0.78222124589481
13.828065405904	0.78222124118074
13.783561287356	0.78222123639692
13.739342713107	0.78222123154632
13.695406943810	0.78222122663188
13.651751275046	0.78222122165653
13.608373036768	0.78222121662317
13.565269592760	0.78222121153469
13.522438340099	0.78222120639393
13.479876708633	0.78222120120374
13.437582160466	0.78222119596690
13.395552189455	0.78222119068621
13.353784320713	0.78222118536443
13.312276110124	0.78222118000429
13.271025143869	0.78222117460850
13.230029037952	0.78222116917974
13.189285437747	0.78222116372069
13.148792017544	0.78222115823397
13.108546480105	0.78222115272220
13.068546556234	0.78222114718796
13.028790004346	0.78222114163384
12.989274610052	0.78222113606235
12.949998185745	0.78222113047603
12.910958570198	0.78222112487736
12.872153628167	0.78222111926881
12.833581250000	0.78222111365282
12.795239351259	0.78222110803181
12.757125872340	0.78222110240817
12.719238778108	0.78222109678429
12.681576057530	0.78222109116249
12.644135723323	0.78222108554510
12.606915811606	0.78222107993442
12.569914381551	0.78222107433272
12.533129515050	0.78222106874224
12.496559316382	0.78222106316522
12.460201911887	0.78222105760384
12.424055449648	0.78222105206028
12.388118099174	0.78222104653669
12.352388051092	0.78222104103519
12.316863516845	0.78222103555789
12.281542728390	0.78222103010686
12.246423937908	0.78222102468415
12.211505417515	0.78222101929179
12.176785458976	0.78222101393179
12.142262373431	0.78222100860611
12.107934491115	0.78222100331671
12.073800161095	0.78222099806552
12.039857751004	0.78222099285445
12.006105646776	0.78222098768537
11.972542252396	0.78222098256015
11.939165989646	0.78222097748060
11.905975297855	0.78222097244855
11.872968633663	0.78222096746577
11.840144470774	0.78222096253402
11.807501299724	0.78222095765504
11.775037627651	0.78222095283053
11.742751978065	0.78222094806218
11.710642890625	0.78222094335166
11.678708920919	0.78222093870059
11.646948640249	0.78222093411060
11.615360635413	0.78222092958327
11.583943508501	0.78222092512016
11.552695876686	0.78222092072283
11.521616372022	0.78222091639278
11.490703641242	0.78222091213150
11.459956345566	0.78222090794048
11.429373160503	0.78222090382114
11.398952775665	0.78222089977492
11.368693894577	0.78222089580322
11.338595234493	0.78222089190739
11.308655526217	0.78222088808881
11.278873513920	0.78222088434878
11.249247954972	0.78222088068863
11.219777619760	0.78222087710961
11.190461291527	0.78222087361300
11.161297766195	0.78222087020002
11.132285852209	0.78222086687189
11.103424370370	0.78222086362978
11.074712153676	0.78222086047486
11.046148047163	0.78222085740827
11.017730907755	0.78222085443113
10.989459604106	0.78222085154453
10.961333016453	0.78222084874954
10.933350036470	0.78222084604720
10.905509567115	0.78222084343854
10.877810522496	0.78222084092456
10.850251827723	0.78222083850625
10.822832418773	0.78222083618454
10.795551242348	0.78222083396039
10.768407255747	0.78222083183469
10.741399426729	0.78222082980834
10.714526733381	0.78222082788220
10.687788163993	0.78222082605711
10.661182716927	0.78222082433390
10.634709400497	0.78222082271336
10.608367232838	0.78222082119627
10.582155241793	0.78222081978338
10.556072464789	0.78222081847542
10.530117948718	0.78222081727312
10.504290749825	0.78222081617714
10.478589933590	0.78222081518817
10.453014574616	0.78222081430683
10.427563756522	0.78222081353377
10.402236571825	0.78222081286958
10.377032121841	0.78222081231483
10.351949516575	0.78222081187010
10.326987874612	0.78222081153590
10.302146323024	0.78222081131277
10.277423997257	0.78222081120120
10.252820041040	0.78222081120166
10.228333606278	0.78222081131460
10.203963852961	0.78222081154046
10.179709949066	0.78222081187964
10.155571070461	0.78222081233255
10.131546400811	0.78222081289954
10.107635131490	0.78222081358097
10.083836461487	0.78222081437717
10.060149597315	0.78222081528845
10.036573752929	0.78222081631509
10.013108149633	0.78222081745737
9.9897520159947	0.78222081871554
9.9665045877660	0.78222082008981
9.9433651077944	0.78222082158041
9.9203328259431	0.78222082318752
9.8974069990096	0.78222082491131
9.8745868906456	0.78222082675193
9.8518717712783	0.78222082870952
9.8292609180328	0.78222083078418
9.8067536146549	0.78222083297601
9.7843491514360	0.78222083528507
9.7620468251384	0.78222083771144
9.7398459389214	0.78222084025513
9.7177458022690	0.78222084291617
9.6957457309185	0.78222084569455
9.6738450467893	0.78222084859026
9.6520430779137	0.78222085160325
9.6303391583681	0.78222085473347
9.6087326282051	0.78222085798085
9.5872228333866	0.78222086134528
9.5658091257179	0.78222086482667
9.5444908627826	0.78222086842487
9.5232674078780	0.78222087213974
9.5021381299525	0.78222087597112
9.4811024035421	0.78222087991882
9.4601596087094	0.78222088398265
9.4393091309824	0.78222088816239
9.4185503612944	0.78222089245779
9.3978826959248	0.78222089686862
9.3773055364404	0.78222090139461
9.3568182896380	0.78222090603546
9.3364203674868	0.78222091079088
9.3161111870727	0.78222091566054
9.2958901705426	0.78222092064412
9.2757567450495	0.78222092574126
9.2557103426984	0.78222093095159
9.2357504004929	0.78222093627474
9.2158763602828	0.78222094171029
9.1960876687117	0.78222094725784
9.1763837771656	0.78222095291696
9.1567641417227	0.78222095868719
9.1372282231027	0.78222096456807
9.1177754866180	0.78222097055914
9.0984054021244	0.78222097665988
9.0791174439733	0.78222098286981
9.0599110909640	0.78222098918838
9.0407858262967	0.78222099561507
9.0217411375263	0.78222100214932
9.0027765165165	0.78222100879057
8.9838914593947	0.78222101553823
8.9650854665072	0.78222102239170
8.9463580423754	0.78222102935038
8.9277086956522	0.78222103641365
8.9091369390788	0.78222104358085
8.8906422894425	0.78222105085135
8.8722242675348	0.78222105822447
8.8538823981099	0.78222106569954
8.8356162098438	0.78222107327586
8.8174252352941	0.78222108095272
8.7993090108600	0.78222108872942
8.7812670767428	0.78222109660520
8.7632989769073	0.78222110457933
8.7454042590432	0.78222111265106
8.7275824745269	0.78222112081960
8.7098331783847	0.78222112908418
8.6921559292549	0.78222113744400
8.6745502893519	0.78222114589825
8.6570158244297	0.78222115444611
8.6395521037464	0.78222116308675
8.6221587000288	0.78222117181933
8.6048351894374	0.78222118064299
8.5875811515325	0.78222118955686
8.5703961692396	0.78222119856006
8.5532798288160	0.78222120765171
8.5362317198178	0.78222121683090
8.5192514350668	0.78222122609672
8.5023385706183	0.78222123544825
8.4854927257288	0.78222124488455
8.4687135028249	0.78222125440468
8.4520005074711	0.78222126400768
8.4353533483399	0.78222127369260
8.4187716371806	0.78222128345845
8.4022549887892	0.78222129330424
8.3858030209790	0.78222130322899
8.3694153545505	0.78222131323169
8.3530916132627	0.78222132331132
8.3368314238042	0.78222133346686
8.3206344157646	0.78222134369727
8.3045002216066	0.78222135400152
8.2884284766381	0.78222136437854
8.2724188189845	0.78222137482728
8.2564708895621	0.78222138534667
8.2405843320506	0.78222139593563
8.2247587928669	0.78222140659308
8.2089939211391	0.78222141731791
8.1932893686800	0.78222142810903
8.1776447899618	0.78222143896532
8.1620598420909	0.78222144988566
8.1465341847826	0.78222146086893
8.1310674803363	0.78222147191399
8.1156593936113	0.78222148301969
8.1003095920022	0.78222149418489
8.0850177454153	0.78222150540843
8.0697835262450	0.78222151668915
8.0546066093498	0.78222152802586
8.0394866720300	0.78222153941741
8.0244233940043	0.78222155086259
8.0094164573871	0.78222156236022
7.9944655466667	0.78222157390909
7.9795703486825	0.78222158550802
7.9647305526036	0.78222159715577
7.9499458499072	0.78222160885114
7.9352159343568	0.78222162059291
7.9205405019815	0.78222163237985
7.9059192510549	0.78222164421071
7.8913518820742	0.78222165608427
7.8768380977404	0.78222166799928
7.8623776029373	0.78222167995448
7.8479701047120	0.78222169194863
7.8336153122550	0.78222170398046
7.8193129368805	0.78222171604871
7.8050626920073	0.78222172815211
7.7908642931393	0.78222174028939
7.7767174578470	0.78222175245926
7.7626219057483	0.78222176466045
7.7485773584906	0.78222177689167
7.7345835397317	0.78222178915163
7.7206401751223	0.78222180143903
7.7067469922879	0.78222181375258
7.6929037208109	0.78222182609097
7.6791100922131	0.78222183845291
7.6653658399386	0.78222185083708
7.6516706993364	0.78222186324217
7.6380244076433	0.78222187566687
7.6244267039674	0.78222188810987
7.6108773292714	0.78222190056983
7.5973760263558	0.78222191304545
7.5839225398432	0.78222192553539
7.5705166161616	0.78222193803833
7.5571580035291	0.78222195055294
7.5438464519376	0.78222196307789
7.5305817131374	0.78222197561184
7.5173635406219	0.78222198815347
7.5041916896120	0.78222200070143
7.4910659170415	0.78222201325439
7.4779859815415	0.78222202581101
7.4649516434263	0.78222203836995
7.4519626646781	0.78222205092986
7.4390188089330	0.78222206348941
7.4261198414664	0.78222207604725
7.4132655291790	0.78222208860204
7.4004556405826	0.78222210115243
7.3876899457861	0.78222211369708
7.3749682164822	0.78222212623465
7.3622902259332	0.78222213876378
7.3496557489581	0.78222215128314
7.3370645619187	0.78222216379138
7.3245164427071	0.78222217628714
7.3120111707317	0.78222218876910
7.2995485269053	0.78222220123590
7.2871282936315	0.78222221368620
7.2747502547925	0.78222222611866
7.2624141957364	0.78222223853194
7.2501199032648	0.78222225092469
7.2378671656205	0.78222226329558
7.2256557724753	0.78222227564327
7.2134855149182	0.78222228796642
7.2013561854432	0.78222230026369
7.1892675779376	0.78222231253375
7.1772194876706	0.78222232477527
7.1652117112811	0.78222233698692
7.1532440467669	0.78222234916736
7.1413162934731	0.78222236131529
7.1294282520809	0.78222237342936
7.1175797245964	0.78222238550826
7.1057705143399	0.78222239755066
7.0940004259347	0.78222240955526
7.0822692652965	0.78222242152074
7.0705768396226	0.78222243344579
7.0589229573817	0.78222244532909
7.0473074283028	0.78222245716935
7.0357300633654	0.78222246896527
7.0241906747891	0.78222248071553
7.0126890760234	0.78222249241886
7.0012250817375	0.78222250407396
6.9897985078107	0.78222251567953
6.9784091713222	0.78222252723431
6.9670568905415	0.78222253873700
6.9557414849188	0.78222255018633
6.9444627750753	0.78222256158103
6.9332205827937	0.78222257291983
6.9220147310090	0.78222258420147
6.9108450437990	0.78222259542469
6.8997113463751	0.78222260658824
6.8886134650735	0.78222261769086
6.8775512273457	0.78222262873132
6.8665244617499	0.78222263970836
6.8555329979419	0.78222265062077
6.8445766666667	0.78222266146730
6.8336552997493	0.78222267224673
6.8227687300865	0.78222268295785
6.8119167916383	0.78222269359944
6.8010993194192	0.78222270417029
6.7903161494904	0.78222271466921
6.7795671189507	0.78222272509498
6.7688520659291	0.78222273544644
6.7581708295762	0.78222274572238
6.7475232500563	0.78222275592163
6.7369091685393	0.78222276604302
6.7263284271932	0.78222277608539
6.7157808691756	0.78222278604756
6.7052663386267	0.78222279592840
6.6947846806610	0.78222280572675
6.6843357413601	0.78222281544147
6.6739193677649	0.78222282507144
6.6635354078684	0.78222283461551
6.6531837106081	0.78222284407259
6.6428641258586	0.78222285344154
6.6325765044248	0.78222286272128
6.6223206980340	0.78222287191069
6.6120965593295	0.78222288100869
6.6019039418630	0.78222289001421
6.5917427000879	0.78222289892615
6.5816126893524	0.78222290774346
6.5715137658922	0.78222291646507
6.5614457868243	0.78222292508993
6.5514086101399	0.78222293361700
6.5414020946978	0.78222294204524
6.5314261002179	0.78222295037363
6.5214804872743	0.78222295860114
6.5115651172893	0.78222296672676
6.5016798525266	0.78222297474949
6.4918245560849	0.78222298266833
6.4819990918919	0.78222299048230
6.4722033246978	0.78222299819042
6.4624371200690	0.78222300579172
6.4527003443823	0.78222301328523
6.4429928648184	0.78222302067002
6.4333145493562	0.78222302794513
6.4236652667667	0.78222303510963
6.4140448866068	0.78222304216259
6.4044532792138	0.78222304910311
6.3948903156997	0.78222305593027
6.3853558679446	0.78222306264318
6.3758498085921	0.78222306924095
6.3663720110427	0.78222307572271
6.3569223494487	0.78222308208757
6.3475006987084	0.78222308833469
6.3381069344609	0.78222309446321
6.3287409330800	0.78222310047230
6.3194025716695	0.78222310636112
6.3100917280572	0.78222311212886
6.3008082807902	0.78222311777470
6.2915521091291	0.78222312329784
6.2823230930427	0.78222312869750
6.2731211132036	0.78222313397290
6.2639460509820	0.78222313912326
6.2547977884415	0.78222314414782
6.2456762083333	0.78222314904584
6.2365811940919	0.78222315381658
6.2275126298297	0.78222315845931
6.2184704003319	0.78222316297330
6.2094543910522	0.78222316735786
6.2004644881075	0.78222317161229
6.1915005782734	0.78222317573590
6.1825625489792	0.78222317972801
6.1736502883031	0.78222318358796
6.1647636849681	0.78222318731510
6.1559026283368	0.78222319090879
6.1470670084068	0.78222319436838
6.1382567158067	0.78222319769327
6.1294716417910	0.78222320088284
6.1207116782360	0.78222320393649
6.1119767176351	0.78222320685364
6.1032666530945	0.78222320963370
6.0945813783289	0.78222321227612
6.0859207876573	0.78222321478033
6.0772847759984	0.78222321714581
6.0686732388664	0.78222321937200
6.0600860723671	0.78222322145841
6.0515231731934	0.78222322340450
6.0429844386212	0.78222322520980
6.0344697665056	0.78222322687381
6.0259790552764	0.78222322839606
6.0175122039342	0.78222322977609
6.0090691120465	0.78222323101344
6.0006496797438	0.78222323210769
5.9922538077154	0.78222323305839
5.9838813972056	0.78222323386513
5.9755323500100	0.78222323452752
5.9672065684713	0.78222323504515
5.9589039554760	0.78222323541766
5.9506244144502	0.78222323564466
5.9423678493558	0.78222323572580
5.9341341646873	0.78222323566075
5.9259232654675	0.78222323544915
5.9177350572444	0.78222323509071
5.9095694460871	0.78222323458509
5.9014263385827	0.78222323393202
5.8933056418321	0.78222323313120
5.8852072634472	0.78222323218237
5.8771311115468	0.78222323108525
5.8690770947533	0.78222322983961
5.8610451221896	0.78222322844520
5.8530351034752	0.78222322690180
5.8450469487229	0.78222322520921
5.8370805685358	0.78222322336721
5.8291358740035	0.78222322137562
5.8212127766990	0.78222321923427
5.8133111886756	0.78222321694299
5.8054310224632	0.78222321450163
5.7975721910656	0.78222321191005
5.7897346079567	0.78222320916813
5.7819181870781	0.78222320627575
5.7741228428351	0.78222320323280
5.7663484900942	0.78222320003920
5.7585950441798	0.78222319669487
5.7508624208709	0.78222319319975
5.7431505363985	0.78222318955377
5.7354593074421	0.78222318575691
5.7277886511272	0.78222318180912
5.7201384850219	0.78222317771040
5.7125087271341	0.78222317346073
5.7048992959087	0.78222316906013
5.6973101102242	0.78222316450862
5.6897410893908	0.78222315980623
5.6821921531463	0.78222315495300
5.6746632216544	0.78222314994899
5.6671542155009	0.78222314479427
5.6596650556919	0.78222313948891
5.6521956636501	0.78222313403302
5.6447459612126	0.78222312842670
5.6373158706281	0.78222312267007
5.6299053145540	0.78222311676325
5.6225142160540	0.78222311070639
5.6151424985952	0.78222310449965
5.6077900860456	0.78222309814318
5.6004569026714	0.78222309163717
5.5931428731343	0.78222308498180
5.5858479224893	0.78222307817728
5.5785719761816	0.78222307122383
5.5713149600446	0.78222306412167
5.5640768002970	0.78222305687104
5.5568574235403	0.78222304947219
5.5496567567568	0.78222304192538
5.5424747273063	0.78222303423088
5.5353112629247	0.78222302638899
5.5281662917204	0.78222301840000
5.5210397421731	0.78222301026421
5.5139315431304	0.78222300198196
5.5068416238060	0.78222299355358
5.4997699137773	0.78222298497941
5.4927163429828	0.78222297625980
5.4856808417200	0.78222296739513
5.4786633406433	0.78222295838578
5.4716637707611	0.78222294923213
5.4646820634342	0.78222293993460
5.4577181503732	0.78222293049359
5.4507719636364	0.78222292090953
5.4438434356274	0.78222291118287
5.4369324990932	0.78222290131405
5.4300390871219	0.78222289130353
5.4231631331404	0.78222288115178
5.4163045709124	0.78222287085928
5.4094633345363	0.78222286042654
5.4026393584430	0.78222284985405
5.3958325773938	0.78222283914234
5.3890429264785	0.78222282829193
5.3822703411131	0.78222281730336
5.3755147570378	0.78222280617717
5.3687761103152	0.78222279491394
5.3620543373278	0.78222278351423
5.3553493747767	0.78222277197863
5.3486611596789	0.78222276030772
5.3419896293656	0.78222274850212
5.3353347214807	0.78222273656243
5.3286963739780	0.78222272448929
5.3220745251198	0.78222271228333
5.3154691134752	0.78222269994519
5.3088800779175	0.78222268747553
5.3023073576229	0.78222267487502
5.2957508920685	0.78222266214434
5.2892106210303	0.78222264928417
5.2826864845815	0.78222263629522
5.2761784230905	0.78222262317818
5.2696863772192	0.78222260993379
5.2632102879213	0.78222259656276
5.2567500964405	0.78222258306584
5.2503057443082	0.78222256944377
5.2438771733427	0.78222255569731
5.2374643256464	0.78222254182723
5.2310671436050	0.78222252783430
5.2246855698850	0.78222251371931
5.2183195474326	0.78222249948307
5.2119690194715	0.78222248512636
5.2056339295016	0.78222247065002
5.1993142212973	0.78222245605485
5.1930098389052	0.78222244134170
5.1867207266436	0.78222242651141
5.1804468290997	0.78222241156483
5.1741880911288	0.78222239650281
5.1679444578521	0.78222238132624
5.1617158746556	0.78222236603598
5.1555022871883	0.78222235063292
5.1493036413604	0.78222233511797
5.1431198833419	0.78222231949201
5.1369509595613	0.78222230375597
5.1307968167037	0.78222228791077
5.1246574017094	0.78222227195733
5.1185326617722	0.78222225589660
5.1124225443383	0.78222223972950
5.1063269971044	0.78222222345701
5.1002459680163	0.78222220708008
5.0941794052676	0.78222219059969
5.0881272572980	0.78222217401679
5.0820894727920	0.78222215733239
5.0760660006773	0.78222214054747
5.0700567901235	0.78222212366304
5.0640617905405	0.78222210668009
5.0580809515775	0.78222208959965
5.0521142231210	0.78222207242273
5.0461615552937	0.78222205515036
5.0402228984533	0.78222203778359
5.0342982031906	0.78222202032344
5.0283874203287	0.78222200277096
5.0224905009214	0.78222198512723
5.0166073962517	0.78222196739328
5.0107380578305	0.78222194957021
5.0048824373957	0.78222193165907
4.9990404869101	0.78222191366095
4.9932121585610	0.78222189557694
4.9873974047579	0.78222187740813
4.9815961781323	0.78222185915561
4.9758084315353	0.78222184082050
4.9700341180371	0.78222182240391
4.9642731909256	0.78222180390695
4.9585256037049	0.78222178533074
4.9527913100942	0.78222176667641
4.9470702640264	0.78222174794509
4.9413624196473	0.78222172913793
4.9356677313138	0.78222171025605
4.9299861535932	0.78222169130062
4.9243176412615	0.78222167227277
4.9186621493027	0.78222165317368
4.9130196329072	0.78222163400450
4.9073900474709	0.78222161476639
4.9017733485939	0.78222159546053
4.8961694920790	0.78222157608809
4.8905784339315	0.78222155665026
4.8850001303569	0.78222153714820
4.8794345377604	0.78222151758312
4.8738816127459	0.78222149795620
4.8683413121143	0.78222147826863
4.8628135928629	0.78222145852161
4.8572984121841	0.78222143871634
4.8517957274640	0.78222141885403
4.8463054962819	0.78222139893588
4.8408276764088	0.78222137896311
4.8353622258065	0.78222135893692
4.8299091026261	0.78222133885854
4.8244682652076	0.78222131872918
4.8190396720784	0.78222129855006
4.8136232819525	0.78222127832241
4.8082190537289	0.78222125804744
4.8028269464915	0.78222123772640
4.7974469195071	0.78222121736050
4.7920789322251	0.78222119695099
4.7867229442759	0.78222117649909
4.7813789154705	0.78222115600603
4.7760468057989	0.78222113547306
4.7707265754297	0.78222111490142
4.7654181847083	0.78222109429233
4.7601215941569	0.78222107364705
4.7548367644726	0.78222105296681
4.7495636565272	0.78222103225285
4.7443022313657	0.78222101150642
4.7390524502055	0.78222099072875
4.7338142744355	0.78222096992110
4.7285876656151	0.78222094908471
4.7233725854735	0.78222092822081
4.7181689959081	0.78222090733066
4.7129768589844	0.78222088641549
4.7077961369347	0.78222086547655
4.7026267921569	0.78222084451508
4.6974687872140	0.78222082353233
4.6923220848333	0.78222080252954
4.6871866479049	0.78222078150793
4.6820624394815	0.78222076046877
4.6769494227769	0.78222073941328
4.6718475611657	0.78222071834269
4.6667568181818	0.78222069725826
4.6616771575183	0.78222067616120
4.6566085430258	0.78222065505276
4.6515509387122	0.78222063393416
4.6465043087415	0.78222061280663
4.6414686174330	0.78222059167140
4.6364438292607	0.78222057052969
4.6314299088522	0.78222054938273
4.6264268209877	0.78222052823173
4.6214345305997	0.78222050707791
4.6164530027718	0.78222048592247
4.6114822027380	0.78222046476665
4.6065220958820	0.78222044361163
4.6015726477360	0.78222042245862
4.5966338239804	0.78222040130883
4.5917055904426	0.78222038016345
4.5867879130967	0.78222035902368
4.5818807580621	0.78222033789069
4.5769840916031	0.78222031676569
4.5720978801281	0.78222029564985
4.5672220901889	0.78222027454434
4.5623566884797	0.78222025345033
4.5575016418364	0.78222023236901
4.5526569172361	0.78222021130152
4.5478224817961	0.78222019024903
4.5429983027731	0.78222016921268
4.5381843475628	0.78222014819363
4.5333805836988	0.78222012719302
4.5285869788520	0.78222010621198
4.5238035008299	0.78222008525165
4.5190301175761	0.78222006431314
4.5142667971691	0.78222004339758
4.5095135078219	0.78222002250608
4.5047702178813	0.78222000163975
4.5000368958271	0.78221998079968
4.4953135102714	0.78221995998698
4.4906000299581	0.78221993920271
4.4858964237618	0.78221991844798
4.4812026606876	0.78221989772384
4.4765187098701	0.78221987703136
4.4718445405728	0.78221985637160
4.4671801221875	0.78221983574562
4.4625254242334	0.78221981515444
4.4578804163569	0.78221979459912
4.4532450683304	0.78221977408066
4.4486193500519	0.78221975360010
4.4440032315446	0.78221973315845
4.4393966829557	0.78221971275670
4.4347996745562	0.78221969239584
4.4302121767401	0.78221967207687
4.4256341600236	0.78221965180075
4.4210655950450	0.78221963156846
4.4165064525633	0.78221961138095
4.4119567034584	0.78221959123917
4.4074163187298	0.78221957114405
4.4028852694963	0.78221955109653
4.3983635269953	0.78221953109753
4.3938510625824	0.78221951114794
4.3893478477306	0.78221949124868
4.3848538540295	0.78221947140062
4.3803690531853	0.78221945160465
4.3758934170194	0.78221943186164
4.3714269174686	0.78221941217243
4.3669695265841	0.78221939253788
4.3625212165309	0.78221937295882
4.3580819595871	0.78221935343607
4.3536517281441	0.78221933397045
4.3492304947048	0.78221931456275
4.3448182318841	0.78221929521376
4.3404149124077	0.78221927592426
4.3360205091119	0.78221925669501
4.3316349949429	0.78221923752677
4.3272583429561	0.78221921842027
4.3228905263158	0.78221919937625
4.3185315182944	0.78221918039541
4.3141812922723	0.78221916147847
4.3098398217366	0.78221914262610
4.3055070802815	0.78221912383899
4.3011830416069	0.78221910511780
4.2968676795184	0.78221908646317
4.2925609679267	0.78221906787575
4.2882628808468	0.78221904935615
4.2839733923978	0.78221903090499
4.2796924768023	0.78221901252286
4.2754201083856	0.78221899421034
4.2711562615757	0.78221897596799
4.2669009109024	0.78221895779637
4.2626540309967	0.78221893969601
4.2584155965909	0.78221892166743
4.2541855825174	0.78221890371115
4.2499639637085	0.78221888582766
4.2457507151961	0.78221886801743
4.2415458121109	0.78221885028092
4.2373492296820	0.78221883261859
4.2331609432364	0.78221881503085
4.2289809281986	0.78221879751813
4.2248091600902	0.78221878008083
4.2206456145291	0.78221876271932
4.2164902672293	0.78221874543398
4.2123430940003	0.78221872822515
4.2082040707468	0.78221871109317
4.2040731734680	0.78221869403836
4.1999503782572	0.78221867706101
4.1958356613016	0.78221866016141
4.1917289988814	0.78221864333982
4.1876303673697	0.78221862659650
4.1835397432319	0.78221860993167
4.1794571030252	0.78221859334555
4.1753824233983	0.78221857683834
4.1713156810909	0.78221856041021
4.1672568529330	0.78221854406132
4.1632059158450	0.78221852779183
4.1591628468368	0.78221851160184
4.1551276230076	0.78221849549147
4.1511002215453	0.78221847946080
4.1470806197261	0.78221846350990
4.1430687949143	0.78221844763883
4.1390647245616	0.78221843184761
4.1350683862069	0.78221841613625
4.1310797574755	0.78221840050475
4.1270988160793	0.78221838495308
4.1231255398157	0.78221836948119
4.1191599065677	0.78221835408903
4.1152018943034	0.78221833877649
4.1112514810752	0.78221832354348
4.1073086450199	0.78221830838986
4.1033733643581	0.78221829331551
4.0994456173937	0.78221827832024
4.0955253825137	0.78221826340387
4.0916126381875	0.78221824856619
4.0877073629670	0.78221823380699
4.0838095354856	0.78221821912599
4.0799191344584	0.78221820452295
4.0760361386812	0.78221818999756
4.0721605270307	0.78221817554952
4.0682922784638	0.78221816117849
4.0644313720174	0.78221814688411
4.0605777868075	0.78221813266601
4.0567315020298	0.78221811852380
4.0528924969582	0.78221810445704
4.0490607509454	0.78221809046531
4.0452362434219	0.78221807654812
4.0414189538959	0.78221806270501
4.0376088619529	0.78221804893546
4.0338059472551	0.78221803523893
4.0300101895416	0.78221802161488
4.0262215686274	0.78221800806272
4.0224400644036	0.78221799458186
4.0186656568365	0.78221798117168
4.0148983259676	0.78221796783153
4.0111380519133	0.78221795456074
4.0073848148643	0.78221794135861
4.0036385950855	0.78221792822444
3.9998993729153	0.78221791515749
3.9961671287657	0.78221790215699
3.9924418431216	0.78221788922215
3.9887234965407	0.78221787635216
3.9850120696531	0.78221786354620
3.9813075431607	0.78221785080340
3.9776098978373	0.78221783812288
3.9739191145281	0.78221782550373
3.9702351741491	0.78221781294502
3.9665580576872	0.78221780044580
3.9628877461996	0.78221778800508
3.9592242208135	0.78221777562186
3.9555674627260	0.78221776329511
3.9519174532033	0.78221775102377
3.9482741735809	0.78221773880676
3.9446376052632	0.78221772664299
3.9410077297226	0.78221771453131
3.9373845285001	0.78221770247057
3.9337679832043	0.78221769045958
3.9301580755113	0.78221767849715
3.9265547871644	0.78221766658205
3.9229580999738	0.78221765471300
3.9193679958164	0.78221764288872
3.9157844566353	0.78221763110792
3.9122074644395	0.78221761936924
3.9086370013038	0.78221760767133
3.9050730493682	0.78221759601279
3.9015155908381	0.78221758439222
3.8979646079834	0.78221757280817
3.8944200831385	0.78221756125918
3.8908819987021	0.78221754974374
3.8873503371369	0.78221753826034
3.8838250809690	0.78221752680743
3.8803062127880	0.78221751538344
3.8767937152463	0.78221750398676
3.8732875710594	0.78221749261576
3.8697877630050	0.78221748126879
3.8662942739231	0.78221746994417
3.8628070867156	0.78221745864018
3.8593261843460	0.78221744735509
3.8558515498392	0.78221743608713
3.8523831662812	0.78221742483452
3.8489210168186	0.78221741359542
3.8454650846588	0.78221740236800
3.8420153530693	0.78221739115037
3.8385718053777	0.78221737994064
3.8351344249712	0.78221736873688
3.8317031952965	0.78221735753712
3.8282780998595	0.78221734633938
3.8248591222251	0.78221733514164
3.8214462460166	0.78221732394187
3.8180394549159	0.78221731273799
3.8146387326632	0.78221730152790
3.8112440630562	0.78221729030947
3.8078554299505	0.78221727908056
3.8044728172589	0.78221726783897
3.8010962089514	0.78221725658249
3.7977255890550	0.78221724530889
3.7943609416530	0.78221723401589
3.7910022508852	0.78221722270119
3.7876495009476	0.78221721136248
3.7843026760919	0.78221719999738
3.7809617606256	0.78221718860353
3.7776267389113	0.78221717717850
3.7742975953670	0.78221716571986
3.7709743144654	0.78221715422513
3.7676568807339	0.78221714269182
3.7643452787544	0.78221713111739
3.7610394931627	0.78221711949930
3.7577395086488	0.78221710783494
3.7544453099562	0.78221709612172
3.7511568818819	0.78221708435698
3.7478742092762	0.78221707253804
3.7445972770422	0.78221706066222
3.7413260701360	0.78221704872677
3.7380605735661	0.78221703672893
3.7348007723932	0.78221702466591
3.7315466517301	0.78221701253490
3.7282981967417	0.78221700033305
3.7250553926441	0.78221698805746
3.7218182247052	0.78221697570525
3.7185866782436	0.78221696327347
3.7153607386293	0.78221695075915
3.7121403912828	0.78221693815930
3.7089256216751	0.78221692547089
3.7057164153276	0.78221691269087
3.7025127578115	0.78221689981615
3.6993146347483	0.78221688684363
3.6961220318087	0.78221687377015
3.6929349347130	0.78221686059254
3.6897533292308	0.78221684730761
3.6865772011805	0.78221683391212
3.6834065364295	0.78221682040280
3.6802413208937	0.78221680677637
3.6770815405372	0.78221679302952
3.6739271813725	0.78221677915888
3.6707782294600	0.78221676516108
3.6676346709078	0.78221675103271
3.6644964918714	0.78221673677033
3.6613636785540	0.78221672237048
3.6582362172056	0.78221670782965
3.6551140941234	0.78221669314433
3.6519972956511	0.78221667831095
3.6488858081792	0.78221666332593
3.6457796181442	0.78221664818566
3.6426787120292	0.78221663288649
3.6395830763628	0.78221661742474
3.6364926977196	0.78221660179672
3.6334075627197	0.78221658599869
3.6303276580286	0.78221657002689
3.6272529703569	0.78221655387752
3.6241834864603	0.78221653754678
3.6211191931393	0.78221652103081
3.6180600772387	0.78221650432572
3.6150061256481	0.78221648742762
3.6119573253012	0.78221647033257
3.6089136631756	0.78221645303660
3.6058751262930	0.78221643553571
3.6028417017185	0.78221641782588
3.5998133765610	0.78221639990306
3.5967901379724	0.78221638176317
3.5937719731479	0.78221636340209
3.5907588693257	0.78221634481569
3.5877508137865	0.78221632599980
3.5847477938539	0.78221630695021
3.5817497968937	0.78221628766272
3.5787568103140	0.78221626813305
3.5757688215649	0.78221624835692
3.5727858181385	0.78221622833003
3.5698077875685	0.78221620804804
3.5668347174301	0.78221618750658
3.5638665953400	0.78221616670124
3.5609034089559	0.78221614562761
3.5579451459767	0.78221612428123
3.5549917941421	0.78221610265763
3.5520433412322	0.78221608075228
3.5490997750681	0.78221605856066
3.5461610835108	0.78221603607819
3.5432272544616	0.78221601330030
3.5402982758621	0.78221599022234
3.5373741356932	0.78221596683969
3.5344548219759	0.78221594314765
3.5315403227706	0.78221591914153
3.5286306261770	0.78221589481660
3.5257257203340	0.78221587016809
3.5228255934195	0.78221584519122
3.5199302336503	0.78221581988119
3.5170396292820	0.78221579423314
3.5141537686086	0.78221576824222
3.5112726399625	0.78221574190352
3.5083962317145	0.78221571521213
3.5055245322732	0.78221568816311
3.5026575300853	0.78221566075147
3.4997952136353	0.78221563297222
3.4969375714452	0.78221560482033
3.4940845920746	0.78221557629074
3.4912362641202	0.78221554737839
3.4883925762160	0.78221551807817
3.4855535170329	0.78221548838493
3.4827190752788	0.78221545829354
3.4798892396982	0.78221542779880
3.4770639990721	0.78221539689551
3.4742433422181	0.78221536557843
3.4714272579898	0.78221533384231
3.4686157352771	0.78221530168187
3.4658087630058	0.78221526909178
3.4630063301375	0.78221523606673
3.4602084256694	0.78221520260135
3.4574150386345	0.78221516869026
3.4546261581009	0.78221513432805
3.4518417731721	0.78221509950929
3.4490618729867	0.78221506422852
3.4462864467180	0.78221502848027
3.4435154835745	0.78221499225903
3.4407489727993	0.78221495555927
3.4379869036697	0.78221491837544
3.4352292654979	0.78221488070196
3.4324760476300	0.78221484253324
3.4297272394463	0.78221480386365
3.4269828303612	0.78221476468756
3.4242428098230	0.78221472499928
3.4215071673134	0.78221468479314
3.4187758923480	0.78221464406342
3.4160489744758	0.78221460280438
3.4133264032791	0.78221456101027
3.4106081683732	0.78221451867530
3.4078942594066	0.78221447579368
3.4051846660609	0.78221443235958
3.4024793780502	0.78221438836716
3.3997783851213	0.78221434381055
3.3970816770538	0.78221429868386
3.3943892436594	0.78221425298119
3.3917010747822	0.78221420669661
3.3890171602984	0.78221415982416
3.3863374901163	0.78221411235788
3.3836620541761	0.78221406429177
3.3809908424495	0.78221401561983
3.3783238449403	0.78221396633603
3.3756610516834	0.78221391643430
3.3730024527453	0.78221386590859
3.3703480382237	0.78221381475281
3.3676977982476	0.78221376296084
3.3650517229768	0.78221371052656
3.3624098026021	0.78221365744383
3.3597720273451	0.78221360370647
3.3571383874580	0.78221354930832
3.3545088732237	0.78221349424315
3.3518834749553	0.78221343850477
3.3492621829963	0.78221338208692
3.3466449877205	0.78221332498336
3.3440318795315	0.78221326718782
3.3414228488631	0.78221320869400
3.3388178861789	0.78221314949560
3.3362169819720	0.78221308958631
3.3336201267653	0.78221302895978
3.3310273111111	0.78221296760966
