#Parameters = {thARC=0.2; nARC=1.5; thsub=1; p=1; nSub=2.75}
#"Wavelength / um"	"T (392) [Real Part]"
#---------------------------------------
14.989622900000	0.78481364112090
14.937342202292	0.78483431630816
14.885424925521	0.78485496176195
14.833867293419	0.78487557926223
14.782665581854	0.78489617056815
14.731816117936	0.78491673741822
14.681315279138	0.78493728153034
14.631159492435	0.78495780460201
14.581345233463	0.78497830831038
14.531869025691	0.78499879431242
14.482727439614	0.78501926424500
14.433917091960	0.78503971972503
14.385434644914	0.78506016234958
14.337276805356	0.78508059369599
14.289440324118	0.78510101532200
14.241921995249	0.78512142876587
14.194718655303	0.78514183554651
14.147827182633	0.78516223716359
14.101244496707	0.78518263509764
14.054967557431	0.78520303081022
14.008993364486	0.78522342574401
13.963318956684	0.78524382132296
13.917941411328	0.78526421895236
13.872857843591	0.78528462001904
13.828065405904	0.78530502589141
13.783561287356	0.78532543791965
13.739342713107	0.78534585743580
13.695406943810	0.78536628575391
13.651751275046	0.78538672417010
13.608373036768	0.78540717396279
13.565269592760	0.78542763639273
13.522438340099	0.78544811270316
13.479876708633	0.78546860411994
13.437582160466	0.78548911185167
13.395552189455	0.78550963708981
13.353784320713	0.78553018100881
13.312276110124	0.78555074476623
13.271025143869	0.78557132950288
13.230029037952	0.78559193634291
13.189285437747	0.78561256639397
13.148792017544	0.78563322074733
13.108546480105	0.78565390047799
13.068546556234	0.78567460664481
13.028790004346	0.78569534029063
12.989274610052	0.78571610244243
12.949998185745	0.78573689411139
12.910958570198	0.78575771629309
12.872153628167	0.78577856996757
12.833581250000	0.78579945609950
12.795239351259	0.78582037563827
12.757125872340	0.78584132951814
12.719238778108	0.78586231865836
12.681576057530	0.78588334396328
12.644135723323	0.78590440632250
12.606915811606	0.78592550661097
12.569914381551	0.78594664568911
12.533129515050	0.78596782440297
12.496559316382	0.78598904358433
12.460201911887	0.78601030405080
12.424055449648	0.78603160660599
12.388118099174	0.78605295203962
12.352388051092	0.78607434112760
12.316863516845	0.78609577463223
12.281542728390	0.78611725330226
12.246423937908	0.78613877787302
12.211505417515	0.78616034906658
12.176785458976	0.78618196759184
12.142262373431	0.78620363414466
12.107934491115	0.78622534940799
12.073800161095	0.78624711405196
12.039857751004	0.78626892873404
12.006105646776	0.78629079409917
11.972542252396	0.78631271077981
11.939165989646	0.78633467939615
11.905975297855	0.78635670055615
11.872968633663	0.78637877485574
11.840144470774	0.78640090287885
11.807501299724	0.78642308519763
11.775037627651	0.78644532237246
11.742751978065	0.78646761495216
11.710642890625	0.78648996347407
11.678708920919	0.78651236846417
11.646948640249	0.78653483043719
11.615360635413	0.78655734989673
11.583943508501	0.78657992733542
11.552695876686	0.78660256323496
11.521616372022	0.78662525806630
11.490703641242	0.78664801228972
11.459956345566	0.78667082635497
11.429373160503	0.78669370070137
11.398952775665	0.78671663575792
11.368693894577	0.78673963194343
11.338595234493	0.78676268966665
11.308655526217	0.78678580932631
11.278873513920	0.78680899131134
11.249247954972	0.78683223600089
11.219777619760	0.78685554376449
11.190461291527	0.78687891496217
11.161297766195	0.78690234994452
11.132285852209	0.78692584905287
11.103424370370	0.78694941261934
11.074712153676	0.78697304096700
11.046148047163	0.78699673440993
11.017730907755	0.78702049325338
10.989459604106	0.78704431779383
10.961333016453	0.78706820831915
10.933350036470	0.78709216510866
10.905509567115	0.78711618843327
10.877810522496	0.78714027855558
10.850251827723	0.78716443572998
10.822832418773	0.78718866020274
10.795551242348	0.78721295221216
10.768407255747	0.78723731198864
10.741399426729	0.78726173975480
10.714526733381	0.78728623572556
10.687788163993	0.78731080010829
10.661182716927	0.78733543310286
10.634709400497	0.78736013490179
10.608367232838	0.78738490569032
10.582155241793	0.78740974564651
10.556072464789	0.78743465494137
10.530117948718	0.78745963373894
10.504290749825	0.78748468219640
10.478589933590	0.78750980046414
10.453014574616	0.78753498868591
10.427563756522	0.78756024699886
10.402236571825	0.78758557553370
10.377032121841	0.78761097441474
10.351949516575	0.78763644376002
10.326987874612	0.78766198368141
10.302146323024	0.78768759428468
10.277423997257	0.78771327566961
10.252820041040	0.78773902793008
10.228333606278	0.78776485115418
10.203963852961	0.78779074542429
10.179709949066	0.78781671081715
10.155571070461	0.78784274740399
10.131546400811	0.78786885525063
10.107635131490	0.78789503441750
10.083836461487	0.78792128495982
10.060149597315	0.78794760692762
10.036573752929	0.78797400036588
10.013108149633	0.78800046531457
9.9897520159947	0.78802700180880
9.9665045877660	0.78805360987882
9.9433651077944	0.78808028955021
9.9203328259431	0.78810704084388
9.8974069990096	0.78813386377621
9.8745868906456	0.78816075835910
9.8518717712783	0.78818772460006
9.8292609180328	0.78821476250234
9.8067536146549	0.78824187206494
9.7843491514360	0.78826905328274
9.7620468251384	0.78829630614658
9.7398459389214	0.78832363064332
9.7177458022690	0.78835102675593
9.6957457309185	0.78837849446358
9.6738450467893	0.78840603374171
9.6520430779137	0.78843364456212
9.6303391583681	0.78846132689301
9.6087326282051	0.78848908069911
9.5872228333866	0.78851690594173
9.5658091257179	0.78854480257885
9.5444908627826	0.78857277056514
9.5232674078780	0.78860080985214
9.5021381299525	0.78862892038824
9.4811024035421	0.78865710211878
9.4601596087094	0.78868535498616
9.4393091309824	0.78871367892986
9.4185503612944	0.78874207388655
9.3978826959248	0.78877053979013
9.3773055364404	0.78879907657183
9.3568182896380	0.78882768416027
9.3364203674868	0.78885636248152
9.3161111870727	0.78888511145917
9.2958901705426	0.78891393101441
9.2757567450495	0.78894282106609
9.2557103426984	0.78897178153078
9.2357504004929	0.78900081232285
9.2158763602828	0.78902991335452
9.1960876687117	0.78905908453595
9.1763837771656	0.78908832577526
9.1567641417227	0.78911763697864
9.1372282231027	0.78914701805040
9.1177754866180	0.78917646889300
9.0984054021244	0.78920598940716
9.0791174439733	0.78923557949189
9.0599110909640	0.78926523904455
9.0407858262967	0.78929496796093
9.0217411375263	0.78932476613530
9.0027765165165	0.78935463346043
8.9838914593947	0.78938456982774
8.9650854665072	0.78941457512725
8.9463580423754	0.78944464924771
8.9277086956522	0.78947479207662
8.9091369390788	0.78950500350032
8.8906422894425	0.78953528340399
8.8722242675348	0.78956563167175
8.8538823981099	0.78959604818671
8.8356162098438	0.78962653283098
8.8174252352941	0.78965708548579
8.7993090108600	0.78968770603148
8.7812670767428	0.78971839434758
8.7632989769073	0.78974915031286
8.7454042590432	0.78977997380536
8.7275824745269	0.78981086470246
8.7098331783847	0.78984182288093
8.6921559292549	0.78987284821697
8.6745502893519	0.78990394058623
8.6570158244297	0.78993509986390
8.6395521037464	0.78996632592475
8.6221587000288	0.78999761864313
8.6048351894374	0.79002897789307
8.5875811515325	0.79006040354829
8.5703961692396	0.79009189548226
8.5532798288160	0.79012345356823
8.5362317198178	0.79015507767928
8.5192514350668	0.79018676768835
8.5023385706183	0.79021852346832
8.4854927257288	0.79025034489197
8.4687135028249	0.79028223183211
8.4520005074711	0.79031418416156
8.4353533483399	0.79034620175321
8.4187716371806	0.79037828448005
8.4022549887892	0.79041043221521
8.3858030209790	0.79044264483200
8.3694153545505	0.79047492220394
8.3530916132627	0.79050726420480
8.3368314238042	0.79053967070863
8.3206344157646	0.79057214158980
8.3045002216066	0.79060467672302
8.2884284766381	0.79063727598340
8.2724188189845	0.79066993924644
8.2564708895621	0.79070266638811
8.2405843320506	0.79073545728483
8.2247587928669	0.79076831181356
8.2089939211391	0.79080122985178
8.1932893686800	0.79083421127753
8.1776447899618	0.79086725596946
8.1620598420909	0.79090036380684
8.1465341847826	0.79093353466958
8.1310674803363	0.79096676843828
8.1156593936113	0.79100006499424
8.1003095920022	0.79103342421950
8.0850177454153	0.79106684599684
8.0697835262450	0.79110033020983
8.0546066093498	0.79113387674285
8.0394866720300	0.79116748548109
8.0244233940043	0.79120115631062
8.0094164573871	0.79123488911836
7.9944655466667	0.79126868379213
7.9795703486825	0.79130254022067
7.9647305526036	0.79133645829368
7.9499458499072	0.79137043790178
7.9352159343568	0.79140447893660
7.9205405019815	0.79143858129075
7.9059192510549	0.79147274485788
7.8913518820742	0.79150696953264
7.8768380977404	0.79154125521078
7.8623776029373	0.79157560178906
7.8479701047120	0.79161000916540
7.8336153122550	0.79164447723875
7.8193129368805	0.79167900590924
7.8050626920073	0.79171359507810
7.7908642931393	0.79174824464772
7.7767174578470	0.79178295452165
7.7626219057483	0.79181772460462
7.7485773584906	0.79185255480255
7.7345835397317	0.79188744502257
7.7206401751223	0.79192239517301
7.7067469922879	0.79195740516344
7.6929037208109	0.79199247490467
7.6791100922131	0.79202760430875
7.6653658399386	0.79206279328899
7.6516706993364	0.79209804175998
7.6380244076433	0.79213334963759
7.6244267039674	0.79216871683896
7.6108773292714	0.79220414328255
7.5973760263558	0.79223962888810
7.5839225398432	0.79227517357669
7.5705166161616	0.79231077727071
7.5571580035291	0.79234643989385
7.5438464519376	0.79238216137117
7.5305817131374	0.79241794162906
7.5173635406219	0.79245378059523
7.5041916896120	0.79248967819877
7.4910659170415	0.79252563437011
7.4779859815415	0.79256164904103
7.4649516434263	0.79259772214468
7.4519626646781	0.79263385361559
7.4390188089330	0.79267004338962
7.4261198414664	0.79270629140404
7.4132655291790	0.79274259759746
7.4004556405826	0.79277896190989
7.3876899457861	0.79281538428269
7.3749682164822	0.79285186465863
7.3622902259332	0.79288840298182
7.3496557489581	0.79292499919777
7.3370645619187	0.79296165325337
7.3245164427071	0.79299836509686
7.3120111707317	0.79303513467788
7.2995485269053	0.79307196194744
7.2871282936315	0.79310884685791
7.2747502547925	0.79314578936304
7.2624141957364	0.79318278941795
7.2501199032648	0.79321984697912
7.2378671656205	0.79325696200440
7.2256557724753	0.79329413445297
7.2134855149182	0.79333136428541
7.2013561854432	0.79336865146361
7.1892675779376	0.79340599595083
7.1772194876706	0.79344339771166
7.1652117112811	0.79348085671204
7.1532440467669	0.79351837291921
7.1413162934731	0.79355594630178
7.1294282520809	0.79359357682963
7.1175797245964	0.79363126447400
7.1057705143399	0.79366900920740
7.0940004259347	0.79370681100365
7.0822692652965	0.79374466983788
7.0705768396226	0.79378258568648
7.0589229573817	0.79382055852711
7.0473074283028	0.79385858833874
7.0357300633654	0.79389667510156
7.0241906747891	0.79393481879702
7.0126890760234	0.79397301940782
7.0012250817375	0.79401127691790
6.9897985078107	0.79404959131240
6.9784091713222	0.79408796257770
6.9670568905415	0.79412639070137
6.9557414849188	0.79416487567217
6.9444627750753	0.79420341748006
6.9332205827937	0.79424201611616
6.9220147310090	0.79428067157275
6.9108450437990	0.79431938384327
6.8997113463751	0.79435815292229
6.8886134650735	0.79439697880552
6.8775512273457	0.79443586148978
6.8665244617499	0.79447480097300
6.8555329979419	0.79451379725417
6.8445766666667	0.79455285033341
6.8336552997493	0.79459196021188
6.8227687300865	0.79463112689178
6.8119167916383	0.79467035037637
6.8010993194192	0.79470963066995
6.7903161494904	0.79474896777780
6.7795671189507	0.79478836170623
6.7688520659291	0.79482781246252
6.7581708295762	0.79486732005493
6.7475232500563	0.79490688449268
6.7369091685393	0.79494650578592
6.7263284271932	0.79498618394577
6.7157808691756	0.79502591898421
6.7052663386267	0.79506571091417
6.6947846806610	0.79510555974943
6.6843357413601	0.79514546550466
6.6739193677649	0.79518542819539
6.6635354078684	0.79522544783798
6.6531837106081	0.79526552444961
6.6428641258586	0.79530565804829
6.6325765044248	0.79534584865280
6.6223206980340	0.79538609628271
6.6120965593295	0.79542640095836
6.6019039418630	0.79546676270082
6.5917427000879	0.79550718153191
6.5816126893524	0.79554765747414
6.5715137658922	0.79558819055073
6.5614457868243	0.79562878078559
6.5514086101399	0.79566942820327
6.5414020946978	0.79571013282900
6.5314261002179	0.79575089468862
6.5214804872743	0.79579171380859
6.5115651172893	0.79583259021596
6.5016798525266	0.79587352393837
6.4918245560849	0.79591451500403
6.4819990918919	0.79595556344168
6.4722033246978	0.79599666928061
6.4624371200690	0.79603783255060
6.4527003443823	0.79607905328195
6.4429928648184	0.79612033150541
6.4333145493562	0.79616166725222
6.4236652667667	0.79620306055405
6.4140448866068	0.79624451144299
6.4044532792138	0.79628601995155
6.3948903156997	0.79632758611262
6.3853558679446	0.79636920995949
6.3758498085921	0.79641089152577
6.3663720110427	0.79645263084543
6.3569223494487	0.79649442795278
6.3475006987084	0.79653628288239
6.3381069344609	0.79657819566915
6.3287409330800	0.79662016634821
6.3194025716695	0.79666219495498
6.3100917280572	0.79670428152508
6.3008082807902	0.79674642609438
6.2915521091291	0.79678862869893
6.2823230930427	0.79683088937496
6.2731211132036	0.79687320815887
6.2639460509820	0.79691558508721
6.2547977884415	0.79695802019666
6.2456762083333	0.79700051352400
6.2365811940919	0.79704306510613
6.2275126298297	0.79708567498001
6.2184704003319	0.79712834318265
6.2094543910522	0.79717106975113
6.2004644881075	0.79721385472254
6.1915005782734	0.79725669813399
6.1825625489792	0.79729960002257
6.1736502883031	0.79734256042535
6.1647636849681	0.79738557937937
6.1559026283368	0.79742865692159
6.1470670084068	0.79747179308891
6.1382567158067	0.79751498791815
6.1294716417910	0.79755824144599
6.1207116782360	0.79760155370901
6.1119767176351	0.79764492474363
6.1032666530945	0.79768835458615
6.0945813783289	0.79773184327264
6.0859207876573	0.79777539083903
6.0772847759984	0.79781899732102
6.0686732388664	0.79786266275409
6.0600860723671	0.79790638717348
6.0515231731934	0.79795017061418
6.0429844386212	0.79799401311092
6.0344697665056	0.79803791469812
6.0259790552764	0.79808187540993
6.0175122039342	0.79812589528016
6.0090691120465	0.79816997434230
6.0006496797438	0.79821411262949
5.9922538077154	0.79825831017451
5.9838813972056	0.79830256700977
5.9755323500100	0.79834688316728
5.9672065684713	0.79839125867864
5.9589039554760	0.79843569357506
5.9506244144502	0.79848018788727
5.9423678493558	0.79852474164559
5.9341341646873	0.79856935487986
5.9259232654675	0.79861402761945
5.9177350572444	0.79865875989323
5.9095694460871	0.79870355172958
5.9014263385827	0.79874840315635
5.8933056418321	0.79879331420088
5.8852072634472	0.79883828488993
5.8771311115468	0.79888331524974
5.8690770947533	0.79892840530597
5.8610451221896	0.79897355508368
5.8530351034752	0.79901876460737
5.8450469487229	0.79906403390089
5.8370805685358	0.79910936298751
5.8291358740035	0.79915475188985
5.8212127766990	0.79920020062989
5.8133111886756	0.79924570922895
5.8054310224632	0.79929127770770
5.7975721910656	0.79933690608612
5.7897346079567	0.79938259438350
5.7819181870781	0.79942834261845
5.7741228428351	0.79947415080883
5.7663484900942	0.79952001897183
5.7585950441798	0.79956594712388
5.7508624208709	0.79961193528067
5.7431505363985	0.79965798345714
5.7354593074421	0.79970409166748
5.7277886511272	0.79975025992511
5.7201384850219	0.79979648824265
5.7125087271341	0.79984277663196
5.7048992959087	0.79988912510407
5.6973101102242	0.79993553366924
5.6897410893908	0.79998200233690
5.6821921531463	0.80002853111563
5.6746632216544	0.80007512001323
5.6671542155009	0.80012176903662
5.6596650556919	0.80016847819190
5.6521956636501	0.80021524748429
5.6447459612126	0.80026207691817
5.6373158706281	0.80030896649704
5.6299053145540	0.80035591622354
5.6225142160540	0.80040292609941
5.6151424985952	0.80044999612550
5.6077900860456	0.80049712630179
5.6004569026714	0.80054431662734
5.5931428731343	0.80059156710030
5.5858479224893	0.80063887771793
5.5785719761816	0.80068624847655
5.5713149600446	0.80073367937157
5.5640768002970	0.80078117039747
5.5568574235403	0.80082872154781
5.5496567567568	0.80087633281520
5.5424747273063	0.80092400419131
5.5353112629247	0.80097173566688
5.5281662917204	0.80101952723169
5.5210397421731	0.80106737887457
5.5139315431304	0.80111529058341
5.5068416238060	0.80116326234513
5.4997699137773	0.80121129414570
5.4927163429828	0.80125938597011
5.4856808417200	0.80130753780240
5.4786633406433	0.80135574962565
5.4716637707611	0.80140402142196
5.4646820634342	0.80145235317246
5.4577181503732	0.80150074485732
5.4507719636364	0.80154919645574
5.4438434356274	0.80159770794592
5.4369324990932	0.80164627930511
5.4300390871219	0.80169491050959
5.4231631331404	0.80174360153466
5.4163045709124	0.80179235235464
5.4094633345363	0.80184116294288
5.4026393584430	0.80189003327177
5.3958325773938	0.80193896331270
5.3890429264785	0.80198795303612
5.3822703411131	0.80203700241150
5.3755147570378	0.80208611140732
5.3687761103152	0.80213527999114
5.3620543373278	0.80218450812951
5.3553493747767	0.80223379578805
5.3486611596789	0.80228314293140
5.3419896293656	0.80233254952327
5.3353347214807	0.80238201552638
5.3286963739780	0.80243154090253
5.3220745251198	0.80248112561256
5.3154691134752	0.80253076961637
5.3088800779175	0.80258047287292
5.3023073576229	0.80263023534025
5.2957508920685	0.80268005697544
5.2892106210303	0.80272993773467
5.2826864845815	0.80277987757318
5.2761784230905	0.80282987644531
5.2696863772192	0.80287993430449
5.2632102879213	0.80293005110324
5.2567500964405	0.80298022679317
5.2503057443082	0.80303046132501
5.2438771733427	0.80308075464860
5.2374643256464	0.80313110671291
5.2310671436050	0.80318151746602
5.2246855698850	0.80323198685516
5.2183195474326	0.80328251482668
5.2119690194715	0.80333310132610
5.2056339295016	0.80338374629809
5.1993142212973	0.80343444968647
5.1930098389052	0.80348521143424
5.1867207266436	0.80353603148360
5.1804468290997	0.80358690977591
5.1741880911288	0.80363784625173
5.1679444578521	0.80368884085085
5.1617158746556	0.80373989351226
5.1555022871883	0.80379100417416
5.1493036413604	0.80384217277402
5.1431198833419	0.80389339924852
5.1369509595613	0.80394468353362
5.1307968167037	0.80399602556452
5.1246574017094	0.80404742527571
5.1185326617722	0.80409888260098
5.1124225443383	0.80415039747339
5.1063269971044	0.80420196982531
5.1002459680163	0.80425359958845
5.0941794052676	0.80430528669383
5.0881272572980	0.80435703107182
5.0820894727920	0.80440883265214
5.0760660006773	0.80446069136389
5.0700567901235	0.80451260713552
5.0640617905405	0.80456457989489
5.0580809515775	0.80461660956927
5.0521142231210	0.80466869608532
5.0461615552937	0.80472083936915
5.0402228984533	0.80477303934631
5.0342982031906	0.80482529594179
5.0283874203287	0.80487760908007
5.0224905009214	0.80492997868508
5.0166073962517	0.80498240468029
5.0107380578305	0.80503488698864
5.0048824373957	0.80508742553262
4.9990404869101	0.80514002023425
4.9932121585610	0.80519267101509
4.9873974047579	0.80524537779628
4.9815961781323	0.80529814049856
4.9758084315353	0.80535095904223
4.9700341180371	0.80540383334722
4.9642731909256	0.80545676333310
4.9585256037049	0.80550974891907
4.9527913100942	0.80556279002399
4.9470702640264	0.80561588656639
4.9413624196473	0.80566903846450
4.9356677313138	0.80572224563625
4.9299861535932	0.80577550799929
4.9243176412615	0.80582882547102
4.9186621493027	0.80588219796857
4.9130196329072	0.80593562540888
4.9073900474709	0.80598910770864
4.9017733485939	0.80604264478436
4.8961694920790	0.80609623655237
4.8905784339315	0.80614988292885
4.8850001303569	0.80620358382982
4.8794345377604	0.80625733917118
4.8738816127459	0.80631114886872
4.8683413121143	0.80636501283813
4.8628135928629	0.80641893099502
4.8572984121841	0.80647290325497
4.8517957274640	0.80652692953350
4.8463054962819	0.80658100974609
4.8408276764088	0.80663514380826
4.8353622258065	0.80668933163551
4.8299091026261	0.80674357314337
4.8244682652076	0.80679786824744
4.8190396720784	0.80685221686337
4.8136232819525	0.80690661890691
4.8082190537289	0.80696107429390
4.8028269464915	0.80701558294031
4.7974469195071	0.80707014476226
4.7920789322251	0.80712475967600
4.7867229442759	0.80717942759800
4.7813789154705	0.80723414844488
4.7760468057989	0.80728892213352
4.7707265754297	0.80734374858099
4.7654181847083	0.80739862770465
4.7601215941569	0.80745355942211
4.7548367644726	0.80750854365126
4.7495636565272	0.80756358031033
4.7443022313657	0.80761866931786
4.7390524502055	0.80767381059271
4.7338142744355	0.80772900405416
4.7285876656151	0.80778424962182
4.7233725854735	0.80783954721574
4.7181689959081	0.80789489675637
4.7129768589844	0.80795029816460
4.7077961369347	0.80800575136178
4.7026267921569	0.80806125626976
4.6974687872140	0.80811681281086
4.6923220848333	0.80817242090792
4.6871866479049	0.80822808048431
4.6820624394815	0.80828379146397
4.6769494227769	0.80833955377140
4.6718475611657	0.80839536733167
4.6667568181818	0.80845123207051
4.6616771575183	0.80850714791421
4.6566085430258	0.80856311478977
4.6515509387122	0.80861913262480
4.6465043087415	0.80867520134763
4.6414686174330	0.80873132088728
4.6364438292607	0.80878749117347
4.6314299088522	0.80884371213668
4.6264268209877	0.80889998370815
4.6214345305997	0.80895630581986
4.6164530027718	0.80901267840462
4.6114822027380	0.80906910139603
4.6065220958820	0.80912557472851
4.6015726477360	0.80918209833733
4.5966338239804	0.80923867215865
4.5917055904426	0.80929529612946
4.5867879130967	0.80935197018769
4.5818807580621	0.80940869427216
4.5769840916031	0.80946546832264
4.5720978801281	0.80952229227983
4.5672220901889	0.80957916608541
4.5623566884797	0.80963608968203
4.5575016418364	0.80969306301336
4.5526569172361	0.80975008602406
4.5478224817961	0.80980715865985
4.5429983027731	0.80986428086747
4.5381843475628	0.80992145259474
4.5333805836988	0.80997867379057
4.5285869788520	0.81003594440495
4.5238035008299	0.81009326438898
4.5190301175761	0.81015063369491
4.5142667971691	0.81020805227611
4.5095135078219	0.81026552008711
4.5047702178813	0.81032303708363
4.5000368958271	0.81038060322256
4.4953135102714	0.81043821846200
4.4906000299581	0.81049588276126
4.4858964237618	0.81055359608089
4.4812026606876	0.81061135838268
4.4765187098701	0.81066916962967
4.4718445405728	0.81072702978619
4.4671801221875	0.81078493881783
4.4625254242334	0.81084289669151
4.4578804163569	0.81090090337542
4.4532450683304	0.81095895883911
4.4486193500519	0.81101706305345
4.4440032315446	0.81107521599066
4.4393966829557	0.81113341762431
4.4347996745562	0.81119166792936
4.4302121767401	0.81124996688213
4.4256341600236	0.81130831446035
4.4210655950450	0.81136671064316
4.4165064525633	0.81142515541109
4.4119567034584	0.81148364874611
4.4074163187298	0.81154219063164
4.4028852694963	0.81160078105251
4.3983635269953	0.81165941999503
4.3938510625824	0.81171810744697
4.3893478477306	0.81177684339756
4.3848538540295	0.81183562783753
4.3803690531853	0.81189446075907
4.3758934170194	0.81195334215590
4.3714269174686	0.81201227202322
4.3669695265841	0.81207125035774
4.3625212165309	0.81213027715770
4.3580819595871	0.81218935242287
4.3536517281441	0.81224847615453
4.3492304947048	0.81230764835551
4.3448182318841	0.81236686903018
4.3404149124077	0.81242613818445
4.3360205091119	0.81248545582579
4.3316349949429	0.81254482196323
4.3272583429561	0.81260423660735
4.3228905263158	0.81266369977029
4.3185315182944	0.81272321146578
4.3141812922723	0.81278277170909
4.3098398217366	0.81284238051709
4.3055070802815	0.81290203790821
4.3011830416069	0.81296174390245
4.2968676795184	0.81302149852140
4.2925609679267	0.81308130178823
4.2882628808468	0.81314115372768
4.2839733923978	0.81320105436608
4.2796924768023	0.81326100373132
4.2754201083856	0.81332100185289
4.2711562615757	0.81338104876185
4.2669009109024	0.81344114449082
4.2626540309967	0.81350128907402
4.2584155965909	0.81356148254722
4.2541855825174	0.81362172494776
4.2499639637085	0.81368201631456
4.2457507151961	0.81374235668808
4.2415458121109	0.81380274611035
4.2373492296820	0.81386318462495
4.2331609432364	0.81392367227699
4.2289809281986	0.81398420911315
4.2248091600902	0.81404479518161
4.2206456145291	0.81410543053211
4.2164902672293	0.81416611521589
4.2123430940003	0.81422684928571
4.2082040707468	0.81428763279582
4.2040731734680	0.81434846580200
4.1999503782572	0.81440934836147
4.1958356613016	0.81447028053297
4.1917289988814	0.81453126237667
4.1876303673697	0.81459229395423
4.1835397432319	0.81465337532873
4.1794571030252	0.81471450656469
4.1753824233983	0.81477568772805
4.1713156810909	0.81483691888617
4.1672568529330	0.81489820010777
4.1632059158450	0.81495953146299
4.1591628468368	0.81502091302331
4.1551276230076	0.81508234486157
4.1511002215453	0.81514382705195
4.1470806197261	0.81520535966994
4.1430687949143	0.81526694279233
4.1390647245616	0.81532857649720
4.1350683862069	0.81539026086390
4.1310797574755	0.81545199597302
4.1270988160793	0.81551378190639
4.1231255398157	0.81557561874703
4.1191599065677	0.81563750657918
4.1152018943034	0.81569944548823
4.1112514810752	0.81576143556071
4.1073086450199	0.81582347688428
4.1033733643581	0.81588556954772
4.0994456173937	0.81594771364087
4.0955253825137	0.81600990925463
4.0916126381875	0.81607215648094
4.0877073629670	0.81613445541273
4.0838095354856	0.81619680614392
4.0799191344584	0.81625920876939
4.0760361386812	0.81632166338493
4.0721605270307	0.81638417008725
4.0682922784638	0.81644672897391
4.0644313720174	0.81650934014333
4.0605777868075	0.81657200369474
4.0567315020298	0.81663471972813
4.0528924969582	0.81669748834428
4.0490607509454	0.81676030964466
4.0452362434219	0.81682318373143
4.0414189538959	0.81688611070743
4.0376088619529	0.81694909067610
4.0338059472551	0.81701212374147
4.0300101895416	0.81707521000813
4.0262215686274	0.81713834958117
4.0224400644036	0.81720154256619
4.0186656568365	0.81726478906921
4.0148983259676	0.81732808919667
4.0111380519133	0.81739144305538
4.0073848148643	0.81745485075246
4.0036385950855	0.81751831239535
3.9998993729153	0.81758182809171
3.9961671287657	0.81764539794942
3.9924418431216	0.81770902207655
3.9887234965407	0.81777270058126
3.9850120696531	0.81783643357181
3.9813075431607	0.81790022115649
3.9776098978373	0.81796406344359
3.9739191145281	0.81802796054135
3.9702351741491	0.81809191255791
3.9665580576872	0.81815591960124
3.9628877461996	0.81821998177917
3.9592242208135	0.81828409919924
3.9555674627260	0.81834827196873
3.9519174532033	0.81841250019458
3.9482741735809	0.81847678398331
3.9446376052632	0.81854112344105
3.9410077297226	0.81860551867339
3.9373845285001	0.81866996978541
3.9337679832043	0.81873447688158
3.9301580755113	0.81879904006571
3.9265547871644	0.81886365944091
3.9229580999738	0.81892833510954
3.9193679958164	0.81899306717313
3.9157844566353	0.81905785573232
3.9122074644395	0.81912270088685
3.9086370013038	0.81918760273545
3.9050730493682	0.81925256137579
3.9015155908381	0.81931757690444
3.8979646079834	0.81938264941680
3.8944200831385	0.81944777900703
3.8908819987021	0.81951296576801
3.8873503371369	0.81957820979125
3.8838250809690	0.81964351116682
3.8803062127880	0.81970886998333
3.8767937152463	0.81977428632782
3.8732875710594	0.81983976028574
3.8697877630050	0.81990529194081
3.8662942739231	0.81997088137502
3.8628070867156	0.82003652866855
3.8593261843460	0.82010223389968
3.8558515498392	0.82016799714470
3.8523831662812	0.82023381847792
3.8489210168186	0.82029969797151
3.8454650846588	0.82036563569547
3.8420153530693	0.82043163171756
3.8385718053777	0.82049768610321
3.8351344249712	0.82056379891545
3.8317031952965	0.82062997021485
3.8282780998595	0.82069620005941
3.8248591222251	0.82076248850452
3.8214462460166	0.82082883560287
3.8180394549159	0.82089524140435
3.8146387326632	0.82096170595600
3.8112440630562	0.82102822930190
3.8078554299505	0.82109481148314
3.8044728172589	0.82116145253768
3.8010962089514	0.82122815250028
3.7977255890550	0.82129491140247
3.7943609416530	0.82136172927239
3.7910022508852	0.82142860613475
3.7876495009476	0.82149554201074
3.7843026760919	0.82156253691794
3.7809617606256	0.82162959087022
3.7776267389113	0.82169670387766
3.7742975953670	0.82176387594649
3.7709743144654	0.82183110707894
3.7676568807339	0.82189839727321
3.7643452787544	0.82196574652335
3.7610394931627	0.82203315481915
3.7577395086488	0.82210062214609
3.7544453099562	0.82216814848523
3.7511568818819	0.82223573381309
3.7478742092762	0.82230337810159
3.7445972770422	0.82237108131793
3.7413260701360	0.82243884342452
3.7380605735661	0.82250666437884
3.7348007723932	0.82257454413340
3.7315466517301	0.82264248263559
3.7282981967417	0.82271047982760
3.7250553926441	0.82277853564633
3.7218182247052	0.82284665002326
3.7185866782436	0.82291482288438
3.7153607386293	0.82298305415008
3.7121403912828	0.82305134373503
3.7089256216751	0.82311969154807
3.7057164153276	0.82318809749216
3.7025127578115	0.82325656146421
3.6993146347483	0.82332508335499
3.6961220318087	0.82339366304906
3.6929349347130	0.82346230042461
3.6897533292308	0.82353099535338
3.6865772011805	0.82359974770056
3.6834065364295	0.82366855732465
3.6802413208937	0.82373742407737
3.6770815405372	0.82380634780355
3.6739271813725	0.82387532834099
3.6707782294600	0.82394436552040
3.6676346709078	0.82401345916521
3.6644964918714	0.82408260909155
3.6613636785540	0.82415181510805
3.6582362172056	0.82422107701576
3.6551140941234	0.82429039460804
3.6519972956511	0.82435976767044
3.6488858081792	0.82442919598056
3.6457796181442	0.82449867930796
3.6426787120292	0.82456821741402
3.6395830763628	0.82463781005184
3.6364926977196	0.82470745696608
3.6334075627197	0.82477715789289
3.6303276580286	0.82484691255976
3.6272529703569	0.82491672068539
3.6241834864603	0.82498658197957
3.6211191931393	0.82505649614309
3.6180600772387	0.82512646286755
3.6150061256481	0.82519648183531
3.6119573253012	0.82526655271929
3.6089136631756	0.82533667518290
3.6058751262930	0.82540684887988
3.6028417017185	0.82547707345419
3.5998133765610	0.82554734853987
3.5967901379724	0.82561767376091
3.5937719731479	0.82568804873112
3.5907588693257	0.82575847305402
3.5877508137865	0.82582894632267
3.5847477938539	0.82589946811959
3.5817497968937	0.82597003801655
3.5787568103140	0.82604065557454
3.5757688215649	0.82611132034353
3.5727858181385	0.82618203186242
3.5698077875685	0.82625278965884
3.5668347174301	0.82632359324908
3.5638665953400	0.82639444213789
3.5609034089559	0.82646533581839
3.5579451459767	0.82653627377190
3.5549917941421	0.82660725546782
3.5520433412322	0.82667828036350
3.5490997750681	0.82674934790408
3.5461610835108	0.82682045752236
3.5432272544616	0.82689160863867
3.5402982758621	0.82696280066070
3.5373741356932	0.82703403298338
3.5344548219759	0.82710530498877
3.5315403227706	0.82717661604584
3.5286306261770	0.82724796551040
3.5257257203340	0.82731935272493
3.5228255934195	0.82739077701841
3.5199302336503	0.82746223770622
3.5170396292820	0.82753373408998
3.5141537686086	0.82760526545740
3.5112726399625	0.82767683108213
3.5083962317145	0.82774843022361
3.5055245322732	0.82782006212695
3.5026575300853	0.82789172602278
3.4997952136353	0.82796342112706
3.4969375714452	0.82803514664098
3.4940845920746	0.82810690175079
3.4912362641202	0.82817868562766
3.4883925762160	0.82825049742752
3.4855535170329	0.82832233629093
3.4827190752788	0.82839420134290
3.4798892396982	0.82846609169278
3.4770639990721	0.82853800643407
3.4742433422181	0.82860994464430
3.4714272579898	0.82868190538486
3.4686157352771	0.82875388770086
3.4658087630058	0.82882589062097
3.4630063301375	0.82889791315727
3.4602084256694	0.82896995430512
3.4574150386345	0.82904201304296
3.4546261581009	0.82911408833219
3.4518417731721	0.82918617911702
3.4490618729867	0.82925828432431
3.4462864467180	0.82933040286340
3.4435154835745	0.82940253362599
3.4407489727993	0.82947467548595
3.4379869036697	0.82954682729919
3.4352292654979	0.82961898790350
3.4324760476300	0.82969115611839
3.4297272394463	0.82976333074494
3.4269828303612	0.82983551056563
3.4242428098230	0.82990769434422
3.4215071673134	0.82997988082557
3.4187758923480	0.83005206873547
3.4160489744758	0.83012425678051
3.4133264032791	0.83019644364792
3.4106081683732	0.83026862800542
3.4078942594066	0.83034080850102
3.4051846660609	0.83041298376294
3.4024793780502	0.83048515239939
3.3997783851213	0.83055731299842
3.3970816770538	0.83062946412782
3.3943892436594	0.83070160433489
3.3917010747822	0.83077373214633
3.3890171602984	0.83084584606807
3.3863374901163	0.83091794458511
3.3836620541761	0.83099002616138
3.3809908424495	0.83106208923955
3.3783238449403	0.83113413224092
3.3756610516834	0.83120615356522
3.3730024527453	0.83127815159049
3.3703480382237	0.83135012467290
3.3676977982476	0.83142207114659
3.3650517229768	0.83149398932355
3.3624098026021	0.83156587749343
3.3597720273451	0.83163773392337
3.3571383874580	0.83170955685791
3.3545088732237	0.83178134451878
3.3518834749553	0.83185309510473
3.3492621829963	0.83192480679144
3.3466449877205	0.83199647773132
3.3440318795315	0.83206810605336
3.3414228488631	0.83213968986297
3.3388178861789	0.83221122724186
3.3362169819720	0.83228271624785
3.3336201267653	0.83235415491473
3.3310273111111	0.83242554125211
