#Parameters = {thARC=0.2; nARC=1.75; thsub=1; p=1; nSub=2.75}
#"Wavelength / um"	"T (398) [Real Part]"
#---------------------------------------
14.989622900000	0.78584170712977
14.937342202292	0.78586963729765
14.885424925521	0.78589755914109
14.833867293419	0.78592547451767
14.782665581854	0.78595338526299
14.731816117936	0.78598129319074
14.681315279138	0.78600920009288
14.631159492435	0.78603710773974
14.581345233463	0.78606501788017
14.531869025691	0.78609293224161
14.482727439614	0.78612085253030
14.433917091960	0.78614878043134
14.385434644914	0.78617671760883
14.337276805356	0.78620466570604
14.289440324118	0.78623262634550
14.241921995249	0.78626060112912
14.194718655303	0.78628859163837
14.147827182633	0.78631659943435
14.101244496707	0.78634462605795
14.054967557431	0.78637267303000
14.008993364486	0.78640074185137
13.963318956684	0.78642883400309
13.917941411328	0.78645695094652
13.872857843591	0.78648509412347
13.828065405904	0.78651326495629
13.783561287356	0.78654146484808
13.739342713107	0.78656969518275
13.695406943810	0.78659795732517
13.651751275046	0.78662625262133
13.608373036768	0.78665458239847
13.565269592760	0.78668294796516
13.522438340099	0.78671135061149
13.479876708633	0.78673979160918
13.437582160466	0.78676827221172
13.395552189455	0.78679679365449
13.353784320713	0.78682535715490
13.312276110124	0.78685396391255
13.271025143869	0.78688261510929
13.230029037952	0.78691131190946
13.189285437747	0.78694005545991
13.148792017544	0.78696884689023
13.108546480105	0.78699768731281
13.068546556234	0.78702657782303
13.028790004346	0.78705551949936
12.989274610052	0.78708451340349
12.949998185745	0.78711356058049
12.910958570198	0.78714266205892
12.872153628167	0.78717181885097
12.833581250000	0.78720103195262
12.795239351259	0.78723030234370
12.757125872340	0.78725963098812
12.719238778108	0.78728901883392
12.681576057530	0.78731846681345
12.644135723323	0.78734797584349
12.606915811606	0.78737754682539
12.569914381551	0.78740718064517
12.533129515050	0.78743687817370
12.496559316382	0.78746664026680
12.460201911887	0.78749646776539
12.424055449648	0.78752636149560
12.388118099174	0.78755632226891
12.352388051092	0.78758635088232
12.316863516845	0.78761644811841
12.281542728390	0.78764661474554
12.246423937908	0.78767685151791
12.211505417515	0.78770715917577
12.176785458976	0.78773753844549
12.142262373431	0.78776799003972
12.107934491115	0.78779851465750
12.073800161095	0.78782911298442
12.039857751004	0.78785978569271
12.006105646776	0.78789053344140
11.972542252396	0.78792135687644
11.939165989646	0.78795225663082
11.905975297855	0.78798323332471
11.872968633663	0.78801428756559
11.840144470774	0.78804541994834
11.807501299724	0.78807663105545
11.775037627651	0.78810792145704
11.742751978065	0.78813929171109
11.710642890625	0.78817074236349
11.678708920919	0.78820227394820
11.646948640249	0.78823388698737
11.615360635413	0.78826558199148
11.583943508501	0.78829735945943
11.552695876686	0.78832921987869
11.521616372022	0.78836116372542
11.490703641242	0.78839319146461
11.459956345566	0.78842530355016
11.429373160503	0.78845750042504
11.398952775665	0.78848978252141
11.368693894577	0.78852215026072
11.338595234493	0.78855460405385
11.308655526217	0.78858714430124
11.278873513920	0.78861977139298
11.249247954972	0.78865248570896
11.219777619760	0.78868528761896
11.190461291527	0.78871817748281
11.161297766195	0.78875115565048
11.132285852209	0.78878422246220
11.103424370370	0.78881737824859
11.074712153676	0.78885062333076
11.046148047163	0.78888395802044
11.017730907755	0.78891738262011
10.989459604106	0.78895089742309
10.961333016453	0.78898450271365
10.933350036470	0.78901819876718
10.905509567115	0.78905198585023
10.877810522496	0.78908586422068
10.850251827723	0.78911983412782
10.822832418773	0.78915389581250
10.795551242348	0.78918804950719
10.768407255747	0.78922229543614
10.741399426729	0.78925663381547
10.714526733381	0.78929106485327
10.687788163993	0.78932558874975
10.661182716927	0.78936020569731
10.634709400497	0.78939491588065
10.608367232838	0.78942971947692
10.582155241793	0.78946461665576
10.556072464789	0.78949960757950
10.530117948718	0.78953469240316
10.504290749825	0.78956987127465
10.478589933590	0.78960514433481
10.453014574616	0.78964051171757
10.427563756522	0.78967597355000
10.402236571825	0.78971152995244
10.377032121841	0.78974718103863
10.351949516575	0.78978292691576
10.326987874612	0.78981876768460
10.302146323024	0.78985470343963
10.277423997257	0.78989073426906
10.252820041040	0.78992686025503
10.228333606278	0.78996308147364
10.203963852961	0.78999939799506
10.179709949066	0.79003580988366
10.155571070461	0.79007231719806
10.131546400811	0.79010891999129
10.107635131490	0.79014561831082
10.083836461487	0.79018241219869
10.060149597315	0.79021930169162
10.036573752929	0.79025628682106
10.013108149633	0.79029336761334
9.9897520159947	0.79033054408970
9.9665045877660	0.79036781626644
9.9433651077944	0.79040518415499
9.9203328259431	0.79044264776198
9.8974069990096	0.79048020708936
9.8745868906456	0.79051786213448
9.8518717712783	0.79055561289020
9.8292609180328	0.79059345934492
9.8067536146549	0.79063140148273
9.7843491514360	0.79066943928348
9.7620468251384	0.79070757272285
9.7398459389214	0.79074580177244
9.7177458022690	0.79078412639987
9.6957457309185	0.79082254656887
9.6738450467893	0.79086106223932
9.6520430779137	0.79089967336740
9.6303391583681	0.79093837990561
9.6087326282051	0.79097718180290
9.5872228333866	0.79101607900470
9.5658091257179	0.79105507145307
9.5444908627826	0.79109415908671
9.5232674078780	0.79113334184108
9.5021381299525	0.79117261964847
9.4811024035421	0.79121199243808
9.4601596087094	0.79125146013610
9.4393091309824	0.79129102266575
9.4185503612944	0.79133067994742
9.3978826959248	0.79137043189869
9.3773055364404	0.79141027843444
9.3568182896380	0.79145021946690
9.3364203674868	0.79149025490574
9.3161111870727	0.79153038465812
9.2958901705426	0.79157060862879
9.2757567450495	0.79161092672015
9.2557103426984	0.79165133883230
9.2357504004929	0.79169184486314
9.2158763602828	0.79173244470843
9.1960876687117	0.79177313826185
9.1763837771656	0.79181392541506
9.1567641417227	0.79185480605779
9.1372282231027	0.79189578007789
9.1177754866180	0.79193684736141
9.0984054021244	0.79197800779265
9.0791174439733	0.79201926125421
9.0599110909640	0.79206060762709
9.0407858262967	0.79210204679073
9.0217411375263	0.79214357862309
9.0027765165165	0.79218520300066
8.9838914593947	0.79222691979860
8.9650854665072	0.79226872889074
8.9463580423754	0.79231063014964
8.9277086956522	0.79235262344669
8.9091369390788	0.79239470865214
8.8906422894425	0.79243688563514
8.8722242675348	0.79247915426383
8.8538823981099	0.79252151440540
8.8356162098438	0.79256396592608
8.8174252352941	0.79260650869129
8.7993090108600	0.79264914256561
8.7812670767428	0.79269186741289
8.7632989769073	0.79273468309627
8.7454042590432	0.79277758947823
8.7275824745269	0.79282058642068
8.7098331783847	0.79286367378495
8.6921559292549	0.79290685143189
8.6745502893519	0.79295011922190
8.6570158244297	0.79299347701498
8.6395521037464	0.79303692467076
8.6221587000288	0.79308046204858
8.6048351894374	0.79312408900752
8.5875811515325	0.79316780540642
8.5703961692396	0.79321161110397
8.5532798288160	0.79325550595874
8.5362317198178	0.79329948982919
8.5192514350668	0.79334356257376
8.5023385706183	0.79338772405088
8.4854927257288	0.79343197411903
8.4687135028249	0.79347631263677
8.4520005074711	0.79352073946279
8.4353533483399	0.79356525445592
8.4187716371806	0.79360985747521
8.4022549887892	0.79365454837996
8.3858030209790	0.79369932702972
8.3694153545505	0.79374419328437
8.3530916132627	0.79378914700415
8.3368314238042	0.79383418804965
8.3206344157646	0.79387931628193
8.3045002216066	0.79392453156245
8.2884284766381	0.79396983375321
8.2724188189845	0.79401522271669
8.2564708895621	0.79406069831595
8.2405843320506	0.79410626041463
8.2247587928669	0.79415190887697
8.2089939211391	0.79419764356788
8.1932893686800	0.79424346435294
8.1776447899618	0.79428937109841
8.1620598420909	0.79433536367133
8.1465341847826	0.79438144193948
8.1310674803363	0.79442760577141
8.1156593936113	0.79447385503651
8.1003095920022	0.79452018960502
8.0850177454153	0.79456660934803
8.0697835262450	0.79461311413754
8.0546066093498	0.79465970384644
8.0394866720300	0.79470637834859
8.0244233940043	0.79475313751880
8.0094164573871	0.79479998123287
7.9944655466667	0.79484690936762
7.9795703486825	0.79489392180089
7.9647305526036	0.79494101841156
7.9499458499072	0.79498819907961
7.9352159343568	0.79503546368608
7.9205405019815	0.79508281211316
7.9059192510549	0.79513024424412
7.8913518820742	0.79517775996342
7.8768380977404	0.79522535915667
7.8623776029373	0.79527304171065
7.8479701047120	0.79532080751336
7.8336153122550	0.79536865645399
7.8193129368805	0.79541658842297
7.8050626920073	0.79546460331198
7.7908642931393	0.79551270101396
7.7767174578470	0.79556088142310
7.7626219057483	0.79560914443490
7.7485773584906	0.79565748994614
7.7345835397317	0.79570591785492
7.7206401751223	0.79575442806064
7.7067469922879	0.79580302046407
7.6929037208109	0.79585169496729
7.6791100922131	0.79590045147375
7.6653658399386	0.79594928988824
7.6516706993364	0.79599821011695
7.6380244076433	0.79604721206744
7.6244267039674	0.79609629564863
7.6108773292714	0.79614546077088
7.5973760263558	0.79619470734592
7.5839225398432	0.79624403528690
7.5705166161616	0.79629344450839
7.5571580035291	0.79634293492636
7.5438464519376	0.79639250645823
7.5305817131374	0.79644215902284
7.5173635406219	0.79649189254046
7.5041916896120	0.79654170693280
7.4910659170415	0.79659160212301
7.4779859815415	0.79664157803570
7.4649516434263	0.79669163459691
7.4519626646781	0.79674177173412
7.4390188089330	0.79679198937629
7.4261198414664	0.79684228745381
7.4132655291790	0.79689266589852
7.4004556405826	0.79694312464372
7.3876899457861	0.79699366362418
7.3749682164822	0.79704428277607
7.3622902259332	0.79709498203707
7.3496557489581	0.79714576134628
7.3370645619187	0.79719662064424
7.3245164427071	0.79724755987294
7.3120111707317	0.79729857897584
7.2995485269053	0.79734967789779
7.2871282936315	0.79740085658513
7.2747502547925	0.79745211498559
7.2624141957364	0.79750345304835
7.2501199032648	0.79755487072401
7.2378671656205	0.79760636796459
7.2256557724753	0.79765794472352
7.2134855149182	0.79770960095563
7.2013561854432	0.79776133661718
7.1892675779376	0.79781315166580
7.1772194876706	0.79786504606053
7.1652117112811	0.79791701976177
7.1532440467669	0.79796907273130
7.1413162934731	0.79802120493230
7.1294282520809	0.79807341632926
7.1175797245964	0.79812570688806
7.1057705143399	0.79817807657591
7.0940004259347	0.79823052536135
7.0822692652965	0.79828305321424
7.0705768396226	0.79833566010578
7.0589229573817	0.79838834600845
7.0473074283028	0.79844111089604
7.0357300633654	0.79849395474362
7.0241906747891	0.79854687752753
7.0126890760234	0.79859987922538
7.0012250817375	0.79865295981603
6.9897985078107	0.79870611927959
6.9784091713222	0.79875935759739
6.9670568905415	0.79881267475196
6.9557414849188	0.79886607072708
6.9444627750753	0.79891954550767
6.9332205827937	0.79897309907988
6.9220147310090	0.79902673143098
6.9108450437990	0.79908044254942
6.8997113463751	0.79913423242480
6.8886134650735	0.79918810104781
6.8775512273457	0.79924204841028
6.8665244617499	0.79929607450514
6.8555329979419	0.79935017932638
6.8445766666667	0.79940436286908
6.8336552997493	0.79945862512937
6.8227687300865	0.79951296610442
6.8119167916383	0.79956738579241
6.8010993194192	0.79962188419255
6.7903161494904	0.79967646130503
6.7795671189507	0.79973111713101
6.7688520659291	0.79978585167264
6.7581708295762	0.79984066493299
6.7475232500563	0.79989555691607
6.7369091685393	0.79995052762679
6.7263284271932	0.80000557707098
6.7157808691756	0.80006070525531
6.7052663386267	0.80011591218737
6.6947846806610	0.80017119787553
6.6843357413601	0.80022656232904
6.6739193677649	0.80028200555795
6.6635354078684	0.80033752757307
6.6531837106081	0.80039312838603
6.6428641258586	0.80044880800919
6.6325765044248	0.80050456645567
6.6223206980340	0.80056040373930
6.6120965593295	0.80061631987460
6.6019039418630	0.80067231487682
6.5917427000879	0.80072838876183
6.5816126893524	0.80078454154618
6.5715137658922	0.80084077324704
6.5614457868243	0.80089708388220
6.5514086101399	0.80095347347003
6.5414020946978	0.80100994202949
6.5314261002179	0.80106648958009
6.5214804872743	0.80112311614189
6.5115651172893	0.80117982173543
6.5016798525266	0.80123660638181
6.4918245560849	0.80129347010256
6.4819990918919	0.80135041291970
6.4722033246978	0.80140743485568
6.4624371200690	0.80146453593338
6.4527003443823	0.80152171617608
6.4429928648184	0.80157897560745
6.4333145493562	0.80163631425152
6.4236652667667	0.80169373213268
6.4140448866068	0.80175122927563
6.4044532792138	0.80180880570539
6.3948903156997	0.80186646144727
6.3853558679446	0.80192419652684
6.3758498085921	0.80198201096993
6.3663720110427	0.80203990480259
6.3569223494487	0.80209787805109
6.3475006987084	0.80215593074189
6.3381069344609	0.80221406290163
6.3287409330800	0.80227227455709
6.3194025716695	0.80233056573519
6.3100917280572	0.80238893646297
6.3008082807902	0.80244738676756
6.2915521091291	0.80250591667617
6.2823230930427	0.80256452621606
6.2731211132036	0.80262321541455
6.2639460509820	0.80268198429895
6.2547977884415	0.80274083289658
6.2456762083333	0.80279976123476
6.2365811940919	0.80285876934075
6.2275126298297	0.80291785724176
6.2184704003319	0.80297702496493
6.2094543910522	0.80303627253730
6.2004644881075	0.80309559998579
6.1915005782734	0.80315500733721
6.1825625489792	0.80321449461820
6.1736502883031	0.80327406185524
6.1647636849681	0.80333370907463
6.1559026283368	0.80339343630245
6.1470670084068	0.80345324356456
6.1382567158067	0.80351313088659
6.1294716417910	0.80357309829390
6.1207116782360	0.80363314581159
6.1119767176351	0.80369327346444
6.1032666530945	0.80375348127692
6.0945813783289	0.80381376927320
6.0859207876573	0.80387413747708
6.0772847759984	0.80393458591198
6.0686732388664	0.80399511460097
6.0600860723671	0.80405572356671
6.0515231731934	0.80411641283142
6.0429844386212	0.80417718241693
6.0344697665056	0.80423803234458
6.0259790552764	0.80429896263528
6.0175122039342	0.80435997330943
6.0090691120465	0.80442106438694
6.0006496797438	0.80448223588721
5.9922538077154	0.80454348782910
5.9838813972056	0.80460482023094
5.9755323500100	0.80466623311048
5.9672065684713	0.80472772648490
5.9589039554760	0.80478930037079
5.9506244144502	0.80485095478412
5.9423678493558	0.80491268974026
5.9341341646873	0.80497450525392
5.9259232654675	0.80503640133917
5.9177350572444	0.80509837800941
5.9095694460871	0.80516043527736
5.9014263385827	0.80522257315503
5.8933056418321	0.80528479165374
5.8852072634472	0.80534709078409
5.8771311115468	0.80540947055593
5.8690770947533	0.80547193097836
5.8610451221896	0.80553447205973
5.8530351034752	0.80559709380760
5.8450469487229	0.80565979622875
5.8370805685358	0.80572257932916
5.8291358740035	0.80578544311399
5.8212127766990	0.80584838758759
5.8133111886756	0.80591141275345
5.8054310224632	0.80597451861422
5.7975721910656	0.80603770517170
5.7897346079567	0.80610097242680
5.7819181870781	0.80616432037957
5.7741228428351	0.80622774902915
5.7663484900942	0.80629125837377
5.7585950441798	0.80635484841076
5.7508624208709	0.80641851913652
5.7431505363985	0.80648227054652
5.7354593074421	0.80654610263527
5.7277886511272	0.80661001539634
5.7201384850219	0.80667400882234
5.7125087271341	0.80673808290489
5.7048992959087	0.80680223763465
5.6973101102242	0.80686647300127
5.6897410893908	0.80693078899342
5.6821921531463	0.80699518559876
5.6746632216544	0.80705966280392
5.6671542155009	0.80712422059454
5.6596650556919	0.80718885895521
5.6521956636501	0.80725357786947
5.6447459612126	0.80731837731986
5.6373158706281	0.80738325728783
5.6299053145540	0.80744821775381
5.6225142160540	0.80751325869713
5.6151424985952	0.80757838009608
5.6077900860456	0.80764358192788
5.6004569026714	0.80770886416866
5.5931428731343	0.80777422679347
5.5858479224893	0.80783966977627
5.5785719761816	0.80790519308993
5.5713149600446	0.80797079670622
5.5640768002970	0.80803648059583
5.5568574235403	0.80810224472831
5.5496567567568	0.80816808907214
5.5424747273063	0.80823401359466
5.5353112629247	0.80830001826212
5.5281662917204	0.80836610303962
5.5210397421731	0.80843226789119
5.5139315431304	0.80849851277969
5.5068416238060	0.80856483766689
5.4997699137773	0.80863124251342
5.4927163429828	0.80869772727880
5.4856808417200	0.80876429192140
5.4786633406433	0.80883093639848
5.4716637707611	0.80889766066617
5.4646820634342	0.80896446467947
5.4577181503732	0.80903134839225
5.4507719636364	0.80909831175725
5.4438434356274	0.80916535472608
5.4369324990932	0.80923247724925
5.4300390871219	0.80929967927611
5.4231631331404	0.80936696075491
5.4163045709124	0.80943432163276
5.4094633345363	0.80950176185566
5.4026393584430	0.80956928136849
5.3958325773938	0.80963688011502
5.3890429264785	0.80970455803789
5.3822703411131	0.80977231507866
5.3755147570378	0.80984015117775
5.3687761103152	0.80990806627450
5.3620543373278	0.80997606030715
5.3553493747767	0.81004413321282
5.3486611596789	0.81011228492757
5.3419896293656	0.81018051538637
5.3353347214807	0.81024882452309
5.3286963739780	0.81031721227053
5.3220745251198	0.81038567856044
5.3154691134752	0.81045422332348
5.3088800779175	0.81052284648927
5.3023073576229	0.81059154798636
5.2957508920685	0.81066032774226
5.2892106210303	0.81072918568346
5.2826864845815	0.81079812173539
5.2761784230905	0.81086713582246
5.2696863772192	0.81093622786809
5.2632102879213	0.81100539779466
5.2567500964405	0.81107464552356
5.2503057443082	0.81114397097519
5.2438771733427	0.81121337406895
5.2374643256464	0.81128285472329
5.2310671436050	0.81135241285568
5.2246855698850	0.81142204838262
5.2183195474326	0.81149176121969
5.2119690194715	0.81156155128151
5.2056339295016	0.81163141848179
5.1993142212973	0.81170136273330
5.1930098389052	0.81177138394793
5.1867207266436	0.81184148203666
5.1804468290997	0.81191165690958
5.1741880911288	0.81198190847592
5.1679444578521	0.81205223664404
5.1617158746556	0.81212264132146
5.1555022871883	0.81219312241486
5.1493036413604	0.81226367983007
5.1431198833419	0.81233431347215
5.1369509595613	0.81240502324532
5.1307968167037	0.81247580905304
5.1246574017094	0.81254667079799
5.1185326617722	0.81261760838208
5.1124225443383	0.81268862170648
5.1063269971044	0.81275971067163
5.1002459680163	0.81283087517725
5.0941794052676	0.81290211512234
5.0881272572980	0.81297343040525
5.0820894727920	0.81304482092360
5.0760660006773	0.81311628657440
5.0700567901235	0.81318782725399
5.0640617905405	0.81325944285808
5.0580809515775	0.81333113328177
5.0521142231210	0.81340289841956
5.0461615552937	0.81347473816538
5.0402228984533	0.81354665241258
5.0342982031906	0.81361864105395
5.0283874203287	0.81369070398178
5.0224905009214	0.81376284108782
5.0166073962517	0.81383505226332
5.0107380578305	0.81390733739906
5.0048824373957	0.81397969638534
4.9990404869101	0.81405212911202
4.9932121585610	0.81412463546854
4.9873974047579	0.81419721534391
4.9815961781323	0.81426986862676
4.9758084315353	0.81434259520533
4.9700341180371	0.81441539496751
4.9642731909256	0.81448826780086
4.9585256037049	0.81456121359261
4.9527913100942	0.81463423222968
4.9470702640264	0.81470732359872
4.9413624196473	0.81478048758611
4.9356677313138	0.81485372407799
4.9299861535932	0.81492703296027
4.9243176412615	0.81500041411866
4.9186621493027	0.81507386743868
4.9130196329072	0.81514739280568
4.9073900474709	0.81522099010487
4.9017733485939	0.81529465922132
4.8961694920790	0.81536840004002
4.8905784339315	0.81544221244585
4.8850001303569	0.81551609632364
4.8794345377604	0.81559005155815
4.8738816127459	0.81566407803414
4.8683413121143	0.81573817563637
4.8628135928629	0.81581234424958
4.8572984121841	0.81588658375860
4.8517957274640	0.81596089404827
4.8463054962819	0.81603527500353
4.8408276764088	0.81610972650943
4.8353622258065	0.81618424845113
4.8299091026261	0.81625884071393
4.8244682652076	0.81633350318330
4.8190396720784	0.81640823574490
4.8136232819525	0.81648303828459
4.8082190537289	0.81655791068846
4.8028269464915	0.81663285284284
4.7974469195071	0.81670786463436
4.7920789322251	0.81678294594992
4.7867229442759	0.81685809667674
4.7813789154705	0.81693331670238
4.7760468057989	0.81700860591475
4.7707265754297	0.81708396420216
4.7654181847083	0.81715939145330
4.7601215941569	0.81723488755731
4.7548367644726	0.81731045240373
4.7495636565272	0.81738608588263
4.7443022313657	0.81746178788452
4.7390524502055	0.81753755830045
4.7338142744355	0.81761339702199
4.7285876656151	0.81768930394126
4.7233725854735	0.81776527895098
4.7181689959081	0.81784132194445
4.7129768589844	0.81791743281559
4.7077961369347	0.81799361145898
4.7026267921569	0.81806985776985
4.6974687872140	0.81814617164412
4.6923220848333	0.81822255297841
4.6871866479049	0.81829900167009
4.6820624394815	0.81837551761727
4.6769494227769	0.81845210071882
4.6718475611657	0.81852875087442
4.6667568181818	0.81860546798456
4.6616771575183	0.81868225195058
4.6566085430258	0.81875910267466
4.6515509387122	0.81883602005986
4.6465043087415	0.81891300401016
4.6414686174330	0.81899005443043
4.6364438292607	0.81906717122653
4.6314299088522	0.81914435430523
4.6264268209877	0.81922160357432
4.6214345305997	0.81929891894258
4.6164530027718	0.81937630031982
4.6114822027380	0.81945374761691
4.6065220958820	0.81953126074575
4.6015726477360	0.81960883961935
4.5966338239804	0.81968648415184
4.5917055904426	0.81976419425845
4.5867879130967	0.81984196985556
4.5818807580621	0.81991981086073
4.5769840916031	0.81999771719269
4.5720978801281	0.82007568877138
4.5672220901889	0.82015372551796
4.5623566884797	0.82023182735485
4.5575016418364	0.82030999420571
4.5526569172361	0.82038822599547
4.5478224817961	0.82046652265039
4.5429983027731	0.82054488409803
4.5381843475628	0.82062331026727
4.5333805836988	0.82070180108837
4.5285869788520	0.82078035649294
4.5238035008299	0.82085897641397
4.5190301175761	0.82093766078589
4.5142667971691	0.82101640954450
4.5095135078219	0.82109522262708
4.5047702178813	0.82117409997234
4.5000368958271	0.82125304152048
4.4953135102714	0.82133204721317
4.4906000299581	0.82141111699358
4.4858964237618	0.82149025080641
4.4812026606876	0.82156944859788
4.4765187098701	0.82164871031578
4.4718445405728	0.82172803590944
4.4671801221875	0.82180742532977
4.4625254242334	0.82188687852928
4.4578804163569	0.82196639546208
4.4532450683304	0.82204597608389
4.4486193500519	0.82212562035208
4.4440032315446	0.82220532822566
4.4393966829557	0.82228509966528
4.4347996745562	0.82236493463327
4.4302121767401	0.82244483309364
4.4256341600236	0.82252479501211
4.4210655950450	0.82260482035608
4.4165064525633	0.82268490909467
4.4119567034584	0.82276506119874
4.4074163187298	0.82284527664088
4.4028852694963	0.82292555539541
4.3983635269953	0.82300589743842
4.3938510625824	0.82308630274778
4.3893478477306	0.82316677130310
4.3848538540295	0.82324730308580
4.3803690531853	0.82332789807908
4.3758934170194	0.82340855626794
4.3714269174686	0.82348927763918
4.3669695265841	0.82357006218141
4.3625212165309	0.82365090988507
4.3580819595871	0.82373182074242
4.3536517281441	0.82381279474755
4.3492304947048	0.82389383189638
4.3448182318841	0.82397493218668
4.3404149124077	0.82405609561806
4.3360205091119	0.82413732219198
4.3316349949429	0.82421861191174
4.3272583429561	0.82429996478252
4.3228905263158	0.82438138081134
4.3185315182944	0.82446286000708
4.3141812922723	0.82454440238049
4.3098398217366	0.82462600794418
4.3055070802815	0.82470767671261
4.3011830416069	0.82478940870213
4.2968676795184	0.82487120393093
4.2925609679267	0.82495306241907
4.2882628808468	0.82503498418848
4.2839733923978	0.82511696926294
4.2796924768023	0.82519901766809
4.2754201083856	0.82528112943142
4.2711562615757	0.82536330458228
4.2669009109024	0.82544554315186
4.2626540309967	0.82552784517321
4.2584155965909	0.82561021068118
4.2541855825174	0.82569263971250
4.2499639637085	0.82577513230569
4.2457507151961	0.82585768850111
4.2415458121109	0.82594030834093
4.2373492296820	0.82602299186912
4.2331609432364	0.82610573913145
4.2289809281986	0.82618855017548
4.2248091600902	0.82627142505054
4.2206456145291	0.82635436380775
4.2164902672293	0.82643736649998
4.2123430940003	0.82652043318182
4.2082040707468	0.82660356390964
4.2040731734680	0.82668675874150
4.1999503782572	0.82677001773719
4.1958356613016	0.82685334095819
4.1917289988814	0.82693672846766
4.1876303673697	0.82702018033043
4.1835397432319	0.82710369661298
4.1794571030252	0.82718727738343
4.1753824233983	0.82727092271153
4.1713156810909	0.82735463266860
4.1672568529330	0.82743840732759
4.1632059158450	0.82752224676297
4.1591628468368	0.82760615105080
4.1551276230076	0.82769012026862
4.1511002215453	0.82777415449551
4.1470806197261	0.82785825381203
4.1430687949143	0.82794241830019
4.1390647245616	0.82802664804346
4.1350683862069	0.82811094312669
4.1310797574755	0.82819530363616
4.1270988160793	0.82827972965951
4.1231255398157	0.82836422128570
4.1191599065677	0.82844877860503
4.1152018943034	0.82853340170908
4.1112514810752	0.82861809069069
4.1073086450199	0.82870284564394
4.1033733643581	0.82878766666411
4.0994456173937	0.82887255384766
4.0955253825137	0.82895750729218
4.0916126381875	0.82904252709639
4.0877073629670	0.82912761336009
4.0838095354856	0.82921276618410
4.0799191344584	0.82929798567030
4.0760361386812	0.82938327192152
4.0721605270307	0.82946862504154
4.0682922784638	0.82955404513507
4.0644313720174	0.82963953230766
4.0605777868075	0.82972508666572
4.0567315020298	0.82981070831646
4.0528924969582	0.82989639736784
4.0490607509454	0.82998215392854
4.0452362434219	0.83006797810793
4.0414189538959	0.83015387001602
4.0376088619529	0.83023982976339
4.0338059472551	0.83032585746121
4.0300101895416	0.83041195322114
4.0262215686274	0.83049811715531
4.0224400644036	0.83058434937628
4.0186656568365	0.83067064999698
4.0148983259676	0.83075701913066
4.0111380519133	0.83084345689086
4.0073848148643	0.83092996339135
4.0036385950855	0.83101653874609
3.9998993729153	0.83110318306918
3.9961671287657	0.83118989647477
3.9924418431216	0.83127667907708
3.9887234965407	0.83136353099030
3.9850120696531	0.83145045232852
3.9813075431607	0.83153744320573
3.9776098978373	0.83162450373573
3.9739191145281	0.83171163403208
3.9702351741491	0.83179883420803
3.9665580576872	0.83188610437649
3.9628877461996	0.83197344464997
3.9592242208135	0.83206085514048
3.9555674627260	0.83214833595951
3.9519174532033	0.83223588721798
3.9482741735809	0.83232350902613
3.9446376052632	0.83241120149348
3.9410077297226	0.83249896472878
3.9373845285001	0.83258679883995
3.9337679832043	0.83267470393398
3.9301580755113	0.83276268011688
3.9265547871644	0.83285072749363
3.9229580999738	0.83293884616810
3.9193679958164	0.83302703624296
3.9157844566353	0.83311529781965
3.9122074644395	0.83320363099829
3.9086370013038	0.83329203587760
3.9050730493682	0.83338051255483
3.9015155908381	0.83346906112570
3.8979646079834	0.83355768168432
3.8944200831385	0.83364637432312
3.8908819987021	0.83373513913274
3.8873503371369	0.83382397620201
3.8838250809690	0.83391288561783
3.8803062127880	0.83400186746510
3.8767937152463	0.83409092182666
3.8732875710594	0.83418004878317
3.8697877630050	0.83426924841308
3.8662942739231	0.83435852079250
3.8628070867156	0.83444786599514
3.8593261843460	0.83453728409223
3.8558515498392	0.83462677515243
3.8523831662812	0.83471633924173
3.8489210168186	0.83480597642339
3.8454650846588	0.83489568675783
3.8420153530693	0.83498547030254
3.8385718053777	0.83507532711202
3.8351344249712	0.83516525723765
3.8317031952965	0.83525526072763
3.8282780998595	0.83534533762688
3.8248591222251	0.83543548797693
3.8214462460166	0.83552571181583
3.8180394549159	0.83561600917810
3.8146387326632	0.83570638009455
3.8112440630562	0.83579682459226
3.8078554299505	0.83588734269446
3.8044728172589	0.83597793442039
3.8010962089514	0.83606859978527
3.7977255890550	0.83615933880015
3.7943609416530	0.83625015147180
3.7910022508852	0.83634103780268
3.7876495009476	0.83643199779075
3.7843026760919	0.83652303142940
3.7809617606256	0.83661413870737
3.7776267389113	0.83670531960862
3.7742975953670	0.83679657411220
3.7709743144654	0.83688790219219
3.7676568807339	0.83697930381757
3.7643452787544	0.83707077895210
3.7610394931627	0.83716232755421
3.7577395086488	0.83725394957692
3.7544453099562	0.83734564496769
3.7511568818819	0.83743741366833
3.7478742092762	0.83752925561486
3.7445972770422	0.83762117073743
3.7413260701360	0.83771315896019
3.7380605735661	0.83780522020115
3.7348007723932	0.83789735437210
3.7315466517301	0.83798956137847
3.7282981967417	0.83808184111922
3.7250553926441	0.83817419348669
3.7218182247052	0.83826661836653
3.7185866782436	0.83835911563753
3.7153607386293	0.83845168517155
3.7121403912828	0.83854432683332
3.7089256216751	0.83863704048040
3.7057164153276	0.83872982596298
3.7025127578115	0.83882268312381
3.6993146347483	0.83891561179805
3.6961220318087	0.83900861181313
3.6929349347130	0.83910168298863
3.6897533292308	0.83919482513618
3.6865772011805	0.83928803805926
3.6834065364295	0.83938132155315
3.6802413208937	0.83947467540473
3.6770815405372	0.83956809939240
3.6739271813725	0.83966159328590
3.6707782294600	0.83975515684620
3.6676346709078	0.83984878982537
3.6644964918714	0.83994249196643
3.6613636785540	0.84003626300320
3.6582362172056	0.84013010266021
3.6551140941234	0.84022401065250
3.6519972956511	0.84031798668551
3.6488858081792	0.84041203045497
3.6457796181442	0.84050614164668
3.6426787120292	0.84060031993645
3.6395830763628	0.84069456498991
3.6364926977196	0.84078887646238
3.6334075627197	0.84088325399872
3.6303276580286	0.84097769723318
3.6272529703569	0.84107220578928
3.6241834864603	0.84116677927963
3.6211191931393	0.84126141730580
3.6180600772387	0.84135611945817
3.6150061256481	0.84145088531579
3.6119573253012	0.84154571444618
3.6089136631756	0.84164060640527
3.6058751262930	0.84173556073717
3.6028417017185	0.84183057697404
3.5998133765610	0.84192565463595
3.5967901379724	0.84202079323072
3.5937719731479	0.84211599225377
3.5907588693257	0.84221125118794
3.5877508137865	0.84230656950338
3.5847477938539	0.84240194665733
3.5817497968937	0.84249738209404
3.5787568103140	0.84259287524455
3.5757688215649	0.84268842552655
3.5727858181385	0.84278403234425
3.5698077875685	0.84287969508815
3.5668347174301	0.84297541313498
3.5638665953400	0.84307118584744
3.5609034089559	0.84316701257411
3.5579451459767	0.84326289264923
3.5549917941421	0.84335882539260
3.5520433412322	0.84345481010935
3.5490997750681	0.84355084608985
3.5461610835108	0.84364693260947
3.5432272544616	0.84374306892846
3.5402982758621	0.84383925429177
3.5373741356932	0.84393548792891
3.5344548219759	0.84403176905372
3.5315403227706	0.84412809686427
3.5286306261770	0.84422447054267
3.5257257203340	0.84432088925487
3.5228255934195	0.84441735215054
3.5199302336503	0.84451385836287
3.5170396292820	0.84461040700841
3.5141537686086	0.84470699718688
3.5112726399625	0.84480362798104
3.5083962317145	0.84490029845647
3.5055245322732	0.84499700766144
3.5026575300853	0.84509375462672
3.4997952136353	0.84519053836540
3.4969375714452	0.84528735787271
3.4940845920746	0.84538421212588
3.4912362641202	0.84548110008394
3.4883925762160	0.84557802068754
3.4855535170329	0.84567497285881
3.4827190752788	0.84577195550112
3.4798892396982	0.84586896749899
3.4770639990721	0.84596600771783
3.4742433422181	0.84606307500383
3.4714272579898	0.84616016818374
3.4686157352771	0.84625728606471
3.4658087630058	0.84635442743412
3.4630063301375	0.84645159105938
3.4602084256694	0.84654877568776
3.4574150386345	0.84664598004624
3.4546261581009	0.84674320284130
3.4518417731721	0.84684044275873
3.4490618729867	0.84693769846349
3.4462864467180	0.84703496859952
3.4435154835745	0.84713225178952
3.4407489727993	0.84722954663483
3.4379869036697	0.84732685171521
3.4352292654979	0.84742416558867
3.4324760476300	0.84752148679131
3.4297272394463	0.84761881383710
3.4269828303612	0.84771614521773
3.4242428098230	0.84781347940243
3.4215071673134	0.84791081483776
3.4187758923480	0.84800814994746
3.4160489744758	0.84810548313228
3.4133264032791	0.84820281276973
3.4106081683732	0.84830013721400
3.4078942594066	0.84839745479569
3.4051846660609	0.84849476382167
3.4024793780502	0.84859206257491
3.3997783851213	0.84868934931426
3.3970816770538	0.84878662227433
3.3943892436594	0.84888387966522
3.3917010747822	0.84898111967244
3.3890171602984	0.84907834045664
3.3863374901163	0.84917554015350
3.3836620541761	0.84927271687350
3.3809908424495	0.84936986870176
3.3783238449403	0.84946699369787
3.3756610516834	0.84956408989570
3.3730024527453	0.84966115530319
3.3703480382237	0.84975818790223
3.3676977982476	0.84985518564843
3.3650517229768	0.84995214647098
3.3624098026021	0.85004906827242
3.3597720273451	0.85014594892853
3.3571383874580	0.85024278628808
3.3545088732237	0.85033957817270
3.3518834749553	0.85043632237670
3.3492621829963	0.85053301666685
3.3466449877205	0.85062965878227
3.3440318795315	0.85072624643418
3.3414228488631	0.85082277730579
3.3388178861789	0.85091924905207
3.3362169819720	0.85101565929962
3.3336201267653	0.85111200564645
3.3310273111111	0.85120828566186
