#Parameters = {thARC=0.8; nARC=2.5; thsub=1; p=1; nSub=2.75}
#"Wavelength / um"	"T (419) [Real Part]"
#---------------------------------------
14.989622900000	0.81766265349439
14.937342202292	0.81785807157899
14.885424925521	0.81805345769935
14.833867293419	0.81824880493553
14.782665581854	0.81844410635974
14.731816117936	0.81863935503660
14.681315279138	0.81883454402343
14.631159492435	0.81902966637047
14.581345233463	0.81922471512119
14.531869025691	0.81941968331256
14.482727439614	0.81961456397529
14.433917091960	0.81980935013414
14.385434644914	0.82000403480817
14.337276805356	0.82019861101100
14.289440324118	0.82039307175113
14.241921995249	0.82058741003216
14.194718655303	0.82078161885311
14.147827182633	0.82097569120867
14.101244496707	0.82116962008950
14.054967557431	0.82136339848246
14.008993364486	0.82155701937096
13.963318956684	0.82175047573517
13.917941411328	0.82194376055237
13.872857843591	0.82213686679715
13.828065405904	0.82232978744177
13.783561287356	0.82252251545638
13.739342713107	0.82271504380936
13.695406943810	0.82290736546755
13.651751275046	0.82309947339658
13.608373036768	0.82329136056111
13.565269592760	0.82348301992518
13.522438340099	0.82367444445243
13.479876708633	0.82386562710644
13.437582160466	0.82405656085097
13.395552189455	0.82424723865030
13.353784320713	0.82443765346951
13.312276110124	0.82462779827471
13.271025143869	0.82481766603344
13.230029037952	0.82500724971487
13.189285437747	0.82519654229014
13.148792017544	0.82538553673262
13.108546480105	0.82557422601827
13.068546556234	0.82576260312586
13.028790004346	0.82595066103731
12.989274610052	0.82613839273799
12.949998185745	0.82632579121699
12.910958570198	0.82651284946745
12.872153628167	0.82669956048682
12.833581250000	0.82688591727723
12.795239351259	0.82707191284572
12.757125872340	0.82725754020456
12.719238778108	0.82744279237159
12.681576057530	0.82762766237047
12.644135723323	0.82781214323104
12.606915811606	0.82799622798958
12.569914381551	0.82817990968912
12.533129515050	0.82836318137978
12.496559316382	0.82854603611904
12.460201911887	0.82872846697208
12.424055449648	0.82891046701205
12.388118099174	0.82909202932042
12.352388051092	0.82927314698726
12.316863516845	0.82945381311157
12.281542728390	0.82963402080157
12.246423937908	0.82981376317504
12.211505417515	0.82999303335961
12.176785458976	0.83017182449307
12.142262373431	0.83035012972371
12.107934491115	0.83052794221062
12.073800161095	0.83070525512399
12.039857751004	0.83088206164544
12.006105646776	0.83105835496835
11.972542252396	0.83123412829814
11.939165989646	0.83140937485263
11.905975297855	0.83158408786231
11.872968633663	0.83175826057072
11.840144470774	0.83193188623470
11.807501299724	0.83210495812476
11.775037627651	0.83227746952538
11.742751978065	0.83244941373532
11.710642890625	0.83262078406798
11.678708920919	0.83279157385166
11.646948640249	0.83296177642995
11.615360635413	0.83313138516198
11.583943508501	0.83330039342281
11.552695876686	0.83346879460370
11.521616372022	0.83363658211247
11.490703641242	0.83380374937381
11.459956345566	0.83397028982958
11.429373160503	0.83413619693917
11.398952775665	0.83430146417982
11.368693894577	0.83446608504692
11.338595234493	0.83463005305434
11.308655526217	0.83479336173478
11.278873513920	0.83495600464007
11.249247954972	0.83511797534151
11.219777619760	0.83527926743019
11.190461291527	0.83543987451729
11.161297766195	0.83559979023446
11.132285852209	0.83575900823410
11.103424370370	0.83591752218972
11.074712153676	0.83607532579621
11.046148047163	0.83623241277025
11.017730907755	0.83638877685054
10.989459604106	0.83654441179822
10.961333016453	0.83669931139712
10.933350036470	0.83685346945414
10.905509567115	0.83700687979952
10.877810522496	0.83715953628723
10.850251827723	0.83731143279524
10.822832418773	0.83746256322589
10.795551242348	0.83761292150618
10.768407255747	0.83776250158810
10.741399426729	0.83791129744897
10.714526733381	0.83805930309177
10.687788163993	0.83820651254544
10.661182716927	0.83835291986520
10.634709400497	0.83849851913292
10.608367232838	0.83864330445739
10.582155241793	0.83878726997465
10.556072464789	0.83893040984837
10.530117948718	0.83907271827008
10.504290749825	0.83921418945957
10.478589933590	0.83935481766516
10.453014574616	0.83949459716406
10.427563756522	0.83963352226265
10.402236571825	0.83977158729682
10.377032121841	0.83990878663229
10.351949516575	0.84004511466494
10.326987874612	0.84018056582109
10.302146323024	0.84031513455783
10.277423997257	0.84044881536337
10.252820041040	0.84058160275732
10.228333606278	0.84071349129098
10.203963852961	0.84084447554773
10.179709949066	0.84097455014326
10.155571070461	0.84110370972594
10.131546400811	0.84123194897711
10.107635131490	0.84135926261136
10.083836461487	0.84148564537689
10.060149597315	0.84161109205579
10.036573752929	0.84173559746435
10.013108149633	0.84185915645334
9.9897520159947	0.84198176390838
9.9665045877660	0.84210341475017
9.9433651077944	0.84222410393482
9.9203328259431	0.84234382645419
9.8974069990096	0.84246257733611
9.8745868906456	0.84258035164473
9.8518717712783	0.84269714448083
9.8292609180328	0.84281295098207
9.8067536146549	0.84292776632330
9.7843491514360	0.84304158571688
9.7620468251384	0.84315440441293
9.7398459389214	0.84326621769965
9.7177458022690	0.84337702090358
9.6957457309185	0.84348680938991
9.6738450467893	0.84359557856277
9.6520430779137	0.84370332386548
9.6303391583681	0.84381004078085
9.6087326282051	0.84391572483149
9.5872228333866	0.84402037158001
9.5658091257179	0.84412397662939
9.5444908627826	0.84422653562317
9.5232674078780	0.84432804424580
9.5021381299525	0.84442849822285
9.4811024035421	0.84452789332129
9.4601596087094	0.84462622534979
9.4393091309824	0.84472349015895
9.4185503612944	0.84481968364158
9.3978826959248	0.84491480173294
9.3773055364404	0.84500884041105
9.3568182896380	0.84510179569686
9.3364203674868	0.84519366365461
9.3161111870727	0.84528444039199
9.2958901705426	0.84537412206044
9.2757567450495	0.84546270485539
9.2557103426984	0.84555018501649
9.2357504004929	0.84563655882787
9.2158763602828	0.84572182261839
9.1960876687117	0.84580597276185
9.1763837771656	0.84588900567722
9.1567641417227	0.84597091782895
9.1372282231027	0.84605170572708
9.1177754866180	0.84613136592759
9.0984054021244	0.84620989503254
9.0791174439733	0.84628728969033
9.0599110909640	0.84636354659593
9.0407858262967	0.84643866249106
9.0217411375263	0.84651263416444
9.0027765165165	0.84658545845201
8.9838914593947	0.84665713223711
8.9650854665072	0.84672765245069
8.9463580423754	0.84679701607156
8.9277086956522	0.84686522012653
8.9091369390788	0.84693226169065
8.8906422894425	0.84699813788740
8.8722242675348	0.84706284588887
8.8538823981099	0.84712638291596
8.8356162098438	0.84718874623859
8.8174252352941	0.84724993317583
8.7993090108600	0.84730994109614
8.7812670767428	0.84736876741751
8.7632989769073	0.84742640960767
8.7454042590432	0.84748286518421
8.7275824745269	0.84753813171482
8.7098331783847	0.84759220681738
8.6921559292549	0.84764508816021
8.6745502893519	0.84769677346214
8.6570158244297	0.84774726049274
8.6395521037464	0.84779654707243
8.6221587000288	0.84784463107264
8.6048351894374	0.84789151041598
8.5875811515325	0.84793718307636
8.5703961692396	0.84798164707913
8.5532798288160	0.84802490050123
8.5362317198178	0.84806694147134
8.5192514350668	0.84810776816996
8.5023385706183	0.84814737882958
8.4854927257288	0.84818577173479
8.4687135028249	0.84822294522242
8.4520005074711	0.84825889768161
8.4353533483399	0.84829362755399
8.4187716371806	0.84832713333372
8.4022549887892	0.84835941356765
8.3858030209790	0.84839046685541
8.3694153545505	0.84842029184948
8.3530916132627	0.84844888725533
8.3368314238042	0.84847625183149
8.3206344157646	0.84850238438964
8.3045002216066	0.84852728379470
8.2884284766381	0.84855094896490
8.2724188189845	0.84857337887188
8.2564708895621	0.84859457254074
8.2405843320506	0.84861452905013
8.2247587928669	0.84863324753232
8.2089939211391	0.84865072717324
8.1932893686800	0.84866696721255
8.1776447899618	0.84868196694371
8.1620598420909	0.84869572571403
8.1465341847826	0.84870824292470
8.1310674803363	0.84871951803084
8.1156593936113	0.84872955054156
8.1003095920022	0.84873834001999
8.0850177454153	0.84874588608330
8.0697835262450	0.84875218840274
8.0546066093498	0.84875724670367
8.0394866720300	0.84876106076558
8.0244233940043	0.84876363042209
8.0094164573871	0.84876495556101
7.9944655466667	0.84876503612432
7.9795703486825	0.84876387210815
7.9647305526036	0.84876146356286
7.9499458499072	0.84875781059296
7.9352159343568	0.84875291335715
7.9205405019815	0.84874677206832
7.9059192510549	0.84873938699351
7.8913518820742	0.84873075845390
7.8768380977404	0.84872088682481
7.8623776029373	0.84870977253566
7.8479701047120	0.84869741606994
7.8336153122550	0.84868381796520
7.8193129368805	0.84866897881302
7.8050626920073	0.84865289925891
7.7908642931393	0.84863558000235
7.7767174578470	0.84861702179671
7.7626219057483	0.84859722544918
7.7485773584906	0.84857619182075
7.7345835397317	0.84855392182613
7.7206401751223	0.84853041643371
7.7067469922879	0.84850567666548
7.6929037208109	0.84847970359696
7.6791100922131	0.84845249835714
7.6653658399386	0.84842406212842
7.6516706993364	0.84839439614647
7.6380244076433	0.84836350170021
7.6244267039674	0.84833138013171
7.6108773292714	0.84829803283607
7.5973760263558	0.84826346126137
7.5839225398432	0.84822766690852
7.5705166161616	0.84819065133121
7.5571580035291	0.84815241613578
7.5438464519376	0.84811296298111
7.5305817131374	0.84807229357851
7.5173635406219	0.84803040969160
7.5041916896120	0.84798731313622
7.4910659170415	0.84794300578028
7.4779859815415	0.84789748954361
7.4649516434263	0.84785076639788
7.4519626646781	0.84780283836646
7.4390188089330	0.84775370752423
7.4261198414664	0.84770337599752
7.4132655291790	0.84765184596389
7.4004556405826	0.84759911965202
7.3876899457861	0.84754519934158
7.3749682164822	0.84749008736303
7.3622902259332	0.84743378609750
7.3496557489581	0.84737629797659
7.3370645619187	0.84731762548225
7.3245164427071	0.84725777114659
7.3120111707317	0.84719673755170
7.2995485269053	0.84713452732949
7.2871282936315	0.84707114316152
7.2747502547925	0.84700658777880
7.2624141957364	0.84694086396163
7.2501199032648	0.84687397453937
7.2378671656205	0.84680592239030
7.2256557724753	0.84673671044141
7.2134855149182	0.84666634166818
7.2013561854432	0.84659481909441
7.1892675779376	0.84652214579202
7.1772194876706	0.84644832488081
7.1652117112811	0.84637335952829
7.1532440467669	0.84629725294944
7.1413162934731	0.84622000840652
7.1294282520809	0.84614162920884
7.1175797245964	0.84606211871252
7.1057705143399	0.84598148032032
7.0940004259347	0.84589971748137
7.0822692652965	0.84581683369093
7.0705768396226	0.84573283249022
7.0589229573817	0.84564771746613
7.0473074283028	0.84556149225100
7.0357300633654	0.84547416052238
7.0241906747891	0.84538572600280
7.0126890760234	0.84529619245950
7.0012250817375	0.84520556370422
6.9897985078107	0.84511384359291
6.9784091713222	0.84502103602551
6.9670568905415	0.84492714494565
6.9557414849188	0.84483217434048
6.9444627750753	0.84473612824029
6.9332205827937	0.84463901071836
6.9220147310090	0.84454082589062
6.9108450437990	0.84444157791543
6.8997113463751	0.84434127099327
6.8886134650735	0.84423990936652
6.8775512273457	0.84413749731912
6.8665244617499	0.84403403917637
6.8555329979419	0.84392953930457
6.8445766666667	0.84382400211083
6.8336552997493	0.84371743204271
6.8227687300865	0.84360983358797
6.8119167916383	0.84350121127429
6.8010993194192	0.84339156966898
6.7903161494904	0.84328091337865
6.7795671189507	0.84316924704900
6.7688520659291	0.84305657536443
6.7581708295762	0.84294290304782
6.7475232500563	0.84282823486020
6.7369091685393	0.84271257560045
6.7263284271932	0.84259593010500
6.7157808691756	0.84247830324754
6.7052663386267	0.84235969993870
6.6947846806610	0.84224012512576
6.6843357413601	0.84211958379233
6.6739193677649	0.84199808095804
6.6635354078684	0.84187562167823
6.6531837106081	0.84175221104366
6.6428641258586	0.84162785418017
6.6325765044248	0.84150255624836
6.6223206980340	0.84137632244331
6.6120965593295	0.84124915799423
6.6019039418630	0.84112106816415
6.5917427000879	0.84099205824959
6.5816126893524	0.84086213358028
6.5715137658922	0.84073129951878
6.5614457868243	0.84059956146018
6.5514086101399	0.84046692483182
6.5414020946978	0.84033339509287
6.5314261002179	0.84019897773409
6.5214804872743	0.84006367827746
6.5115651172893	0.83992750227586
6.5016798525266	0.83979045531273
6.4918245560849	0.83965254300176
6.4819990918919	0.83951377098655
6.4722033246978	0.83937414494026
6.4624371200690	0.83923367056530
6.4527003443823	0.83909235359300
6.4429928648184	0.83895019978325
6.4333145493562	0.83880721492417
6.4236652667667	0.83866340483180
6.4140448866068	0.83851877534973
6.4044532792138	0.83837333234880
6.3948903156997	0.83822708172671
6.3853558679446	0.83808002940774
6.3758498085921	0.83793218134236
6.3663720110427	0.83778354350694
6.3569223494487	0.83763412190336
6.3475006987084	0.83748392255871
6.3381069344609	0.83733295152494
6.3287409330800	0.83718121487850
6.3194025716695	0.83702871872001
6.3100917280572	0.83687546917394
6.3008082807902	0.83672147238824
6.2915521091291	0.83656673453401
6.2823230930427	0.83641126180516
6.2731211132036	0.83625506041807
6.2639460509820	0.83609813661123
6.2547977884415	0.83594049664494
6.2456762083333	0.83578214680091
6.2365811940919	0.83562309338196
6.2275126298297	0.83546334271168
6.2184704003319	0.83530290113406
6.2094543910522	0.83514177501317
6.2004644881075	0.83497997073281
6.1915005782734	0.83481749469617
6.1825625489792	0.83465435332550
6.1736502883031	0.83449055306175
6.1647636849681	0.83432610036423
6.1559026283368	0.83416100171031
6.1470670084068	0.83399526359500
6.1382567158067	0.83382889253070
6.1294716417910	0.83366189504681
6.1207116782360	0.83349427768938
6.1119767176351	0.83332604702083
6.1032666530945	0.83315720961953
6.0945813783289	0.83298777207953
6.0859207876573	0.83281774101022
6.0772847759984	0.83264712303593
6.0686732388664	0.83247592479567
6.0600860723671	0.83230415294274
6.0515231731934	0.83213181414444
6.0429844386212	0.83195891508170
6.0344697665056	0.83178546244876
6.0259790552764	0.83161146295284
6.0175122039342	0.83143692331381
6.0090691120465	0.83126185026384
6.0006496797438	0.83108625054711
5.9922538077154	0.83091013091942
5.9838813972056	0.83073349814793
5.9755323500100	0.83055635901077
5.9672065684713	0.83037872029675
5.9589039554760	0.83020058880504
5.9506244144502	0.83002197134481
5.9423678493558	0.82984287473493
5.9341341646873	0.82966330580364
5.9259232654675	0.82948327138823
5.9177350572444	0.82930277833471
5.9095694460871	0.82912183349751
5.9014263385827	0.82894044373914
5.8933056418321	0.82875861592988
5.8852072634472	0.82857635694747
5.8771311115468	0.82839367367675
5.8690770947533	0.82821057300944
5.8610451221896	0.82802706184370
5.8530351034752	0.82784314708394
5.8450469487229	0.82765883564041
5.8370805685358	0.82747413442897
5.8291358740035	0.82728905037069
5.8212127766990	0.82710359039165
5.8133111886756	0.82691776142253
5.8054310224632	0.82673157039838
5.7975721910656	0.82654502425828
5.7897346079567	0.82635812994505
5.7819181870781	0.82617089440491
5.7741228428351	0.82598332458726
5.7663484900942	0.82579542744428
5.7585950441798	0.82560720993074
5.7508624208709	0.82541867900360
5.7431505363985	0.82522984162179
5.7354593074421	0.82504070474589
5.7277886511272	0.82485127533781
5.7201384850219	0.82466156036056
5.7125087271341	0.82447156677790
5.7048992959087	0.82428130155410
5.6973101102242	0.82409077165362
5.6897410893908	0.82389998404084
5.6821921531463	0.82370894567976
5.6746632216544	0.82351766353375
5.6671542155009	0.82332614456524
5.6596650556919	0.82313439573545
5.6521956636501	0.82294242400413
5.6447459612126	0.82275023632924
5.6373158706281	0.82255783966672
5.6299053145540	0.82236524097019
5.6225142160540	0.82217244719070
5.6151424985952	0.82197946527643
5.6077900860456	0.82178630217246
5.6004569026714	0.82159296482047
5.5931428731343	0.82139946015848
5.5858479224893	0.82120579512060
5.5785719761816	0.82101197663677
5.5713149600446	0.82081801163247
5.5640768002970	0.82062390702851
5.5568574235403	0.82042966974072
5.5496567567568	0.82023530667973
5.5424747273063	0.82004082475069
5.5353112629247	0.81984623085306
5.5281662917204	0.81965153188029
5.5210397421731	0.81945673471966
5.5139315431304	0.81926184625195
5.5068416238060	0.81906687335124
5.4997699137773	0.81887182288465
5.4927163429828	0.81867670171211
5.4856808417200	0.81848151668610
5.4786633406433	0.81828627465143
5.4716637707611	0.81809098244500
5.4646820634342	0.81789564689553
5.4577181503732	0.81770027482340
5.4507719636364	0.81750487304032
5.4438434356274	0.81730944834919
5.4369324990932	0.81711400754381
5.4300390871219	0.81691855740869
5.4231631331404	0.81672310471878
5.4163045709124	0.81652765623932
5.4094633345363	0.81633221872552
5.4026393584430	0.81613679892242
5.3958325773938	0.81594140356464
5.3890429264785	0.81574603937615
5.3822703411131	0.81555071307010
5.3755147570378	0.81535543134853
5.3687761103152	0.81516020090223
5.3620543373278	0.81496502841050
5.3553493747767	0.81476992054094
5.3486611596789	0.81457488394924
5.3419896293656	0.81437992527899
5.3353347214807	0.81418505116144
5.3286963739780	0.81399026821536
5.3220745251198	0.81379558304678
5.3154691134752	0.81360100224882
5.3088800779175	0.81340653240148
5.3023073576229	0.81321218007147
5.2957508920685	0.81301795181196
5.2892106210303	0.81282385416248
5.2826864845815	0.81262989364862
5.2761784230905	0.81243607678194
5.2696863772192	0.81224241005970
5.2632102879213	0.81204889996475
5.2567500964405	0.81185555296528
5.2503057443082	0.81166237551468
5.2438771733427	0.81146937405135
5.2374643256464	0.81127655499852
5.2310671436050	0.81108392476405
5.2246855698850	0.81089148974029
5.2183195474326	0.81069925630390
5.2119690194715	0.81050723081564
5.2056339295016	0.81031541962027
5.1993142212973	0.81012382904629
5.1930098389052	0.80993246540586
5.1867207266436	0.80974133499457
5.1804468290997	0.80955044409131
5.1741880911288	0.80935979895810
5.1679444578521	0.80916940583992
5.1617158746556	0.80897927096458
5.1555022871883	0.80878940054250
5.1493036413604	0.80859980076662
5.1431198833419	0.80841047781222
5.1369509595613	0.80822143783675
5.1307968167037	0.80803268697971
5.1246574017094	0.80784423136245
5.1185326617722	0.80765607708811
5.1124225443383	0.80746823024136
5.1063269971044	0.80728069688835
5.1002459680163	0.80709348307651
5.0941794052676	0.80690659483443
5.0881272572980	0.80672003817172
5.0820894727920	0.80653381907887
5.0760660006773	0.80634794352708
5.0700567901235	0.80616241746817
5.0640617905405	0.80597724683444
5.0580809515775	0.80579243753849
5.0521142231210	0.80560799547315
5.0461615552937	0.80542392651130
5.0402228984533	0.80524023650578
5.0342982031906	0.80505693128922
5.0283874203287	0.80487401667395
5.0224905009214	0.80469149845186
5.0166073962517	0.80450938239429
5.0107380578305	0.80432767425188
5.0048824373957	0.80414637975447
4.9990404869101	0.80396550461099
4.9932121585610	0.80378505450932
4.9873974047579	0.80360503511619
4.9815961781323	0.80342545207706
4.9758084315353	0.80324631101598
4.9700341180371	0.80306761753554
4.9642731909256	0.80288937721670
4.9585256037049	0.80271159561872
4.9527913100942	0.80253427827902
4.9470702640264	0.80235743071309
4.9413624196473	0.80218105841439
4.9356677313138	0.80200516685424
4.9299861535932	0.80182976148170
4.9243176412615	0.80165484772351
4.9186621493027	0.80148043098395
4.9130196329072	0.80130651664476
4.9073900474709	0.80113311006502
4.9017733485939	0.80096021658111
4.8961694920790	0.80078784150654
4.8905784339315	0.80061599013191
4.8850001303569	0.80044466772480
4.8794345377604	0.80027387952968
4.8738816127459	0.80010363076781
4.8683413121143	0.79993392663718
4.8628135928629	0.79976477231238
4.8572984121841	0.79959617294455
4.8517957274640	0.79942813366127
4.8463054962819	0.79926065956650
4.8408276764088	0.79909375574048
4.8353622258065	0.79892742723965
4.8299091026261	0.79876167909656
4.8244682652076	0.79859651631983
4.8190396720784	0.79843194389403
4.8136232819525	0.79826796677960
4.8082190537289	0.79810458991281
4.8028269464915	0.79794181820568
4.7974469195071	0.79777965654586
4.7920789322251	0.79761810979661
4.7867229442759	0.79745718279670
4.7813789154705	0.79729688036035
4.7760468057989	0.79713720727717
4.7707265754297	0.79697816831207
4.7654181847083	0.79681976820519
4.7601215941569	0.79666201167186
4.7548367644726	0.79650490340253
4.7495636565272	0.79634844806269
4.7443022313657	0.79619265029280
4.7390524502055	0.79603751470826
4.7338142744355	0.79588304589933
4.7285876656151	0.79572924843105
4.7233725854735	0.79557612684324
4.7181689959081	0.79542368565037
4.7129768589844	0.79527192934154
4.7077961369347	0.79512086238044
4.7026267921569	0.79497048920527
4.6974687872140	0.79482081422866
4.6923220848333	0.79467184183769
4.6871866479049	0.79452357639377
4.6820624394815	0.79437602223263
4.6769494227769	0.79422918366423
4.6718475611657	0.79408306497276
4.6667568181818	0.79393767041654
4.6616771575183	0.79379300422802
4.6566085430258	0.79364907061368
4.6515509387122	0.79350587375406
4.6465043087415	0.79336341780361
4.6414686174330	0.79322170689076
4.6364438292607	0.79308074511778
4.6314299088522	0.79294053656079
4.6264268209877	0.79280108526973
4.6214345305997	0.79266239526825
4.6164530027718	0.79252447055375
4.6114822027380	0.79238731509729
4.6065220958820	0.79225093284357
4.6015726477360	0.79211532771089
4.5966338239804	0.79198050359111
4.5917055904426	0.79184646434962
4.5867879130967	0.79171321382528
4.5818807580621	0.79158075583044
4.5769840916031	0.79144909415085
4.5720978801281	0.79131823254563
4.5672220901889	0.79118817474730
4.5623566884797	0.79105892446166
4.5575016418364	0.79093048536782
4.5526569172361	0.79080286111817
4.5478224817961	0.79067605533830
4.5429983027731	0.79055007162702
4.5381843475628	0.79042491355631
4.5333805836988	0.79030058467131
4.5285869788520	0.79017708849026
4.5238035008299	0.79005442850451
4.5190301175761	0.78993260817847
4.5142667971691	0.78981163094959
4.5095135078219	0.78969150022836
4.5047702178813	0.78957221939823
4.5000368958271	0.78945379181566
4.4953135102714	0.78933622081003
4.4906000299581	0.78921950968366
4.4858964237618	0.78910366171178
4.4812026606876	0.78898868014250
4.4765187098701	0.78887456819679
4.4718445405728	0.78876132906847
4.4671801221875	0.78864896592420
4.4625254242334	0.78853748190343
4.4578804163569	0.78842688011841
4.4532450683304	0.78831716365415
4.4486193500519	0.78820833556844
4.4440032315446	0.78810039889180
4.4393966829557	0.78799335662746
4.4347996745562	0.78788721175137
4.4302121767401	0.78778196721218
4.4256341600236	0.78767762593121
4.4210655950450	0.78757419080245
4.4165064525633	0.78747166469255
4.4119567034584	0.78737005044079
4.4074163187298	0.78726935085907
4.4028852694963	0.78716956873194
4.3983635269953	0.78707070681651
4.3938510625824	0.78697276784252
4.3893478477306	0.78687575451226
4.3848538540295	0.78677966950063
4.3803690531853	0.78668451545506
4.3758934170194	0.78659029499555
4.3714269174686	0.78649701071464
4.3669695265841	0.78640466517742
4.3625212165309	0.78631326092148
4.3580819595871	0.78622280045695
4.3536517281441	0.78613328626648
4.3492304947048	0.78604472080521
4.3448182318841	0.78595710650079
4.3404149124077	0.78587044575334
4.3360205091119	0.78578474093552
4.3316349949429	0.78569999439241
4.3272583429561	0.78561620844160
4.3228905263158	0.78553338537316
4.3185315182944	0.78545152744960
4.3141812922723	0.78537063690592
4.3098398217366	0.78529071594955
4.3055070802815	0.78521176676039
4.3011830416069	0.78513379149081
4.2968676795184	0.78505679226560
4.2925609679267	0.78498077118201
4.2882628808468	0.78490573030973
4.2839733923978	0.78483167169088
4.2796924768023	0.78475859734004
4.2754201083856	0.78468650924421
4.2711562615757	0.78461540936285
4.2669009109024	0.78454529962781
4.2626540309967	0.78447618194342
4.2584155965909	0.78440805818641
4.2541855825174	0.78434093020595
4.2499639637085	0.78427479982365
4.2457507151961	0.78420966883354
4.2415458121109	0.78414553900209
4.2373492296820	0.78408241206818
4.2331609432364	0.78402028974316
4.2289809281986	0.78395917371076
4.2248091600902	0.78389906562718
4.2206456145291	0.78383996712103
4.2164902672293	0.78378187979338
4.2123430940003	0.78372480521771
4.2082040707468	0.78366874493994
4.2040731734680	0.78361370047843
4.1999503782572	0.78355967332398
4.1958356613016	0.78350666493982
4.1917289988814	0.78345467676164
4.1876303673697	0.78340371019755
4.1835397432319	0.78335376662811
4.1794571030252	0.78330484740634
4.1753824233983	0.78325695385770
4.1713156810909	0.78321008728010
4.1672568529330	0.78316424894390
4.1632059158450	0.78311944009191
4.1591628468368	0.78307566193942
4.1551276230076	0.78303291567414
4.1511002215453	0.78299120245627
4.1470806197261	0.78295052341848
4.1430687949143	0.78291087966588
4.1390647245616	0.78287227227606
4.1350683862069	0.78283470229909
4.1310797574755	0.78279817075749
4.1270988160793	0.78276267864627
4.1231255398157	0.78272822693293
4.1191599065677	0.78269481655742
4.1152018943034	0.78266244843219
4.1112514810752	0.78263112344218
4.1073086450199	0.78260084244480
4.1033733643581	0.78257160626996
4.0994456173937	0.78254341572005
4.0955253825137	0.78251627156997
4.0916126381875	0.78249017456710
4.0877073629670	0.78246512543133
4.0838095354856	0.78244112485503
4.0799191344584	0.78241817350309
4.0760361386812	0.78239627201289
4.0721605270307	0.78237542099431
4.0682922784638	0.78235562102975
4.0644313720174	0.78233687267412
4.0605777868075	0.78231917645481
4.0567315020298	0.78230253287175
4.0528924969582	0.78228694239736
4.0490607509454	0.78227240547659
4.0452362434219	0.78225892252688
4.0414189538959	0.78224649393820
4.0376088619529	0.78223512007303
4.0338059472551	0.78222480126637
4.0300101895416	0.78221553782571
4.0262215686274	0.78220733003109
4.0224400644036	0.78220017813503
4.0186656568365	0.78219408236259
4.0148983259676	0.78218904291133
4.0111380519133	0.78218505995133
4.0073848148643	0.78218213362517
4.0036385950855	0.78218026404797
3.9998993729153	0.78217945130732
3.9961671287657	0.78217969546335
3.9924418431216	0.78218099654869
3.9887234965407	0.78218335456847
3.9850120696531	0.78218676950033
3.9813075431607	0.78219124129440
3.9776098978373	0.78219676987332
3.9739191145281	0.78220335513224
3.9702351741491	0.78221099693876
3.9665580576872	0.78221969513302
3.9628877461996	0.78222944952761
3.9592242208135	0.78224025990764
3.9555674627260	0.78225212603065
3.9519174532033	0.78226504762670
3.9482741735809	0.78227902439831
3.9446376052632	0.78229405602045
3.9410077297226	0.78231014214057
3.9373845285001	0.78232728237858
3.9337679832043	0.78234547632681
3.9301580755113	0.78236472355007
3.9265547871644	0.78238502358560
3.9229580999738	0.78240637594306
3.9193679958164	0.78242878010456
3.9157844566353	0.78245223552460
3.9122074644395	0.78247674163013
3.9086370013038	0.78250229782048
3.9050730493682	0.78252890346738
3.9015155908381	0.78255655791495
3.8979646079834	0.78258526047971
3.8944200831385	0.78261501045053
3.8908819987021	0.78264580708865
3.8873503371369	0.78267764962768
3.8838250809690	0.78271053727355
3.8803062127880	0.78274446920456
3.8767937152463	0.78277944457129
3.8732875710594	0.78281546249668
3.8697877630050	0.78285252207595
3.8662942739231	0.78289062237662
3.8628070867156	0.78292976243850
3.8593261843460	0.78296994127364
3.8558515498392	0.78301115786640
3.8523831662812	0.78305341117333
3.8489210168186	0.78309670012326
3.8454650846588	0.78314102361721
3.8420153530693	0.78318638052843
3.8385718053777	0.78323276970234
3.8351344249712	0.78328018995657
3.8317031952965	0.78332864008088
3.8282780998595	0.78337811883720
3.8248591222251	0.78342862495962
3.8214462460166	0.78348015715430
3.8180394549159	0.78353271409955
3.8146387326632	0.78358629444575
3.8112440630562	0.78364089681536
3.8078554299505	0.78369651980288
3.8044728172589	0.78375316197488
3.8010962089514	0.78381082186994
3.7977255890550	0.78386949799863
3.7943609416530	0.78392918884354
3.7910022508852	0.78398989285921
3.7876495009476	0.78405160847213
3.7843026760919	0.78411433408074
3.7809617606256	0.78417806805539
3.7776267389113	0.78424280873831
3.7742975953670	0.78430855444363
3.7709743144654	0.78437530345732
3.7676568807339	0.78444305403720
3.7643452787544	0.78451180441290
3.7610394931627	0.78458155278584
3.7577395086488	0.78465229732923
3.7544453099562	0.78472403618801
3.7511568818819	0.78479676747889
3.7478742092762	0.78487048929027
3.7445972770422	0.78494519968223
3.7413260701360	0.78502089668654
3.7380605735661	0.78509757830660
3.7348007723932	0.78517524251744
3.7315466517301	0.78525388726569
3.7282981967417	0.78533351046955
3.7250553926441	0.78541411001879
3.7218182247052	0.78549568377471
3.7185866782436	0.78557822957009
3.7153607386293	0.78566174520924
3.7121403912828	0.78574622846788
3.7089256216751	0.78583167709320
3.7057164153276	0.78591808880380
3.7025127578115	0.78600546128966
3.6993146347483	0.78609379221211
3.6961220318087	0.78618307920385
3.6929349347130	0.78627331986886
3.6897533292308	0.78636451178244
3.6865772011805	0.78645665249113
3.6834065364295	0.78654973951271
3.6802413208937	0.78664377033620
3.6770815405372	0.78673874242178
3.6739271813725	0.78683465320081
3.6707782294600	0.78693150007577
3.6676346709078	0.78702928042027
3.6644964918714	0.78712799157901
3.6613636785540	0.78722763086772
3.6582362172056	0.78732819557321
3.6551140941234	0.78742968295327
3.6519972956511	0.78753209023669
3.6488858081792	0.78763541462322
3.6457796181442	0.78773965328352
3.6426787120292	0.78784480335920
3.6395830763628	0.78795086196273
3.6364926977196	0.78805782617744
3.6334075627197	0.78816569305749
3.6303276580286	0.78827445962788
3.6272529703569	0.78838412288435
3.6241834864603	0.78849467979343
3.6211191931393	0.78860612729238
3.6180600772387	0.78871846228917
3.6150061256481	0.78883168166246
3.6119573253012	0.78894578226156
3.6089136631756	0.78906076090644
3.6058751262930	0.78917661438767
3.6028417017185	0.78929333946644
3.5998133765610	0.78941093287448
3.5967901379724	0.78952939131408
3.5937719731479	0.78964871145806
3.5907588693257	0.78976888994975
3.5877508137865	0.78988992340294
3.5847477938539	0.79001180840192
3.5817497968937	0.79013454150139
3.5787568103140	0.79025811922648
3.5757688215649	0.79038253807273
3.5727858181385	0.79050779450606
3.5698077875685	0.79063388496273
3.5668347174301	0.79076080584938
3.5638665953400	0.79088855354296
3.5609034089559	0.79101712439073
3.5579451459767	0.79114651471025
3.5549917941421	0.79127672078936
3.5520433412322	0.79140773888614
3.5490997750681	0.79153956522894
3.5461610835108	0.79167219601635
3.5432272544616	0.79180562741714
3.5402982758621	0.79193985557034
3.5373741356932	0.79207487658513
3.5344548219759	0.79221068654090
3.5315403227706	0.79234728148720
3.5286306261770	0.79248465744375
3.5257257203340	0.79262281040043
3.5228255934195	0.79276173631726
3.5199302336503	0.79290143112439
3.5170396292820	0.79304189072213
3.5141537686086	0.79318311098089
3.5112726399625	0.79332508774123
3.5083962317145	0.79346781681381
3.5055245322732	0.79361129397942
3.5026575300853	0.79375551498897
3.4997952136353	0.79390047556348
3.4969375714452	0.79404617139410
3.4940845920746	0.79419259814209
3.4912362641202	0.79433975143884
3.4883925762160	0.79448762688587
3.4855535170329	0.79463622005483
3.4827190752788	0.79478552648752
3.4798892396982	0.79493554169588
3.4770639990721	0.79508626116203
3.4742433422181	0.79523768033824
3.4714272579898	0.79538979464698
3.4686157352771	0.79554259948089
3.4658087630058	0.79569609020287
3.4630063301375	0.79585026214600
3.4602084256694	0.79600511061364
3.4574150386345	0.79616063087942
3.4546261581009	0.79631681818722
3.4518417731721	0.79647366775128
3.4490618729867	0.79663117475615
3.4462864467180	0.79678933435676
3.4435154835745	0.79694814167840
3.4407489727993	0.79710759181682
3.4379869036697	0.79726767983819
3.4352292654979	0.79742840077919
3.4324760476300	0.79758974964700
3.4297272394463	0.79775172141937
3.4269828303612	0.79791431104465
3.4242428098230	0.79807751344182
3.4215071673134	0.79824132350054
3.4187758923480	0.79840573608119
3.4160489744758	0.79857074601494
3.4133264032791	0.79873634810377
3.4106081683732	0.79890253712053
3.4078942594066	0.79906930780899
3.4051846660609	0.79923665488392
3.4024793780502	0.79940457303111
3.3997783851213	0.79957305690745
3.3970816770538	0.79974210114100
3.3943892436594	0.79991170033103
3.3917010747822	0.80008184904813
3.3890171602984	0.80025254183422
3.3863374901163	0.80042377320265
3.3836620541761	0.80059553763831
3.3809908424495	0.80076782959764
3.3783238449403	0.80094064350877
3.3756610516834	0.80111397377154
3.3730024527453	0.80128781475764
3.3703480382237	0.80146216081068
3.3676977982476	0.80163700624627
3.3650517229768	0.80181234535209
3.3624098026021	0.80198817238806
3.3597720273451	0.80216448158634
3.3571383874580	0.80234126715153
3.3545088732237	0.80251852326068
3.3518834749553	0.80269624406346
3.3492621829963	0.80287442368226
3.3466449877205	0.80305305621227
3.3440318795315	0.80323213572164
3.3414228488631	0.80341165625154
3.3388178861789	0.80359161181635
3.3362169819720	0.80377199640375
3.3336201267653	0.80395280397482
3.3310273111111	0.80413402846423
