#Parameters = {thARC=0.2; nARC=2.5; thsub=1; p=1; nSub=2.75}
#"Wavelength / um"	"T (416) [Real Part]"
#---------------------------------------
14.989622900000	0.78488609624680
14.937342202292	0.78490948741198
14.885424925521	0.78493277165300
14.833867293419	0.78495595195940
14.782665581854	0.78497903128917
14.731816117936	0.78500201256888
14.681315279138	0.78502489869381
14.631159492435	0.78504769252805
14.581345233463	0.78507039690468
14.531869025691	0.78509301462586
14.482727439614	0.78511554846299
14.433917091960	0.78513800115681
14.385434644914	0.78516037541757
14.337276805356	0.78518267392514
14.289440324118	0.78520489932916
14.241921995249	0.78522705424919
14.194718655303	0.78524914127480
14.147827182633	0.78527116296579
14.101244496707	0.78529312185226
14.054967557431	0.78531502043477
14.008993364486	0.78533686118454
13.963318956684	0.78535864654350
13.917941411328	0.78538037892450
13.872857843591	0.78540206071147
13.828065405904	0.78542369425950
13.783561287356	0.78544528189505
13.739342713107	0.78546682591607
13.695406943810	0.78548832859218
13.651751275046	0.78550979216478
13.608373036768	0.78553121884722
13.565269592760	0.78555261082498
13.522438340099	0.78557397025579
13.479876708633	0.78559529926978
13.437582160466	0.78561659996968
13.395552189455	0.78563787443092
13.353784320713	0.78565912470185
13.312276110124	0.78568035280383
13.271025143869	0.78570156073145
13.230029037952	0.78572275045264
13.189285437747	0.78574392390886
13.148792017544	0.78576508301526
13.108546480105	0.78578622966082
13.068546556234	0.78580736570854
13.028790004346	0.78582849299558
12.989274610052	0.78584961333343
12.949998185745	0.78587072850807
12.910958570198	0.78589184028015
12.872153628167	0.78591295038515
12.833581250000	0.78593406053351
12.795239351259	0.78595517241085
12.757125872340	0.78597628767810
12.719238778108	0.78599740797167
12.681576057530	0.78601853490364
12.644135723323	0.78603967006190
12.606915811606	0.78606081501031
12.569914381551	0.78608197128892
12.533129515050	0.78610314041408
12.496559316382	0.78612432387864
12.460201911887	0.78614552315212
12.424055449648	0.78616673968084
12.388118099174	0.78618797488816
12.352388051092	0.78620923017458
12.316863516845	0.78623050691794
12.281542728390	0.78625180647361
12.246423937908	0.78627313017463
12.211505417515	0.78629447933188
12.176785458976	0.78631585523426
12.142262373431	0.78633725914888
12.107934491115	0.78635869232120
12.073800161095	0.78638015597521
12.039857751004	0.78640165131360
12.006105646776	0.78642317951796
11.972542252396	0.78644474174890
11.939165989646	0.78646633914625
11.905975297855	0.78648797282925
11.872968633663	0.78650964389668
11.840144470774	0.78653135342706
11.807501299724	0.78655310247881
11.775037627651	0.78657489209042
11.742751978065	0.78659672328064
11.710642890625	0.78661859704863
11.678708920919	0.78664051437413
11.646948640249	0.78666247621764
11.615360635413	0.78668448352060
11.583943508501	0.78670653720554
11.552695876686	0.78672863817627
11.521616372022	0.78675078731804
11.490703641242	0.78677298549771
11.459956345566	0.78679523356391
11.429373160503	0.78681753234724
11.398952775665	0.78683988266043
11.368693894577	0.78686228529847
11.338595234493	0.78688474103884
11.308655526217	0.78690725064164
11.278873513920	0.78692981484976
11.249247954972	0.78695243438907
11.219777619760	0.78697510996858
11.190461291527	0.78699784228060
11.161297766195	0.78702063200090
11.132285852209	0.78704347978890
11.103424370370	0.78706638628783
11.074712153676	0.78708935212490
11.046148047163	0.78711237791143
11.017730907755	0.78713546424308
10.989459604106	0.78715861169996
10.961333016453	0.78718182084683
10.933350036470	0.78720509223325
10.905509567115	0.78722842639374
10.877810522496	0.78725182384796
10.850251827723	0.78727528510086
10.822832418773	0.78729881064285
10.795551242348	0.78732240094995
10.768407255747	0.78734605648399
10.741399426729	0.78736977769271
10.714526733381	0.78739356500998
10.687788163993	0.78741741885594
10.661182716927	0.78744133963715
10.634709400497	0.78746532774675
10.608367232838	0.78748938356464
10.582155241793	0.78751350745762
10.556072464789	0.78753769977957
10.530117948718	0.78756196087156
10.504290749825	0.78758629106208
10.478589933590	0.78761069066712
10.453014574616	0.78763515999040
10.427563756522	0.78765969932344
10.402236571825	0.78768430894581
10.377032121841	0.78770898912522
10.351949516575	0.78773374011768
10.326987874612	0.78775856216768
10.302146323024	0.78778345550832
10.277423997257	0.78780842036147
10.252820041040	0.78783345693793
10.228333606278	0.78785856543754
10.203963852961	0.78788374604941
10.179709949066	0.78790899895197
10.155571070461	0.78793432431320
10.131546400811	0.78795972229074
10.107635131490	0.78798519303203
10.083836461487	0.78801073667450
10.060149597315	0.78803635334565
10.036573752929	0.78806204316326
10.013108149633	0.78808780623549
9.9897520159947	0.78811364266104
9.9665045877660	0.78813955252931
9.9433651077944	0.78816553592050
9.9203328259431	0.78819159290578
9.8974069990096	0.78821772354745
9.8745868906456	0.78824392789903
9.8518717712783	0.78827020600544
9.8292609180328	0.78829655790312
9.8067536146549	0.78832298362017
9.7843491514360	0.78834948317650
9.7620468251384	0.78837605658394
9.7398459389214	0.78840270384640
9.7177458022690	0.78842942495999
9.6957457309185	0.78845621991316
9.6738450467893	0.78848308868684
9.6520430779137	0.78851003125456
9.6303391583681	0.78853704758257
9.6087326282051	0.78856413763001
9.5872228333866	0.78859130134899
9.5658091257179	0.78861853868476
9.5444908627826	0.78864584957582
9.5232674078780	0.78867323395405
9.5021381299525	0.78870069174483
9.4811024035421	0.78872822286718
9.4601596087094	0.78875582723387
9.4393091309824	0.78878350475154
9.4185503612944	0.78881125532085
9.3978826959248	0.78883907883657
9.3773055364404	0.78886697518772
9.3568182896380	0.78889494425769
9.3364203674868	0.78892298592435
9.3161111870727	0.78895110006017
9.2958901705426	0.78897928653236
9.2757567450495	0.78900754520293
9.2557103426984	0.78903587592889
9.2357504004929	0.78906427856228
9.2158763602828	0.78909275295035
9.1960876687117	0.78912129893563
9.1763837771656	0.78914991635606
9.1567641417227	0.78917860504510
9.1372282231027	0.78920736483185
9.1177754866180	0.78923619554113
9.0984054021244	0.78926509699364
9.0791174439733	0.78929406900599
9.0599110909640	0.78932311139090
9.0407858262967	0.78935222395722
9.0217411375263	0.78938140651011
9.0027765165165	0.78941065885107
8.9838914593947	0.78943998077810
8.9650854665072	0.78946937208579
8.9463580423754	0.78949883256539
8.9277086956522	0.78952836200497
8.9091369390788	0.78955796018945
8.8906422894425	0.78958762690074
8.8722242675348	0.78961736191785
8.8538823981099	0.78964716501694
8.8356162098438	0.78967703597146
8.8174252352941	0.78970697455222
8.7993090108600	0.78973698052748
8.7812670767428	0.78976705366307
8.7632989769073	0.78979719372246
8.7454042590432	0.78982740046685
8.7275824745269	0.78985767365528
8.7098331783847	0.78988801304468
8.6921559292549	0.78991841839002
8.6745502893519	0.78994888944431
8.6570158244297	0.78997942595879
8.6395521037464	0.79001002768293
8.6221587000288	0.79004069436456
8.6048351894374	0.79007142574991
8.5875811515325	0.79010222158377
8.5703961692396	0.79013308160949
8.5532798288160	0.79016400556910
8.5362317198178	0.79019499320339
8.5192514350668	0.79022604425197
8.5023385706183	0.79025715845338
8.4854927257288	0.79028833554514
8.4687135028249	0.79031957526381
8.4520005074711	0.79035087734511
8.4353533483399	0.79038224152397
8.4187716371806	0.79041366753461
8.4022549887892	0.79044515511058
8.3858030209790	0.79047670398489
8.3694153545505	0.79050831389003
8.3530916132627	0.79053998455806
8.3368314238042	0.79057171572067
8.3206344157646	0.79060350710926
8.3045002216066	0.79063535845501
8.2884284766381	0.79066726948891
8.2724188189845	0.79069923994186
8.2564708895621	0.79073126954474
8.2405843320506	0.79076335802842
8.2247587928669	0.79079550512390
8.2089939211391	0.79082771056229
8.1932893686800	0.79085997407493
8.1776447899618	0.79089229539342
8.1620598420909	0.79092467424970
8.1465341847826	0.79095711037607
8.1310674803363	0.79098960350528
8.1156593936113	0.79102215337058
8.1003095920022	0.79105475970576
8.0850177454153	0.79108742224522
8.0697835262450	0.79112014072401
8.0546066093498	0.79115291487789
8.0394866720300	0.79118574444337
8.0244233940043	0.79121862915778
8.0094164573871	0.79125156875931
7.9944655466667	0.79128456298702
7.9795703486825	0.79131761158098
7.9647305526036	0.79135071428221
7.9499458499072	0.79138387083279
7.9352159343568	0.79141708097591
7.9205405019815	0.79145034445585
7.9059192510549	0.79148366101811
7.8913518820742	0.79151703040939
7.8768380977404	0.79155045237763
7.8623776029373	0.79158392667210
7.8479701047120	0.79161745304339
7.8336153122550	0.79165103124348
7.8193129368805	0.79168466102575
7.8050626920073	0.79171834214504
7.7908642931393	0.79175207435770
7.7767174578470	0.79178585742155
7.7626219057483	0.79181969109603
7.7485773584906	0.79185357514212
7.7345835397317	0.79188750932246
7.7206401751223	0.79192149340132
7.7067469922879	0.79195552714468
7.6929037208109	0.79198961032022
7.6791100922131	0.79202374269738
7.6653658399386	0.79205792404736
7.6516706993364	0.79209215414318
7.6380244076433	0.79212643275967
7.6244267039674	0.79216075967355
7.6108773292714	0.79219513466338
7.5973760263558	0.79222955750966
7.5839225398432	0.79226402799480
7.5705166161616	0.79229854590317
7.5571580035291	0.79233311102113
7.5438464519376	0.79236772313702
7.5305817131374	0.79240238204121
7.5173635406219	0.79243708752608
7.5041916896120	0.79247183938612
7.4910659170415	0.79250663741784
7.4779859815415	0.79254148141988
7.4649516434263	0.79257637119298
7.4519626646781	0.79261130654002
7.4390188089330	0.79264628726599
7.4261198414664	0.79268131317807
7.4132655291790	0.79271638408560
7.4004556405826	0.79275149980010
7.3876899457861	0.79278666013531
7.3749682164822	0.79282186490714
7.3622902259332	0.79285711393376
7.3496557489581	0.79289240703556
7.3370645619187	0.79292774403516
7.3245164427071	0.79296312475744
7.3120111707317	0.79299854902954
7.2995485269053	0.79303401668086
7.2871282936315	0.79306952754310
7.2747502547925	0.79310508145021
7.2624141957364	0.79314067823843
7.2501199032648	0.79317631774632
7.2378671656205	0.79321199981471
7.2256557724753	0.79324772428673
7.2134855149182	0.79328349100785
7.2013561854432	0.79331929982579
7.1892675779376	0.79335515059063
7.1772194876706	0.79339104315474
7.1652117112811	0.79342697737279
7.1532440467669	0.79346295310179
7.1413162934731	0.79349897020102
7.1294282520809	0.79353502853212
7.1175797245964	0.79357112795899
7.1057705143399	0.79360726834788
7.0940004259347	0.79364344956732
7.0822692652965	0.79367967148814
7.0705768396226	0.79371593398346
7.0589229573817	0.79375223692873
7.0473074283028	0.79378858020164
7.0357300633654	0.79382496368220
7.0241906747891	0.79386138725266
7.0126890760234	0.79389785079758
7.0012250817375	0.79393435420375
6.9897985078107	0.79397089736023
6.9784091713222	0.79400748015832
6.9670568905415	0.79404410249156
6.9557414849188	0.79408076425573
6.9444627750753	0.79411746534882
6.9332205827937	0.79415420567102
6.9220147310090	0.79419098512473
6.9108450437990	0.79422780361455
6.8997113463751	0.79426466104722
6.8886134650735	0.79430155733168
6.8775512273457	0.79433849237901
6.8665244617499	0.79437546610242
6.8555329979419	0.79441247841726
6.8445766666667	0.79444952924098
6.8336552997493	0.79448661849313
6.8227687300865	0.79452374609535
6.8119167916383	0.79456091197135
6.8010993194192	0.79459811604687
6.7903161494904	0.79463535824971
6.7795671189507	0.79467263850969
6.7688520659291	0.79470995675861
6.7581708295762	0.79474731293029
6.7475232500563	0.79478470696049
6.7369091685393	0.79482213878695
6.7263284271932	0.79485960834931
6.7157808691756	0.79489711558914
6.7052663386267	0.79493466044993
6.6947846806610	0.79497224287700
6.6843357413601	0.79500986281758
6.6739193677649	0.79504752022068
6.6635354078684	0.79508521503717
6.6531837106081	0.79512294721971
6.6428641258586	0.79516071672272
6.6325765044248	0.79519852350238
6.6223206980340	0.79523636751662
6.6120965593295	0.79527424872506
6.6019039418630	0.79531216708901
6.5917427000879	0.79535012257147
6.5816126893524	0.79538811513706
6.5715137658922	0.79542614475203
6.5614457868243	0.79546421138423
6.5514086101399	0.79550231500308
6.5414020946978	0.79554045557957
6.5314261002179	0.79557863308620
6.5214804872743	0.79561684749696
6.5115651172893	0.79565509878736
6.5016798525266	0.79569338693432
6.4918245560849	0.79573171191623
6.4819990918919	0.79577007371285
6.4722033246978	0.79580847230535
6.4624371200690	0.79584690767624
6.4527003443823	0.79588537980935
6.4429928648184	0.79592388868983
6.4333145493562	0.79596243430409
6.4236652667667	0.79600101663982
6.4140448866068	0.79603963568590
6.4044532792138	0.79607829143244
6.3948903156997	0.79611698387069
6.3853558679446	0.79615571299308
6.3758498085921	0.79619447879313
6.3663720110427	0.79623328126547
6.3569223494487	0.79627212040578
6.3475006987084	0.79631099621079
6.3381069344609	0.79634990867824
6.3287409330800	0.79638885780683
6.3194025716695	0.79642784359625
6.3100917280572	0.79646686604710
6.3008082807902	0.79650592516086
6.2915521091291	0.79654502093993
6.2823230930427	0.79658415338750
6.2731211132036	0.79662332250762
6.2639460509820	0.79666252830510
6.2547977884415	0.79670177078552
6.2456762083333	0.79674104995520
6.2365811940919	0.79678036582115
6.2275126298297	0.79681971839107
6.2184704003319	0.79685910767328
6.2094543910522	0.79689853367677
6.2004644881075	0.79693799641106
6.1915005782734	0.79697749588628
6.1825625489792	0.79701703211307
6.1736502883031	0.79705660510259
6.1647636849681	0.79709621486646
6.1559026283368	0.79713586141677
6.1470670084068	0.79717554476602
6.1382567158067	0.79721526492710
6.1294716417910	0.79725502191328
6.1207116782360	0.79729481573815
6.1119767176351	0.79733464641562
6.1032666530945	0.79737451395987
6.0945813783289	0.79741441838534
6.0859207876573	0.79745435970669
6.0772847759984	0.79749433793879
6.0686732388664	0.79753435309667
6.0600860723671	0.79757440519548
6.0515231731934	0.79761449425052
6.0429844386212	0.79765462027715
6.0344697665056	0.79769478329080
6.0259790552764	0.79773498330692
6.0175122039342	0.79777522034097
6.0090691120465	0.79781549440839
6.0006496797438	0.79785580552456
5.9922538077154	0.79789615370478
5.9838813972056	0.79793653896427
5.9755323500100	0.79797696131808
5.9672065684713	0.79801742078112
5.9589039554760	0.79805791736812
5.9506244144502	0.79809845109360
5.9423678493558	0.79813902197182
5.9341341646873	0.79817963001680
5.9259232654675	0.79822027524226
5.9177350572444	0.79826095766160
5.9095694460871	0.79830167728789
5.9014263385827	0.79834243413382
5.8933056418321	0.79838322821171
5.8852072634472	0.79842405953343
5.8771311115468	0.79846492811043
5.8690770947533	0.79850583395370
5.8610451221896	0.79854677707371
5.8530351034752	0.79858775748045
5.8450469487229	0.79862877518334
5.8370805685358	0.79866983019125
5.8291358740035	0.79871092251246
5.8212127766990	0.79875205215464
5.8133111886756	0.79879321912482
5.8054310224632	0.79883442342939
5.7975721910656	0.79887566507403
5.7897346079567	0.79891694406374
5.7819181870781	0.79895826040280
5.7741228428351	0.79899961409471
5.7663484900942	0.79904100514223
5.7585950441798	0.79908243354732
5.7508624208709	0.79912389931113
5.7431505363985	0.79916540243397
5.7354593074421	0.79920694291530
5.7277886511272	0.79924852075369
5.7201384850219	0.79929013594685
5.7125087271341	0.79933178849152
5.7048992959087	0.79937347838357
5.6973101102242	0.79941520561785
5.6897410893908	0.79945697018828
5.6821921531463	0.79949877208776
5.6746632216544	0.79954061130820
5.6671542155009	0.79958248784046
5.6596650556919	0.79962440167436
5.6521956636501	0.79966635279865
5.6447459612126	0.79970834120100
5.6373158706281	0.79975036686796
5.6299053145540	0.79979242978499
5.6225142160540	0.79983452993640
5.6151424985952	0.79987666730534
5.6077900860456	0.79991884187380
5.6004569026714	0.79996105362258
5.5931428731343	0.80000330253130
5.5858479224893	0.80004558857835
5.5785719761816	0.80008791174088
5.5713149600446	0.80013027199483
5.5640768002970	0.80017266931484
5.5568574235403	0.80021510367432
5.5496567567568	0.80025757504536
5.5424747273063	0.80030008339877
5.5353112629247	0.80034262870406
5.5281662917204	0.80038521092939
5.5210397421731	0.80042783004160
5.5139315431304	0.80047048600618
5.5068416238060	0.80051317878726
5.4997699137773	0.80055590834761
5.4927163429828	0.80059867464861
5.4856808417200	0.80064147765024
5.4786633406433	0.80068431731110
5.4716637707611	0.80072719358836
5.4646820634342	0.80077010643779
5.4577181503732	0.80081305581371
5.4507719636364	0.80085604166902
5.4438434356274	0.80089906395516
5.4369324990932	0.80094212262213
5.4300390871219	0.80098521761845
5.4231631331404	0.80102834889120
5.4163045709124	0.80107151638596
5.4094633345363	0.80111472004683
5.4026393584430	0.80115795981644
5.3958325773938	0.80120123563591
5.3890429264785	0.80124454744487
5.3822703411131	0.80128789518143
5.3755147570378	0.80133127878222
5.3687761103152	0.80137469818233
5.3620543373278	0.80141815331535
5.3553493747767	0.80146164411336
5.3486611596789	0.80150517050688
5.3419896293656	0.80154873242494
5.3353347214807	0.80159232979502
5.3286963739780	0.80163596254308
5.3220745251198	0.80167963059356
5.3154691134752	0.80172333386935
5.3088800779175	0.80176707229179
5.3023073576229	0.80181084578074
5.2957508920685	0.80185465425446
5.2892106210303	0.80189849762973
5.2826864845815	0.80194237582176
5.2761784230905	0.80198628874425
5.2696863772192	0.80203023630935
5.2632102879213	0.80207421842771
5.2567500964405	0.80211823500842
5.2503057443082	0.80216228595907
5.2438771733427	0.80220637118570
5.2374643256464	0.80225049059287
5.2310671436050	0.80229464408360
5.2246855698850	0.80233883155939
5.2183195474326	0.80238305292026
5.2119690194715	0.80242730806472
5.2056339295016	0.80247159688977
5.1993142212973	0.80251591929093
5.1930098389052	0.80256027516223
5.1867207266436	0.80260466439623
5.1804468290997	0.80264908688401
5.1741880911288	0.80269354251518
5.1679444578521	0.80273803117791
5.1617158746556	0.80278255275890
5.1555022871883	0.80282710714341
5.1493036413604	0.80287169421528
5.1431198833419	0.80291631385690
5.1369509595613	0.80296096594928
5.1307968167037	0.80300565037200
5.1246574017094	0.80305036700323
5.1185326617722	0.80309511571978
5.1124225443383	0.80313989639707
5.1063269971044	0.80318470890917
5.1002459680163	0.80322955312876
5.0941794052676	0.80327442892722
5.0881272572980	0.80331933617457
5.0820894727920	0.80336427473952
5.0760660006773	0.80340924448949
5.0700567901235	0.80345424529058
5.0640617905405	0.80349927700763
5.0580809515775	0.80354433950421
5.0521142231210	0.80358943264262
5.0461615552937	0.80363455628395
5.0402228984533	0.80367971028806
5.0342982031906	0.80372489451358
5.0283874203287	0.80377010881797
5.0224905009214	0.80381535305750
5.0166073962517	0.80386062708728
5.0107380578305	0.80390593076129
5.0048824373957	0.80395126393235
4.9990404869101	0.80399662645220
4.9932121585610	0.80404201817145
4.9873974047579	0.80408743893967
4.9815961781323	0.80413288860533
4.9758084315353	0.80417836701590
4.9700341180371	0.80422387401778
4.9642731909256	0.80426940945639
4.9585256037049	0.80431497317617
4.9527913100942	0.80436056502058
4.9470702640264	0.80440618483212
4.9413624196473	0.80445183245238
4.9356677313138	0.80449750772204
4.9299861535932	0.80454321048088
4.9243176412615	0.80458894056781
4.9186621493027	0.80463469782090
4.9130196329072	0.80468048207740
4.9073900474709	0.80472629317373
4.9017733485939	0.80477213094555
4.8961694920790	0.80481799522774
4.8905784339315	0.80486388585445
4.8850001303569	0.80490980265911
4.8794345377604	0.80495574547445
4.8738816127459	0.80500171413252
4.8683413121143	0.80504770846473
4.8628135928629	0.80509372830185
4.8572984121841	0.80513977347406
4.8517957274640	0.80518584381095
4.8463054962819	0.80523193914155
4.8408276764088	0.80527805929436
4.8353622258065	0.80532420409736
4.8299091026261	0.80537037337807
4.8244682652076	0.80541656696352
4.8190396720784	0.80546278468031
4.8136232819525	0.80550902635464
4.8082190537289	0.80555529181232
4.8028269464915	0.80560158087878
4.7974469195071	0.80564789337914
4.7920789322251	0.80569422913818
4.7867229442759	0.80574058798042
4.7813789154705	0.80578696973011
4.7760468057989	0.80583337421126
4.7707265754297	0.80587980124769
4.7654181847083	0.80592625066300
4.7601215941569	0.80597272228068
4.7548367644726	0.80601921592406
4.7495636565272	0.80606573141638
4.7443022313657	0.80611226858080
4.7390524502055	0.80615882724043
4.7338142744355	0.80620540721836
4.7285876656151	0.80625200833767
4.7233725854735	0.80629863042149
4.7181689959081	0.80634527329300
4.7129768589844	0.80639193677547
4.7077961369347	0.80643862069227
4.7026267921569	0.80648532486691
4.6974687872140	0.80653204912309
4.6923220848333	0.80657879328469
4.6871866479049	0.80662555717579
4.6820624394815	0.80667234062075
4.6769494227769	0.80671914344420
4.6718475611657	0.80676596547107
4.6667568181818	0.80681280652661
4.6616771575183	0.80685966643645
4.6566085430258	0.80690654502659
4.6515509387122	0.80695344212346
4.6465043087415	0.80700035755392
4.6414686174330	0.80704729114531
4.6364438292607	0.80709424272545
4.6314299088522	0.80714121212270
4.6264268209877	0.80718819916597
4.6214345305997	0.80723520368475
4.6164530027718	0.80728222550914
4.6114822027380	0.80732926446985
4.6065220958820	0.80737632039829
4.6015726477360	0.80742339312653
4.5966338239804	0.80747048248737
4.5917055904426	0.80751758831435
4.5867879130967	0.80756471044179
4.5818807580621	0.80761184870479
4.5769840916031	0.80765900293929
4.5720978801281	0.80770617298207
4.5672220901889	0.80775335867080
4.5623566884797	0.80780055984404
4.5575016418364	0.80784777634130
4.5526569172361	0.80789500800303
4.5478224817961	0.80794225467068
4.5429983027731	0.80798951618669
4.5381843475628	0.80803679239456
4.5333805836988	0.80808408313883
4.5285869788520	0.80813138826514
4.5238035008299	0.80817870762023
4.5190301175761	0.80822604105200
4.5142667971691	0.80827338840950
4.5095135078219	0.80832074954297
4.5047702178813	0.80836812430385
4.5000368958271	0.80841551254484
4.4953135102714	0.80846291411989
4.4906000299581	0.80851032888423
4.4858964237618	0.80855775669442
4.4812026606876	0.80860519740833
4.4765187098701	0.80865265088521
4.4718445405728	0.80870011698567
4.4671801221875	0.80874759557173
4.4625254242334	0.80879508650684
4.4578804163569	0.80884258965590
4.4532450683304	0.80889010488528
4.4486193500519	0.80893763206283
4.4440032315446	0.80898517105792
4.4393966829557	0.80903272174148
4.4347996745562	0.80908028398595
4.4302121767401	0.80912785766539
4.4256341600236	0.80917544265543
4.4210655950450	0.80922303883333
4.4165064525633	0.80927064607799
4.4119567034584	0.80931826426996
4.4074163187298	0.80936589329147
4.4028852694963	0.80941353302643
4.3983635269953	0.80946118336050
4.3938510625824	0.80950884418103
4.3893478477306	0.80955651537714
4.3848538540295	0.80960419683972
4.3803690531853	0.80965188846142
4.3758934170194	0.80969959013672
4.3714269174686	0.80974730176189
4.3669695265841	0.80979502323504
4.3625212165309	0.80984275445614
4.3580819595871	0.80989049532701
4.3536517281441	0.80993824575133
4.3492304947048	0.80998600563469
4.3448182318841	0.81003377488460
4.3404149124077	0.81008155341044
4.3360205091119	0.81012934112355
4.3316349949429	0.81017713793722
4.3272583429561	0.81022494376666
4.3228905263158	0.81027275852908
4.3185315182944	0.81032058214364
4.3141812922723	0.81036841453150
4.3098398217366	0.81041625561581
4.3055070802815	0.81046410532172
4.3011830416069	0.81051196357640
4.2968676795184	0.81055983030903
4.2925609679267	0.81060770545084
4.2882628808468	0.81065558893508
4.2839733923978	0.81070348069704
4.2796924768023	0.81075138067408
4.2754201083856	0.81079928880559
4.2711562615757	0.81084720503304
4.2669009109024	0.81089512929994
4.2626540309967	0.81094306155190
4.2584155965909	0.81099100173656
4.2541855825174	0.81103894980368
4.2499639637085	0.81108690570505
4.2457507151961	0.81113486939458
4.2415458121109	0.81118284082822
4.2373492296820	0.81123081996403
4.2331609432364	0.81127880676212
4.2289809281986	0.81132680118470
4.2248091600902	0.81137480319603
4.2206456145291	0.81142281276247
4.2164902672293	0.81147082985243
4.2123430940003	0.81151885443639
4.2082040707468	0.81156688648691
4.2040731734680	0.81161492597857
4.1999503782572	0.81166297288804
4.1958356613016	0.81171102719400
4.1917289988814	0.81175908887719
4.1876303673697	0.81180715792039
4.1835397432319	0.81185523430836
4.1794571030252	0.81190331802792
4.1753824233983	0.81195140906785
4.1713156810909	0.81199950741896
4.1672568529330	0.81204761307402
4.1632059158450	0.81209572602777
4.1591628468368	0.81214384627690
4.1551276230076	0.81219197382005
4.1511002215453	0.81224010865780
4.1470806197261	0.81228825079262
4.1430687949143	0.81233640022890
4.1390647245616	0.81238455697288
4.1350683862069	0.81243272103268
4.1310797574755	0.81248089241829
4.1270988160793	0.81252907114147
4.1231255398157	0.81257725721584
4.1191599065677	0.81262545065678
4.1152018943034	0.81267365148143
4.1112514810752	0.81272185970867
4.1073086450199	0.81277007535913
4.1033733643581	0.81281829845511
4.0994456173937	0.81286652902057
4.0955253825137	0.81291476708114
4.0916126381875	0.81296301266405
4.0877073629670	0.81301126579813
4.0838095354856	0.81305952651378
4.0799191344584	0.81310779484292
4.0760361386812	0.81315607081898
4.0721605270307	0.81320435447687
4.0682922784638	0.81325264585294
4.0644313720174	0.81330094498495
4.0605777868075	0.81334925191203
4.0567315020298	0.81339756667466
4.0528924969582	0.81344588931462
4.0490607509454	0.81349421987498
4.0452362434219	0.81354255840003
4.0414189538959	0.81359090493525
4.0376088619529	0.81363925952729
4.0338059472551	0.81368762222393
4.0300101895416	0.81373599307400
4.0262215686274	0.81378437212739
4.0224400644036	0.81383275943497
4.0186656568365	0.81388115504857
4.0148983259676	0.81392955902093
4.0111380519133	0.81397797140564
4.0073848148643	0.81402639225711
4.0036385950855	0.81407482163052
3.9998993729153	0.81412325958177
3.9961671287657	0.81417170616743
3.9924418431216	0.81422016144468
3.9887234965407	0.81426862547131
3.9850120696531	0.81431709830557
3.9813075431607	0.81436558000621
3.9776098978373	0.81441407063240
3.9739191145281	0.81446257024365
3.9702351741491	0.81451107889975
3.9665580576872	0.81455959666079
3.9628877461996	0.81460812358698
3.9592242208135	0.81465665973871
3.9555674627260	0.81470520517640
3.9519174532033	0.81475375996051
3.9482741735809	0.81480232415140
3.9446376052632	0.81485089780936
3.9410077297226	0.81489948099446
3.9373845285001	0.81494807376655
3.9337679832043	0.81499667618513
3.9301580755113	0.81504528830936
3.9265547871644	0.81509391019792
3.9229580999738	0.81514254190899
3.9193679958164	0.81519118350016
3.9157844566353	0.81523983502836
3.9122074644395	0.81528849654977
3.9086370013038	0.81533716811980
3.9050730493682	0.81538584979296
3.9015155908381	0.81543454162280
3.8979646079834	0.81548324366185
3.8944200831385	0.81553195596155
3.8908819987021	0.81558067857212
3.8873503371369	0.81562941154253
3.8838250809690	0.81567815492041
3.8803062127880	0.81572690875196
3.8767937152463	0.81577567308186
3.8732875710594	0.81582444795320
3.8697877630050	0.81587323340740
3.8662942739231	0.81592202948411
3.8628070867156	0.81597083622112
3.8593261843460	0.81601965365430
3.8558515498392	0.81606848181748
3.8523831662812	0.81611732074237
3.8489210168186	0.81616617045846
3.8454650846588	0.81621503099298
3.8420153530693	0.81626390237071
3.8385718053777	0.81631278461399
3.8351344249712	0.81636167774253
3.8317031952965	0.81641058177341
3.8282780998595	0.81645949672088
3.8248591222251	0.81650842259636
3.8214462460166	0.81655735940825
3.8180394549159	0.81660630716191
3.8146387326632	0.81665526585950
3.8112440630562	0.81670423549989
3.8078554299505	0.81675321607860
3.8044728172589	0.81680220758762
3.8010962089514	0.81685121001537
3.7977255890550	0.81690022334655
3.7943609416530	0.81694924756206
3.7910022508852	0.81699828263887
3.7876495009476	0.81704732854992
3.7843026760919	0.81709638526401
3.7809617606256	0.81714545274569
3.7776267389113	0.81719453095514
3.7742975953670	0.81724361984803
3.7709743144654	0.81729271937548
3.7676568807339	0.81734182948386
3.7643452787544	0.81739095011472
3.7610394931627	0.81744008120465
3.7577395086488	0.81748922268518
3.7544453099562	0.81753837448263
3.7511568818819	0.81758753651804
3.7478742092762	0.81763670870697
3.7445972770422	0.81768589095946
3.7413260701360	0.81773508317985
3.7380605735661	0.81778428526664
3.7348007723932	0.81783349711244
3.7315466517301	0.81788271860377
3.7282981967417	0.81793194962094
3.7250553926441	0.81798119003797
3.7218182247052	0.81803043972239
3.7185866782436	0.81807969853516
3.7153607386293	0.81812896633051
3.7121403912828	0.81817824295584
3.7089256216751	0.81822752825151
3.7057164153276	0.81827682205080
3.7025127578115	0.81832612417970
3.6993146347483	0.81837543445681
3.6961220318087	0.81842475269318
3.6929349347130	0.81847407869219
3.6897533292308	0.81852341224940
3.6865772011805	0.81857275315238
3.6834065364295	0.81862210118062
3.6802413208937	0.81867145610536
3.6770815405372	0.81872081768943
3.6739271813725	0.81877018568713
3.6707782294600	0.81881955984405
3.6676346709078	0.81886893989698
3.6644964918714	0.81891832557371
3.6613636785540	0.81896771659287
3.6582362172056	0.81901711266386
3.6551140941234	0.81906651348659
3.6519972956511	0.81911591875141
3.6488858081792	0.81916532813893
3.6457796181442	0.81921474131987
3.6426787120292	0.81926415795487
3.6395830763628	0.81931357769439
3.6364926977196	0.81936300017853
3.6334075627197	0.81941242503685
3.6303276580286	0.81946185188825
3.6272529703569	0.81951128034078
3.6241834864603	0.81956070999149
3.6211191931393	0.81961014042629
3.6180600772387	0.81965957121974
3.6150061256481	0.81970900193494
3.6119573253012	0.81975843212333
3.6089136631756	0.81980786132455
3.6058751262930	0.81985728906624
3.6028417017185	0.81990671486393
3.5998133765610	0.81995613822081
3.5967901379724	0.82000555862761
3.5937719731479	0.82005497556242
3.5907588693257	0.82010438849049
3.5877508137865	0.82015379686411
3.5847477938539	0.82020320012242
3.5817497968937	0.82025259769121
3.5787568103140	0.82030198898279
3.5757688215649	0.82035137339580
3.5727858181385	0.82040075031502
3.5698077875685	0.82045011911123
3.5668347174301	0.82049947914101
3.5638665953400	0.82054882974658
3.5609034089559	0.82059817025560
3.5579451459767	0.82064749998103
3.5549917941421	0.82069681822091
3.5520433412322	0.82074612425822
3.5490997750681	0.82079541736068
3.5461610835108	0.82084469678057
3.5432272544616	0.82089396175457
3.5402982758621	0.82094321150356
3.5373741356932	0.82099244523243
3.5344548219759	0.82104166212993
3.5315403227706	0.82109086136848
3.5286306261770	0.82114004210395
3.5257257203340	0.82118920347552
3.5228255934195	0.82123834460550
3.5199302336503	0.82128746459908
3.5170396292820	0.82133656254424
3.5141537686086	0.82138563751150
3.5112726399625	0.82143468855374
3.5083962317145	0.82148371470605
3.5055245322732	0.82153271498549
3.5026575300853	0.82158168839095
3.4997952136353	0.82163063390294
3.4969375714452	0.82167955048342
3.4940845920746	0.82172843707558
3.4912362641202	0.82177729260368
3.4883925762160	0.82182611597284
3.4855535170329	0.82187490606888
3.4827190752788	0.82192366175810
3.4798892396982	0.82197238188711
3.4770639990721	0.82202106528263
3.4742433422181	0.82206971075129
3.4714272579898	0.82211831707947
3.4686157352771	0.82216688303308
3.4658087630058	0.82221540735738
3.4630063301375	0.82226388877680
3.4602084256694	0.82231232599472
3.4574150386345	0.82236071769329
3.4546261581009	0.82240906253327
3.4518417731721	0.82245735915378
3.4490618729867	0.82250560617216
3.4462864467180	0.82255380218374
3.4435154835745	0.82260194576167
3.4407489727993	0.82265003545672
3.4379869036697	0.82269806979709
3.4352292654979	0.82274604728821
3.4324760476300	0.82279396641256
3.4297272394463	0.82284182562946
3.4269828303612	0.82288962337490
3.4242428098230	0.82293735806131
3.4215071673134	0.82298502807742
3.4187758923480	0.82303263178802
3.4160489744758	0.82308016753380
3.4133264032791	0.82312763363112
3.4106081683732	0.82317502837187
3.4078942594066	0.82322235002323
3.4051846660609	0.82326959682751
3.4024793780502	0.82331676700192
3.3997783851213	0.82336385873844
3.3970816770538	0.82341087020356
3.3943892436594	0.82345779953813
3.3917010747822	0.82350464485718
3.3890171602984	0.82355140424967
3.3863374901163	0.82359807577837
3.3836620541761	0.82364465747962
3.3809908424495	0.82369114736317
3.3783238449403	0.82373754341197
3.3756610516834	0.82378384358199
3.3730024527453	0.82383004580203
3.3703480382237	0.82387614797355
3.3676977982476	0.82392214797043
3.3650517229768	0.82396804363884
3.3624098026021	0.82401383279703
3.3597720273451	0.82405951323515
3.3571383874580	0.82410508271503
3.3545088732237	0.82415053897005
3.3518834749553	0.82419587970491
3.3492621829963	0.82424110259548
3.3466449877205	0.82428620528859
3.3440318795315	0.82433118540185
3.3414228488631	0.82437604052350
3.3388178861789	0.82442076821217
3.3362169819720	0.82446536599675
3.3336201267653	0.82450983137619
3.3310273111111	0.82455416181934
