#Parameters = {thARC=0.6; nARC=2.75; thsub=1; p=1; nSub=3}
#"Wavelength / um"	"T (478) [Real Part]"
#---------------------------------------
14.989622900000	0.77456371001184
14.937342202292	0.77477806824481
14.885424925521	0.77499070340910
14.833867293419	0.77520163752605
14.782665581854	0.77541089252475
14.731816117936	0.77561849023944
14.681315279138	0.77582445240708
14.631159492435	0.77602880066487
14.581345233463	0.77623155654786
14.531869025691	0.77643274148656
14.482727439614	0.77663237680461
14.433917091960	0.77683048371650
14.385434644914	0.77702708332530
14.337276805356	0.77722219662045
14.289440324118	0.77741584447556
14.241921995249	0.77760804764632
14.194718655303	0.77779882676834
14.147827182633	0.77798820235512
14.101244496707	0.77817619479606
14.054967557431	0.77836282435438
14.008993364486	0.77854811116530
13.963318956684	0.77873207523401
13.917941411328	0.77891473643392
13.872857843591	0.77909611450473
13.828065405904	0.77927622905072
13.783561287356	0.77945509953895
13.739342713107	0.77963274529757
13.695406943810	0.77980918551414
13.651751275046	0.77998443923400
13.608373036768	0.78015852535869
13.565269592760	0.78033146264435
13.522438340099	0.78050326970025
13.479876708633	0.78067396498726
13.437582160466	0.78084356681647
13.395552189455	0.78101209334772
13.353784320713	0.78117956258828
13.312276110124	0.78134599239150
13.271025143869	0.78151140045552
13.230029037952	0.78167580432201
13.189285437747	0.78183922137499
13.148792017544	0.78200166883960
13.108546480105	0.78216316378097
13.068546556234	0.78232372310314
13.028790004346	0.78248336354797
12.989274610052	0.78264210169411
12.949998185745	0.78279995395600
12.910958570198	0.78295693658291
12.872153628167	0.78311306565801
12.833581250000	0.78326835709749
12.795239351259	0.78342282664972
12.757125872340	0.78357648989438
12.719238778108	0.78372936224172
12.681576057530	0.78388145893179
12.644135723323	0.78403279503375
12.606915811606	0.78418338544514
12.569914381551	0.78433324489128
12.533129515050	0.78448238792463
12.496559316382	0.78463082892422
12.460201911887	0.78477858209509
12.424055449648	0.78492566146780
12.388118099174	0.78507208089791
12.352388051092	0.78521785406558
12.316863516845	0.78536299447509
12.281542728390	0.78550751545453
12.246423937908	0.78565143015536
12.211505417515	0.78579475155218
12.176785458976	0.78593749244236
12.142262373431	0.78607966544582
12.107934491115	0.78622128300479
12.073800161095	0.78636235738361
12.039857751004	0.78650290066856
12.006105646776	0.78664292476771
11.972542252396	0.78678244141083
11.939165989646	0.78692146214930
11.905975297855	0.78705999835603
11.872968633663	0.78719806122547
11.840144470774	0.78733566177361
11.807501299724	0.78747281083797
11.775037627651	0.78760951907773
11.742751978065	0.78774579697375
11.710642890625	0.78788165482871
11.678708920919	0.78801710276725
11.646948640249	0.78815215073614
11.615360635413	0.78828680850446
11.583943508501	0.78842108566382
11.552695876686	0.78855499162862
11.521616372022	0.78868853563630
11.490703641242	0.78882172674763
11.459956345566	0.78895457384705
11.429373160503	0.78908708564300
11.398952775665	0.78921927066829
11.368693894577	0.78935113728046
11.338595234493	0.78948269366225
11.308655526217	0.78961394782200
11.278873513920	0.78974490759411
11.249247954972	0.78987558063953
11.219777619760	0.79000597444627
11.190461291527	0.79013609632991
11.161297766195	0.79026595343416
11.132285852209	0.79039555273143
11.103424370370	0.79052490102340
11.074712153676	0.79065400494167
11.046148047163	0.79078287094835
11.017730907755	0.79091150533674
10.989459604106	0.79103991423197
10.961333016453	0.79116810359174
10.933350036470	0.79129607920699
10.905509567115	0.79142384670262
10.877810522496	0.79155141153829
10.850251827723	0.79167877900914
10.822832418773	0.79180595424658
10.795551242348	0.79193294221911
10.768407255747	0.79205974773313
10.741399426729	0.79218637543378
10.714526733381	0.79231282980577
10.687788163993	0.79243911517430
10.661182716927	0.79256523570589
10.634709400497	0.79269119540934
10.608367232838	0.79281699813659
10.582155241793	0.79294264758371
10.556072464789	0.79306814729181
10.530117948718	0.79319350064801
10.504290749825	0.79331871088645
10.478589933590	0.79344378108924
10.453014574616	0.79356871418751
10.427563756522	0.79369351296241
10.402236571825	0.79381818004612
10.377032121841	0.79394271792297
10.351949516575	0.79406712893043
10.326987874612	0.79419141526023
10.302146323024	0.79431557895941
10.277423997257	0.79443962193148
10.252820041040	0.79456354593747
10.228333606278	0.79468735259708
10.203963852961	0.79481104338983
10.179709949066	0.79493461965617
10.155571070461	0.79505808259868
10.131546400811	0.79518143328321
10.107635131490	0.79530467264008
10.083836461487	0.79542780146524
10.060149597315	0.79555082042151
10.036573752929	0.79567373003976
10.013108149633	0.79579653072013
9.9897520159947	0.79591922273328
9.9665045877660	0.79604180622161
9.9433651077944	0.79616428120050
9.9203328259431	0.79628664755960
9.8974069990096	0.79640890506406
9.8745868906456	0.79653105335579
9.8518717712783	0.79665309195481
9.8292609180328	0.79677502026046
9.8067536146549	0.79689683755271
9.7843491514360	0.79701854299351
9.7620468251384	0.79714013562805
9.7398459389214	0.79726161438609
9.7177458022690	0.79738297808330
9.6957457309185	0.79750422542255
9.6738450467893	0.79762535499529
9.6520430779137	0.79774636528286
9.6303391583681	0.79786725465784
9.6087326282051	0.79798802138543
9.5872228333866	0.79810866362476
9.5658091257179	0.79822917943029
9.5444908627826	0.79834956675317
9.5232674078780	0.79846982344258
9.5021381299525	0.79858994724716
9.4811024035421	0.79870993581635
9.4601596087094	0.79882978670179
9.4393091309824	0.79894949735869
9.4185503612944	0.79906906514725
9.3978826959248	0.79918848733403
9.3773055364404	0.79930776109336
9.3568182896380	0.79942688350874
9.3364203674868	0.79954585157424
9.3161111870727	0.79966466219589
9.2958901705426	0.79978331219313
9.2757567450495	0.79990179830017
9.2557103426984	0.80002011716745
9.2357504004929	0.80013826536302
9.2158763602828	0.80025623937396
9.1960876687117	0.80037403560780
9.1763837771656	0.80049165039396
9.1567641417227	0.80060907998513
9.1372282231027	0.80072632055871
9.1177754866180	0.80084336821824
9.0984054021244	0.80096021899480
9.0791174439733	0.80107686884844
9.0599110909640	0.80119331366959
9.0407858262967	0.80130954928051
9.0217411375263	0.80142557143668
9.0027765165165	0.80154137582823
8.9838914593947	0.80165695808136
8.9650854665072	0.80177231375974
8.9463580423754	0.80188743836596
8.9277086956522	0.80200232734294
8.9091369390788	0.80211697607530
8.8906422894425	0.80223137989082
8.8722242675348	0.80234553406184
8.8538823981099	0.80245943380666
8.8356162098438	0.80257307429094
8.8174252352941	0.80268645062913
8.7993090108600	0.80279955788583
8.7812670767428	0.80291239107724
8.7632989769073	0.80302494517252
8.7454042590432	0.80313721509518
8.7275824745269	0.80324919572450
8.7098331783847	0.80336088189690
8.6921559292549	0.80347226840731
8.6745502893519	0.80358335001056
8.6570158244297	0.80369412142278
8.6395521037464	0.80380457732271
8.6221587000288	0.80391471235313
8.6048351894374	0.80402452112220
8.5875811515325	0.80413399820482
8.5703961692396	0.80424313814396
8.5532798288160	0.80435193545206
8.5362317198178	0.80446038461231
8.5192514350668	0.80456848008004
8.5023385706183	0.80467621628405
8.4854927257288	0.80478358762792
8.4687135028249	0.80489058849132
8.4520005074711	0.80499721323136
8.4353533483399	0.80510345618389
8.4187716371806	0.80520931166480
8.4022549887892	0.80531477397132
8.3858030209790	0.80541983738332
8.3694153545505	0.80552449616458
8.3530916132627	0.80562874456411
8.3368314238042	0.80573257681735
8.3206344157646	0.80583598714753
8.3045002216066	0.80593896976684
8.2884284766381	0.80604151887776
8.2724188189845	0.80614362867424
8.2564708895621	0.80624529334298
8.2405843320506	0.80634650706464
8.2247587928669	0.80644726401508
8.2089939211391	0.80654755836655
8.1932893686800	0.80664738428893
8.1776447899618	0.80674673595089
8.1620598420909	0.80684560752112
8.1465341847826	0.80694399316947
8.1310674803363	0.80704188706817
8.1156593936113	0.80713928339295
8.1003095920022	0.80723617632425
8.0850177454153	0.80733256004830
8.0697835262450	0.80742842875834
8.0546066093498	0.80752377665566
8.0394866720300	0.80761859795081
8.0244233940043	0.80771288686464
8.0094164573871	0.80780663762944
7.9944655466667	0.80789984449004
7.9795703486825	0.80799250170486
7.9647305526036	0.80808460354701
7.9499458499072	0.80817614430535
7.9352159343568	0.80826711828553
7.9205405019815	0.80835751981105
7.9059192510549	0.80844734322429
7.8913518820742	0.80853658288754
7.8768380977404	0.80862523318399
7.8623776029373	0.80871328851875
7.8479701047120	0.80880074331985
7.8336153122550	0.80888759203922
7.8193129368805	0.80897382915364
7.8050626920073	0.80905944916573
7.7908642931393	0.80914444660486
7.7767174578470	0.80922881602815
7.7626219057483	0.80931255202133
7.7485773584906	0.80939564919972
7.7345835397317	0.80947810220907
7.7206401751223	0.80955990572653
7.7067469922879	0.80964105446146
7.6929037208109	0.80972154315634
7.6791100922131	0.80980136658763
7.6653658399386	0.80988051956662
7.6516706993364	0.80995899694024
7.6380244076433	0.81003679359192
7.6244267039674	0.81011390444240
7.6108773292714	0.81019032445048
7.5973760263558	0.81026604861389
7.5839225398432	0.81034107197001
7.5705166161616	0.81041538959666
7.5571580035291	0.81048899661284
7.5438464519376	0.81056188817950
7.5305817131374	0.81063405950021
7.5173635406219	0.81070550582197
7.5041916896120	0.81077622243581
7.4910659170415	0.81084620467756
7.4779859815415	0.81091544792851
7.4649516434263	0.81098394761607
7.4519626646781	0.81105169921441
7.4390188089330	0.81111869824515
7.4261198414664	0.81118494027794
7.4132655291790	0.81125042093112
7.4004556405826	0.81131513587228
7.3876899457861	0.81137908081891
7.3749682164822	0.81144225153892
7.3622902259332	0.81150464385127
7.3496557489581	0.81156625362646
7.3370645619187	0.81162707678712
7.3245164427071	0.81168710930852
7.3120111707317	0.81174634721911
7.2995485269053	0.81180478660096
7.2871282936315	0.81186242359035
7.2747502547925	0.81191925437815
7.2624141957364	0.81197527521036
7.2501199032648	0.81203048238852
7.2378671656205	0.81208487227016
7.2256557724753	0.81213844126924
7.2134855149182	0.81219118585655
7.2013561854432	0.81224310256013
7.1892675779376	0.81229418796562
7.1772194876706	0.81234443871668
7.1652117112811	0.81239385151534
7.1532440467669	0.81244242312234
7.1413162934731	0.81249015035747
7.1294282520809	0.81253703009990
7.1175797245964	0.81258305928849
7.1057705143399	0.81262823492211
7.0940004259347	0.81267255405989
7.0822692652965	0.81271601382152
7.0705768396226	0.81275861138749
7.0589229573817	0.81280034399939
7.0473074283028	0.81284120896006
7.0357300633654	0.81288120363391
7.0241906747891	0.81292032544707
7.0126890760234	0.81295857188760
7.0012250817375	0.81299594050568
6.9897985078107	0.81303242891380
6.9784091713222	0.81306803478690
6.9670568905415	0.81310275586253
6.9557414849188	0.81313658994098
6.9444627750753	0.81316953488541
6.9332205827937	0.81320158862198
6.9220147310090	0.81323274913991
6.9108450437990	0.81326301449162
6.8997113463751	0.81329238279277
6.8886134650735	0.81332085222231
6.8775512273457	0.81334842102260
6.8665244617499	0.81337508749939
6.8555329979419	0.81340085002186
6.8445766666667	0.81342570702267
6.8336552997493	0.81344965699792
6.8227687300865	0.81347269850719
6.8119167916383	0.81349483017349
6.8010993194192	0.81351605068325
6.7903161494904	0.81353635878627
6.7795671189507	0.81355575329566
6.7688520659291	0.81357423308782
6.7581708295762	0.81359179710233
6.7475232500563	0.81360844434187
6.7369091685393	0.81362417387213
6.7263284271932	0.81363898482170
6.7157808691756	0.81365287638199
6.7052663386267	0.81366584780704
6.6947846806610	0.81367789841342
6.6843357413601	0.81368902758009
6.6739193677649	0.81369923474822
6.6635354078684	0.81370851942104
6.6531837106081	0.81371688116364
6.6428641258586	0.81372431960280
6.6325765044248	0.81373083442679
6.6223206980340	0.81373642538515
6.6120965593295	0.81374109228848
6.6019039418630	0.81374483500821
6.5917427000879	0.81374765347637
6.5816126893524	0.81374954768533
6.5715137658922	0.81375051768754
6.5614457868243	0.81375056359531
6.5514086101399	0.81374968558047
6.5414020946978	0.81374788387412
6.5314261002179	0.81374515876636
6.5214804872743	0.81374151060594
6.5115651172893	0.81373693979999
6.5016798525266	0.81373144681368
6.4918245560849	0.81372503216990
6.4819990918919	0.81371769644893
6.4722033246978	0.81370944028811
6.4624371200690	0.81370026438144
6.4527003443823	0.81369016947929
6.4429928648184	0.81367915638797
6.4333145493562	0.81366722596940
6.4236652667667	0.81365437914072
6.4140448866068	0.81364061687386
6.4044532792138	0.81362594019522
6.3948903156997	0.81361035018521
6.3853558679446	0.81359384797783
6.3758498085921	0.81357643476032
6.3663720110427	0.81355811177265
6.3569223494487	0.81353888030718
6.3475006987084	0.81351874170813
6.3381069344609	0.81349769737123
6.3287409330800	0.81347574874317
6.3194025716695	0.81345289732126
6.3100917280572	0.81342914465285
6.3008082807902	0.81340449233497
6.2915521091291	0.81337894201377
6.2823230930427	0.81335249538410
6.2731211132036	0.81332515418901
6.2639460509820	0.81329692021924
6.2547977884415	0.81326779531277
6.2456762083333	0.81323778135426
6.2365811940919	0.81320688027461
6.2275126298297	0.81317509405042
6.2184704003319	0.81314242470348
6.2094543910522	0.81310887430025
6.2004644881075	0.81307444495134
6.1915005782734	0.81303913881100
6.1825625489792	0.81300295807657
6.1736502883031	0.81296590498796
6.1647636849681	0.81292798182710
6.1559026283368	0.81288919091743
6.1470670084068	0.81284953462331
6.1382567158067	0.81280901534951
6.1294716417910	0.81276763554065
6.1207116782360	0.81272539768064
6.1119767176351	0.81268230429213
6.1032666530945	0.81263835793597
6.0945813783289	0.81259356121061
6.0859207876573	0.81254791675156
6.0772847759984	0.81250142723083
6.0686732388664	0.81245409535634
6.0600860723671	0.81240592387138
6.0515231731934	0.81235691555403
6.0429844386212	0.81230707321655
6.0344697665056	0.81225639970486
6.0259790552764	0.81220489789794
6.0175122039342	0.81215257070725
6.0090691120465	0.81209942107614
6.0006496797438	0.81204545197929
5.9922538077154	0.81199066642215
5.9838813972056	0.81193506744030
5.9755323500100	0.81187865809892
5.9672065684713	0.81182144149217
5.9589039554760	0.81176342074266
5.9506244144502	0.81170459900082
5.9423678493558	0.81164497944431
5.9341341646873	0.81158456527749
5.9259232654675	0.81152335973079
5.9177350572444	0.81146136606016
5.9095694460871	0.81139858754646
5.9014263385827	0.81133502749491
5.8933056418321	0.81127068923447
5.8852072634472	0.81120557611730
5.8771311115468	0.81113969151817
5.8690770947533	0.81107303883386
5.8610451221896	0.81100562148261
5.8530351034752	0.81093744290356
5.8450469487229	0.81086850655611
5.8370805685358	0.81079881591944
5.8291358740035	0.81072837449187
5.8212127766990	0.81065718579030
5.8133111886756	0.81058525334970
5.8054310224632	0.81051258072248
5.7975721910656	0.81043917147795
5.7897346079567	0.81036502920178
5.7819181870781	0.81029015749541
5.7741228428351	0.81021455997554
5.7663484900942	0.81013824027353
5.7585950441798	0.81006120203488
5.7508624208709	0.80998344891867
5.7431505363985	0.80990498459704
5.7354593074421	0.80982581275462
5.7277886511272	0.80974593708801
5.7201384850219	0.80966536130524
5.7125087271341	0.80958408912525
5.7048992959087	0.80950212427735
5.6973101102242	0.80941947050072
5.6897410893908	0.80933613154384
5.6821921531463	0.80925211116405
5.6746632216544	0.80916741312696
5.6671542155009	0.80908204120600
5.6596650556919	0.80899599918190
5.6521956636501	0.80890929084217
5.6447459612126	0.80882191998063
5.6373158706281	0.80873389039691
5.6299053145540	0.80864520589596
5.6225142160540	0.80855587028758
5.6151424985952	0.80846588738593
5.6077900860456	0.80837526100907
5.6004569026714	0.80828399497846
5.5931428731343	0.80819209311856
5.5858479224893	0.80809955925631
5.5785719761816	0.80800639722071
5.5713149600446	0.80791261084234
5.5640768002970	0.80781820395299
5.5568574235403	0.80772318038512
5.5496567567568	0.80762754397152
5.5424747273063	0.80753129854483
5.5353112629247	0.80743444793712
5.5281662917204	0.80733699597952
5.5210397421731	0.80723894650175
5.5139315431304	0.80714030333175
5.5068416238060	0.80704107029528
5.4997699137773	0.80694125121552
5.4927163429828	0.80684084991268
5.4856808417200	0.80673987020362
5.4786633406433	0.80663831590149
5.4716637707611	0.80653619081533
5.4646820634342	0.80643349874974
5.4577181503732	0.80633024350450
5.4507719636364	0.80622642887422
5.4438434356274	0.80612205864802
5.4369324990932	0.80601713660914
5.4300390871219	0.80591166653468
5.4231631331404	0.80580565219520
5.4163045709124	0.80569909735445
5.4094633345363	0.80559200576903
5.4026393584430	0.80548438118811
5.3958325773938	0.80537622735309
5.3890429264785	0.80526754799736
5.3822703411131	0.80515834684595
5.3755147570378	0.80504862761529
5.3687761103152	0.80493839401293
5.3620543373278	0.80482764973728
5.3553493747767	0.80471639847731
5.3486611596789	0.80460464391235
5.3419896293656	0.80449238971180
5.3353347214807	0.80437963953490
5.3286963739780	0.80426639703051
5.3220745251198	0.80415266583688
5.3154691134752	0.80403844958141
5.3088800779175	0.80392375188045
5.3023073576229	0.80380857633908
5.2957508920685	0.80369292655095
5.2892106210303	0.80357680609803
5.2826864845815	0.80346021855047
5.2761784230905	0.80334316746638
5.2696863772192	0.80322565639170
5.2632102879213	0.80310768885999
5.2567500964405	0.80298926839230
5.2503057443082	0.80287039849703
5.2438771733427	0.80275108266973
5.2374643256464	0.80263132439303
5.2310671436050	0.80251112713644
5.2246855698850	0.80239049435627
5.2183195474326	0.80226942949552
5.2119690194715	0.80214793598373
5.2056339295016	0.80202601723689
5.1993142212973	0.80190367665736
5.1930098389052	0.80178091763374
5.1867207266436	0.80165774354085
5.1804468290997	0.80153415773958
5.1741880911288	0.80141016357686
5.1679444578521	0.80128576438559
5.1617158746556	0.80116096348459
5.1555022871883	0.80103576417851
5.1493036413604	0.80091016975786
5.1431198833419	0.80078418349888
5.1369509595613	0.80065780866359
5.1307968167037	0.80053104849972
5.1246574017094	0.80040390624070
5.1185326617722	0.80027638510566
5.1124225443383	0.80014848829941
5.1063269971044	0.80002021901246
5.1002459680163	0.79989158042101
5.0941794052676	0.79976257568697
5.0881272572980	0.79963320795799
5.0820894727920	0.79950348036747
5.0760660006773	0.79937339603460
5.0700567901235	0.79924295806440
5.0640617905405	0.79911216954779
5.0580809515775	0.79898103356158
5.0521142231210	0.79884955316860
5.0461615552937	0.79871773141770
5.0402228984533	0.79858557134387
5.0342982031906	0.79845307596829
5.0283874203287	0.79832024829841
5.0224905009214	0.79818709132804
5.0166073962517	0.79805360803745
5.0107380578305	0.79791980139347
5.0048824373957	0.79778567434959
4.9990404869101	0.79765122984606
4.9932121585610	0.79751647081000
4.9873974047579	0.79738140015558
4.9815961781323	0.79724602078405
4.9758084315353	0.79711033558397
4.9700341180371	0.79697434743126
4.9642731909256	0.79683805918941
4.9585256037049	0.79670147370959
4.9527913100942	0.79656459383081
4.9470702640264	0.79642742238010
4.9413624196473	0.79628996217262
4.9356677313138	0.79615221601189
4.9299861535932	0.79601418668992
4.9243176412615	0.79587587698741
4.9186621493027	0.79573728967390
4.9130196329072	0.79559842750801
4.9073900474709	0.79545929323758
4.9017733485939	0.79531988959988
4.8961694920790	0.79518021932183
4.8905784339315	0.79504028512018
4.8850001303569	0.79490008970174
4.8794345377604	0.79475963576357
4.8738816127459	0.79461892599320
4.8683413121143	0.79447796306888
4.8628135928629	0.79433674965976
4.8572984121841	0.79419528842615
4.8517957274640	0.79405358201976
4.8463054962819	0.79391163308389
4.8408276764088	0.79376944425372
4.8353622258065	0.79362701815652
4.8299091026261	0.79348435741194
4.8244682652076	0.79334146463218
4.8190396720784	0.79319834242232
4.8136232819525	0.79305499338056
4.8082190537289	0.79291142009845
4.8028269464915	0.79276762516118
4.7974469195071	0.79262361114782
4.7920789322251	0.79247938063163
4.7867229442759	0.79233493618029
4.7813789154705	0.79219028035619
4.7760468057989	0.79204541571671
4.7707265754297	0.79190034481449
4.7654181847083	0.79175507019771
4.7601215941569	0.79160959441040
4.7548367644726	0.79146391999269
4.7495636565272	0.79131804948110
4.7443022313657	0.79117198540887
4.7390524502055	0.79102573030619
4.7338142744355	0.79087928670056
4.7285876656151	0.79073265711703
4.7233725854735	0.79058584407852
4.7181689959081	0.79043885010612
4.7129768589844	0.79029167771940
4.7077961369347	0.79014432943667
4.7026267921569	0.78999680777534
4.6974687872140	0.78984911525217
4.6923220848333	0.78970125438360
4.6871866479049	0.78955322768606
4.6820624394815	0.78940503767627
4.6769494227769	0.78925668687155
4.6718475611657	0.78910817779011
4.6667568181818	0.78895951295139
4.6616771575183	0.78881069487634
4.6566085430258	0.78866172608773
4.6515509387122	0.78851260911049
4.6465043087415	0.78836334647200
4.6414686174330	0.78821394070237
4.6364438292607	0.78806439433481
4.6314299088522	0.78791470990588
4.6264268209877	0.78776488995586
4.6214345305997	0.78761493702900
4.6164530027718	0.78746485367385
4.6114822027380	0.78731464244358
4.6065220958820	0.78716430589630
4.6015726477360	0.78701384659530
4.5966338239804	0.78686326710945
4.5917055904426	0.78671257001341
4.5867879130967	0.78656175788801
4.5818807580621	0.78641083332052
4.5769840916031	0.78625979890493
4.5720978801281	0.78610865724229
4.5672220901889	0.78595741094100
4.5623566884797	0.78580606261709
4.5575016418364	0.78565461489451
4.5526569172361	0.78550307040546
4.5478224817961	0.78535143179064
4.5429983027731	0.78519970169959
4.5381843475628	0.78504788279090
4.5333805836988	0.78489597773259
4.5285869788520	0.78474398920232
4.5238035008299	0.78459191988771
4.5190301175761	0.78443977248659
4.5142667971691	0.78428754970732
4.5095135078219	0.78413525426902
4.5047702178813	0.78398288890185
4.5000368958271	0.78383045634731
4.4953135102714	0.78367795935847
4.4906000299581	0.78352540070023
4.4858964237618	0.78337278314963
4.4812026606876	0.78322010949603
4.4765187098701	0.78306738254143
4.4718445405728	0.78291460510068
4.4671801221875	0.78276178000175
4.4625254242334	0.78260891008594
4.4578804163569	0.78245599820817
4.4532450683304	0.78230304723716
4.4486193500519	0.78215006005570
4.4440032315446	0.78199703956086
4.4393966829557	0.78184398866422
4.4347996745562	0.78169091029208
4.4302121767401	0.78153780738571
4.4256341600236	0.78138468290149
4.4210655950450	0.78123153981121
4.4165064525633	0.78107838110217
4.4119567034584	0.78092520977749
4.4074163187298	0.78077202885618
4.4028852694963	0.78061884137346
4.3983635269953	0.78046565038081
4.3938510625824	0.78031245894627
4.3893478477306	0.78015927015452
4.3848538540295	0.78000608710712
4.3803690531853	0.77985291292262
4.3758934170194	0.77969975073674
4.3714269174686	0.77954660370254
4.3669695265841	0.77939347499054
4.3625212165309	0.77924036778888
4.3580819595871	0.77908728530344
4.3536517281441	0.77893423075802
4.3492304947048	0.77878120739438
4.3448182318841	0.77862821847244
4.3404149124077	0.77847526727036
4.3360205091119	0.77832235708465
4.3316349949429	0.77816949123029
4.3272583429561	0.77801667304078
4.3228905263158	0.77786390586829
4.3185315182944	0.77771119308372
4.3141812922723	0.77755853807675
4.3098398217366	0.77740594425597
4.3055070802815	0.77725341504889
4.3011830416069	0.77710095390203
4.2968676795184	0.77694856428096
4.2925609679267	0.77679624967037
4.2882628808468	0.77664401357407
4.2839733923978	0.77649185951505
4.2796924768023	0.77633979103550
4.2754201083856	0.77618781169683
4.2711562615757	0.77603592507969
4.2669009109024	0.77588413478395
4.2626540309967	0.77573244442873
4.2584155965909	0.77558085765238
4.2541855825174	0.77542937811244
4.2499639637085	0.77527800948567
4.2457507151961	0.77512675546796
4.2415458121109	0.77497561977434
4.2373492296820	0.77482460613891
4.2331609432364	0.77467371831480
4.2289809281986	0.77452296007411
4.2248091600902	0.77437233520784
4.2206456145291	0.77422184752579
4.2164902672293	0.77407150085655
4.2123430940003	0.77392129904733
4.2082040707468	0.77377124596392
4.2040731734680	0.77362134549053
4.1999503782572	0.77347160152975
4.1958356613016	0.77332201800238
4.1917289988814	0.77317259884729
4.1876303673697	0.77302334802134
4.1835397432319	0.77287426949918
4.1794571030252	0.77272536727314
4.1753824233983	0.77257664535303
4.1713156810909	0.77242810776602
4.1672568529330	0.77227975855643
4.1632059158450	0.77213160178554
4.1591628468368	0.77198364153144
4.1551276230076	0.77183588188879
4.1511002215453	0.77168832696863
4.1470806197261	0.77154098089816
4.1430687949143	0.77139384782051
4.1390647245616	0.77124693189452
4.1350683862069	0.77110023729449
4.1310797574755	0.77095376820993
4.1270988160793	0.77080752884532
4.1231255398157	0.77066152341981
4.1191599065677	0.77051575616697
4.1152018943034	0.77037023133451
4.1112514810752	0.77022495318399
4.1073086450199	0.77007992599048
4.1033733643581	0.76993515404231
4.0994456173937	0.76979064164074
4.0955253825137	0.76964639309958
4.0916126381875	0.76950241274495
4.0877073629670	0.76935870491485
4.0838095354856	0.76921527395887
4.0799191344584	0.76907212423780
4.0760361386812	0.76892926012327
4.0721605270307	0.76878668599739
4.0682922784638	0.76864440625234
4.0644313720174	0.76850242528998
4.0605777868075	0.76836074752148
4.0567315020298	0.76821937736687
4.0528924969582	0.76807831925464
4.0490607509454	0.76793757762133
4.0452362434219	0.76779715691105
4.0414189538959	0.76765706157507
4.0376088619529	0.76751729607137
4.0338059472551	0.76737786486415
4.0300101895416	0.76723877242339
4.0262215686274	0.76710002322435
4.0224400644036	0.76696162174710
4.0186656568365	0.76682357247601
4.0148983259676	0.76668587989924
4.0111380519133	0.76654854850826
4.0073848148643	0.76641158279731
4.0036385950855	0.76627498726283
3.9998993729153	0.76613876640300
3.9961671287657	0.76600292471714
3.9924418431216	0.76586746670516
3.9887234965407	0.76573239686701
3.9850120696531	0.76559771970210
3.9813075431607	0.76546343970872
3.9776098978373	0.76532956138346
3.9739191145281	0.76519608922059
3.9702351741491	0.76506302771148
3.9665580576872	0.76493038134397
3.9628877461996	0.76479815460176
3.9592242208135	0.76466635196376
3.9555674627260	0.76453497790347
3.9519174532033	0.76440403688832
3.9482741735809	0.76427353337903
3.9446376052632	0.76414347182892
3.9410077297226	0.76401385668328
3.9373845285001	0.76388469237864
3.9337679832043	0.76375598334210
3.9301580755113	0.76362773399068
3.9265547871644	0.76349994873053
3.9229580999738	0.76337263195628
3.9193679958164	0.76324578805032
3.9157844566353	0.76311942138203
3.9122074644395	0.76299353630708
3.9086370013038	0.76286813716666
3.9050730493682	0.76274322828677
3.9015155908381	0.76261881397741
3.8979646079834	0.76249489853183
3.8944200831385	0.76237148622577
3.8908819987021	0.76224858131668
3.8873503371369	0.76212618804289
3.8838250809690	0.76200431062285
3.8803062127880	0.76188295325431
3.8767937152463	0.76176212011351
3.8732875710594	0.76164181535436
3.8697877630050	0.76152204310760
3.8662942739231	0.76140280747997
3.8628070867156	0.76128411255340
3.8593261843460	0.76116596238410
3.8558515498392	0.76104836100174
3.8523831662812	0.76093131240858
3.8489210168186	0.76081482057862
3.8454650846588	0.76069888945666
3.8420153530693	0.76058352295747
3.8385718053777	0.76046872496489
3.8351344249712	0.76035449933090
3.8317031952965	0.76024084987475
3.8282780998595	0.76012778038202
3.8248591222251	0.76001529460372
3.8214462460166	0.75990339625535
3.8180394549159	0.75979208901597
3.8146387326632	0.75968137652726
3.8112440630562	0.75957126239257
3.8078554299505	0.75946175017599
3.8044728172589	0.75935284340136
3.8010962089514	0.75924454555131
3.7977255890550	0.75913686006632
3.7943609416530	0.75902979034371
3.7910022508852	0.75892333973666
3.7876495009476	0.75881751155322
3.7843026760919	0.75871230905535
3.7809617606256	0.75860773545787
3.7776267389113	0.75850379392747
3.7742975953670	0.75840048758172
3.7709743144654	0.75829781948800
3.7676568807339	0.75819579266254
3.7643452787544	0.75809441006934
3.7610394931627	0.75799367461918
3.7577395086488	0.75789358916852
3.7544453099562	0.75779415651852
3.7511568818819	0.75769537941395
3.7478742092762	0.75759726054213
3.7445972770422	0.75749980253191
3.7413260701360	0.75740300795257
3.7380605735661	0.75730687931276
3.7348007723932	0.75721141905942
3.7315466517301	0.75711662957671
3.7282981967417	0.75702251318494
3.7250553926441	0.75692907213944
3.7218182247052	0.75683630862952
3.7185866782436	0.75674422477734
3.7153607386293	0.75665282263680
3.7121403912828	0.75656210419248
3.7089256216751	0.75647207135849
3.7057164153276	0.75638272597738
3.7025127578115	0.75629406981903
3.6993146347483	0.75620610457948
3.6961220318087	0.75611883187990
3.6929349347130	0.75603225326537
3.6897533292308	0.75594637020381
3.6865772011805	0.75586118408482
3.6834065364295	0.75577669621858
3.6802413208937	0.75569290783466
3.6770815405372	0.75560982008090
3.6739271813725	0.75552743402230
3.6707782294600	0.75544575063983
3.6676346709078	0.75536477082929
3.6644964918714	0.75528449540019
3.6613636785540	0.75520492507456
3.6582362172056	0.75512606048580
3.6551140941234	0.75504790217754
3.6519972956511	0.75497045060249
3.6488858081792	0.75489370612123
3.6457796181442	0.75481766900112
3.6426787120292	0.75474233941507
3.6395830763628	0.75466771744042
3.6364926977196	0.75459380305775
3.6334075627197	0.75452059614973
3.6303276580286	0.75444809649994
3.6272529703569	0.75437630379171
3.6241834864603	0.75430521760695
3.6211191931393	0.75423483742498
3.6180600772387	0.75416516262137
3.6150061256481	0.75409619246675
3.6119573253012	0.75402792612565
3.6089136631756	0.75396036265537
3.6058751262930	0.75389350100474
3.6028417017185	0.75382734001300
3.5998133765610	0.75376187840864
3.5967901379724	0.75369711480820
3.5937719731479	0.75363304771514
3.5907588693257	0.75356967551863
3.5877508137865	0.75350699649244
3.5847477938539	0.75344500879376
3.5817497968937	0.75338371046203
3.5787568103140	0.75332309941779
3.5757688215649	0.75326317346152
3.5727858181385	0.75320393027251
3.5698077875685	0.75314536740769
3.5668347174301	0.75308748230048
3.5638665953400	0.75303027225966
3.5609034089559	0.75297373446822
3.5579451459767	0.75291786598222
3.5549917941421	0.75286266372967
3.5520433412322	0.75280812450938
3.5490997750681	0.75275424498985
3.5461610835108	0.75270102170814
3.5432272544616	0.75264845106874
3.5402982758621	0.75259652934248
3.5373741356932	0.75254525266541
3.5344548219759	0.75249461703767
3.5315403227706	0.75244461832245
3.5286306261770	0.75239525224483
3.5257257203340	0.75234651439075
3.5228255934195	0.75229840020589
3.5199302336503	0.75225090499459
3.5170396292820	0.75220402391882
3.5141537686086	0.75215775199707
3.5112726399625	0.75211208410333
3.5083962317145	0.75206701496603
3.5055245322732	0.75202253916696
3.5026575300853	0.75197865114031
3.4997952136353	0.75193534517157
3.4969375714452	0.75189261539656
3.4940845920746	0.75185045580039
3.4912362641202	0.75180886021647
3.4883925762160	0.75176782232551
3.4855535170329	0.75172733565456
3.4827190752788	0.75168739357598
3.4798892396982	0.75164798930654
3.4770639990721	0.75160911590643
3.4742433422181	0.75157076627829
3.4714272579898	0.75153293316632
3.4686157352771	0.75149560915533
3.4658087630058	0.75145878666985
3.4630063301375	0.75142245797318
3.4602084256694	0.75138661516655
3.4574150386345	0.75135125018821
3.4546261581009	0.75131635481257
3.4518417731721	0.75128192064933
3.4490618729867	0.75124793914269
3.4462864467180	0.75121440157045
3.4435154835745	0.75118129904325
3.4407489727993	0.75114862250372
3.4379869036697	0.75111636272573
3.4352292654979	0.75108451031362
3.4324760476300	0.75105305570138
3.4297272394463	0.75102198915198
3.4269828303612	0.75099130075659
3.4242428098230	0.75096098043388
3.4215071673134	0.75093101792932
3.4187758923480	0.75090140281452
3.4160489744758	0.75087212448651
3.4133264032791	0.75084317216714
3.4106081683732	0.75081453490244
3.4078942594066	0.75078620156197
3.4051846660609	0.75075816083826
3.4024793780502	0.75073040124623
3.3997783851213	0.75070291112259
3.3970816770538	0.75067567862534
3.3943892436594	0.75064869173323
3.3917010747822	0.75062193824527
3.3890171602984	0.75059540578020
3.3863374901163	0.75056908177609
3.3836620541761	0.75054295348985
3.3809908424495	0.75051700799684
3.3783238449403	0.75049123219044
3.3756610516834	0.75046561278168
3.3730024527453	0.75044013629890
3.3703480382237	0.75041478908740
3.3676977982476	0.75038955730910
3.3650517229768	0.75036442694232
3.3624098026021	0.75033938378143
3.3597720273451	0.75031441343668
3.3571383874580	0.75028950133393
3.3545088732237	0.75026463271448
3.3518834749553	0.75023979263491
3.3492621829963	0.75021496596689
3.3466449877205	0.75019013739714
3.3440318795315	0.75016529142724
3.3414228488631	0.75014041237364
3.3388178861789	0.75011548436761
3.3362169819720	0.75009049135518
3.3336201267653	0.75006541709720
3.3310273111111	0.75004024516937
