#Parameters = {thARC=0; nARC=2.75; thsub=1; p=1; nSub=3}
#"Wavelength / um"	"T (475) [Real Part]"
#---------------------------------------
14.989622900000	0.75000000734363
14.937342202292	0.75000244155737
14.885424925521	0.75000478640572
14.833867293419	0.75000704362862
14.782665581854	0.75000921494561
14.731816117936	0.75001130205593
14.681315279138	0.75001330663859
14.631159492435	0.75001523035258
14.581345233463	0.75001707483691
14.531869025691	0.75001884171076
14.482727439614	0.75002053257360
14.433917091960	0.75002214900530
14.385434644914	0.75002369256625
14.337276805356	0.75002516479751
14.289440324118	0.75002656722086
14.241921995249	0.75002790133902
14.194718655303	0.75002916863566
14.147827182633	0.75003037057562
14.101244496707	0.75003150860498
14.054967557431	0.75003258415116
14.008993364486	0.75003359862311
13.963318956684	0.75003455341138
13.917941411328	0.75003544988825
13.872857843591	0.75003628940787
13.828065405904	0.75003707330635
13.783561287356	0.75003780290193
13.739342713107	0.75003847949506
13.695406943810	0.75003910436855
13.651751275046	0.75003967878767
13.608373036768	0.75004020400029
13.565269592760	0.75004068123702
13.522438340099	0.75004111171128
13.479876708633	0.75004149661947
13.437582160466	0.75004183714110
13.395552189455	0.75004213443886
13.353784320713	0.75004238965881
13.312276110124	0.75004260393044
13.271025143869	0.75004277836685
13.230029037952	0.75004291406484
13.189285437747	0.75004301210505
13.148792017544	0.75004307355206
13.108546480105	0.75004309945456
13.068546556234	0.75004309084541
13.028790004346	0.75004304874182
12.989274610052	0.75004297414547
12.949998185745	0.75004286804257
12.910958570198	0.75004273140407
12.872153628167	0.75004256518573
12.833581250000	0.75004237032826
12.795239351259	0.75004214775744
12.757125872340	0.75004189838423
12.719238778108	0.75004162310495
12.681576057530	0.75004132280131
12.644135723323	0.75004099834062
12.606915811606	0.75004065057586
12.569914381551	0.75004028034584
12.533129515050	0.75003988847527
12.496559316382	0.75003947577494
12.460201911887	0.75003904304182
12.424055449648	0.75003859105916
12.388118099174	0.75003812059666
12.352388051092	0.75003763241054
12.316863516845	0.75003712724369
12.281542728390	0.75003660582581
12.246423937908	0.75003606887347
12.211505417515	0.75003551709031
12.176785458976	0.75003495116709
12.142262373431	0.75003437178185
12.107934491115	0.75003377960003
12.073800161095	0.75003317527458
12.039857751004	0.75003255944607
12.006105646776	0.75003193274282
11.972542252396	0.75003129578105
11.939165989646	0.75003064916493
11.905975297855	0.75002999348676
11.872968633663	0.75002932932707
11.840144470774	0.75002865725472
11.807501299724	0.75002797782705
11.775037627651	0.75002729158996
11.742751978065	0.75002659907807
11.710642890625	0.75002590081479
11.678708920919	0.75002519731248
11.646948640249	0.75002448907254
11.615360635413	0.75002377658554
11.583943508501	0.75002306033132
11.552695876686	0.75002234077912
11.521616372022	0.75002161838768
11.490703641242	0.75002089360537
11.459956345566	0.75002016687031
11.429373160503	0.75001943861044
11.398952775665	0.75001870924369
11.368693894577	0.75001797917807
11.338595234493	0.75001724881175
11.308655526217	0.75001651853323
11.278873513920	0.75001578872142
11.249247954972	0.75001505974575
11.219777619760	0.75001433196627
11.190461291527	0.75001360573381
11.161297766195	0.75001288139003
11.132285852209	0.75001215926756
11.103424370370	0.75001143969011
11.074712153676	0.75001072297259
11.046148047163	0.75001000942116
11.017730907755	0.75000929933341
10.989459604106	0.75000859299844
10.961333016453	0.75000789069695
10.933350036470	0.75000719270137
10.905509567115	0.75000649927593
10.877810522496	0.75000581067684
10.850251827723	0.75000512715230
10.822832418773	0.75000444894267
10.795551242348	0.75000377628057
10.768407255747	0.75000310939093
10.741399426729	0.75000244849117
10.714526733381	0.75000179379124
10.687788163993	0.75000114549376
10.661182716927	0.75000050379408
10.634709400497	0.74999986888045
10.608367232838	0.74999924093405
10.582155241793	0.74999862012911
10.556072464789	0.74999800663305
10.530117948718	0.74999740060651
10.504290749825	0.74999680220352
10.478589933590	0.74999621157152
10.453014574616	0.74999562885154
10.427563756522	0.74999505417824
10.402236571825	0.74999448768001
10.377032121841	0.74999392947909
10.351949516575	0.74999337969165
10.326987874612	0.74999283842789
10.302146323024	0.74999230579213
10.277423997257	0.74999178188290
10.252820041040	0.74999126679303
10.228333606278	0.74999076060977
10.203963852961	0.74999026341483
10.179709949066	0.74998977528454
10.155571070461	0.74998929628985
10.131546400811	0.74998882649653
10.107635131490	0.74998836596516
10.083836461487	0.74998791475126
10.060149597315	0.74998747290541
10.036573752929	0.74998704047326
10.013108149633	0.74998661749570
9.9897520159947	0.74998620400888
9.9665045877660	0.74998580004435
9.9433651077944	0.74998540562910
9.9203328259431	0.74998502078565
9.8974069990096	0.74998464553219
9.8745868906456	0.74998427988257
9.8518717712783	0.74998392384648
9.8292609180328	0.74998357742944
9.8067536146549	0.74998324063296
9.7843491514360	0.74998291345458
9.7620468251384	0.74998259588793
9.7398459389214	0.74998228792288
9.7177458022690	0.74998198954555
9.6957457309185	0.74998170073841
9.6738450467893	0.74998142148038
9.6520430779137	0.74998115174687
9.6303391583681	0.74998089150989
9.6087326282051	0.74998064073810
9.5872228333866	0.74998039939690
9.5658091257179	0.74998016744852
9.5444908627826	0.74997994485203
9.5232674078780	0.74997973156351
9.5021381299525	0.74997952753603
9.4811024035421	0.74997933271979
9.4601596087094	0.74997914706215
9.4393091309824	0.74997897050772
9.4185503612944	0.74997880299841
9.3978826959248	0.74997864447355
9.3773055364404	0.74997849486990
9.3568182896380	0.74997835412173
9.3364203674868	0.74997822216093
9.3161111870727	0.74997809891702
9.2958901705426	0.74997798431727
9.2757567450495	0.74997787828671
9.2557103426984	0.74997778074824
9.2357504004929	0.74997769162267
9.2158763602828	0.74997761082881
9.1960876687117	0.74997753828350
9.1763837771656	0.74997747390168
9.1567641417227	0.74997741759649
9.1372282231027	0.74997736927927
9.1177754866180	0.74997732885966
9.0984054021244	0.74997729624566
9.0791174439733	0.74997727134367
9.0599110909640	0.74997725405858
9.0407858262967	0.74997724429379
9.0217411375263	0.74997724195128
9.0027765165165	0.74997724693169
8.9838914593947	0.74997725913435
8.9650854665072	0.74997727845734
8.9463580423754	0.74997730479755
8.9277086956522	0.74997733805074
8.9091369390788	0.74997737811158
8.8906422894425	0.74997742487372
8.8722242675348	0.74997747822981
8.8538823981099	0.74997753807160
8.8356162098438	0.74997760428995
8.8174252352941	0.74997767677490
8.7993090108600	0.74997775541571
8.7812670767428	0.74997784010093
8.7632989769073	0.74997793071841
8.7454042590432	0.74997802715538
8.7275824745269	0.74997812929851
8.7098331783847	0.74997823703391
8.6921559292549	0.74997835024721
8.6745502893519	0.74997846882359
8.6570158244297	0.74997859264785
8.6395521037464	0.74997872160442
8.6221587000288	0.74997885557743
8.6048351894374	0.74997899445073
8.5875811515325	0.74997913810796
8.5703961692396	0.74997928643256
8.5532798288160	0.74997943930786
8.5362317198178	0.74997959661706
8.5192514350668	0.74997975824331
8.5023385706183	0.74997992406973
8.4854927257288	0.74998009397947
8.4687135028249	0.74998026785573
8.4520005074711	0.74998044558180
8.4353533483399	0.74998062704111
8.4187716371806	0.74998081211725
8.4022549887892	0.74998100069401
8.3858030209790	0.74998119265543
8.3694153545505	0.74998138788580
8.3530916132627	0.74998158626974
8.3368314238042	0.74998178769219
8.3206344157646	0.74998199203849
8.3045002216066	0.74998219919435
8.2884284766381	0.74998240904594
8.2724188189845	0.74998262147991
8.2564708895621	0.74998283638337
8.2405843320506	0.74998305364398
8.2247587928669	0.74998327314998
8.2089939211391	0.74998349479016
8.1932893686800	0.74998371845394
8.1776447899618	0.74998394403138
8.1620598420909	0.74998417141323
8.1465341847826	0.74998440049091
8.1310674803363	0.74998463115658
8.1156593936113	0.74998486330314
8.1003095920022	0.74998509682426
8.0850177454153	0.74998533161442
8.0697835262450	0.74998556756892
8.0546066093498	0.74998580458389
8.0394866720300	0.74998604255634
8.0244233940043	0.74998628138418
8.0094164573871	0.74998652096621
7.9944655466667	0.74998676120218
7.9795703486825	0.74998700199278
7.9647305526036	0.74998724323969
7.9499458499072	0.74998748484557
7.9352159343568	0.74998772671410
7.9205405019815	0.74998796874999
7.9059192510549	0.74998821085899
7.8913518820742	0.74998845294794
7.8768380977404	0.74998869492475
7.8623776029373	0.74998893669841
7.8479701047120	0.74998917817907
7.8336153122550	0.74998941927797
7.8193129368805	0.74998965990753
7.8050626920073	0.74998989998132
7.7908642931393	0.74999013941407
7.7767174578470	0.74999037812173
7.7626219057483	0.74999061602143
7.7485773584906	0.74999085303152
7.7345835397317	0.74999108907158
7.7206401751223	0.74999132406243
7.7067469922879	0.74999155792615
7.6929037208109	0.74999179058605
7.6791100922131	0.74999202196675
7.6653658399386	0.74999225199413
7.6516706993364	0.74999248059536
7.6380244076433	0.74999270769893
7.6244267039674	0.74999293323460
7.6108773292714	0.74999315713348
7.5973760263558	0.74999337932800
7.5839225398432	0.74999359975191
7.5705166161616	0.74999381834030
7.5571580035291	0.74999403502961
7.5438464519376	0.74999424975762
7.5305817131374	0.74999446246349
7.5173635406219	0.74999467308771
7.5041916896120	0.74999488157215
7.4910659170415	0.74999508786006
7.4779859815415	0.74999529189603
7.4649516434263	0.74999549362607
7.4519626646781	0.74999569299754
7.4390188089330	0.74999588995919
7.4261198414664	0.74999608446116
7.4132655291790	0.74999627645497
7.4004556405826	0.74999646589353
7.3876899457861	0.74999665273115
7.3749682164822	0.74999683692350
7.3622902259332	0.74999701842767
7.3496557489581	0.74999719720213
7.3370645619187	0.74999737320675
7.3245164427071	0.74999754640276
7.3120111707317	0.74999771675280
7.2995485269053	0.74999788422090
7.2871282936315	0.74999804877246
7.2747502547925	0.74999821037428
7.2624141957364	0.74999836899452
7.2501199032648	0.74999852460272
7.2378671656205	0.74999867716981
7.2256557724753	0.74999882666808
7.2134855149182	0.74999897307119
7.2013561854432	0.74999911635414
7.1892675779376	0.74999925649332
7.1772194876706	0.74999939346646
7.1652117112811	0.74999952725264
7.1532440467669	0.74999965783227
7.1413162934731	0.74999978518711
7.1294282520809	0.74999990930024
7.1175797245964	0.75000003015609
7.1057705143399	0.75000014774037
7.0940004259347	0.75000026204012
7.0822692652965	0.75000037304370
7.0705768396226	0.75000048074073
7.0589229573817	0.75000058512216
7.0473074283028	0.75000068618018
7.0357300633654	0.75000078390827
7.0241906747891	0.75000087830119
7.0126890760234	0.75000096935493
7.0012250817375	0.75000105706674
6.9897985078107	0.75000114143509
6.9784091713222	0.75000122245971
6.9670568905415	0.75000130014151
6.9557414849188	0.75000137448264
6.9444627750753	0.75000144548641
6.9332205827937	0.75000151315736
6.9220147310090	0.75000157750117
6.9108450437990	0.75000163852471
6.8997113463751	0.75000169623598
6.8886134650735	0.75000175064415
6.8775512273457	0.75000180175950
6.8665244617499	0.75000184959343
6.8555329979419	0.75000189415847
6.8445766666667	0.75000193546822
6.8336552997493	0.75000197353737
6.8227687300865	0.75000200838169
6.8119167916383	0.75000204001799
6.8010993194192	0.75000206846415
6.7903161494904	0.75000209373905
6.7795671189507	0.75000211586262
6.7688520659291	0.75000213485577
6.7581708295762	0.75000215074042
6.7475232500563	0.75000216353946
6.7369091685393	0.75000217327673
6.7263284271932	0.75000217997706
6.7157808691756	0.75000218366616
6.7052663386267	0.75000218437072
6.6947846806610	0.75000218211829
6.6843357413601	0.75000217693733
6.6739193677649	0.75000216885719
6.6635354078684	0.75000215790806
6.6531837106081	0.75000214412100
6.6428641258586	0.75000212752788
6.6325765044248	0.75000210816141
6.6223206980340	0.75000208605508
6.6120965593295	0.75000206124319
6.6019039418630	0.75000203376079
6.5917427000879	0.75000200364371
6.5816126893524	0.75000197092848
6.5715137658922	0.75000193565240
6.5614457868243	0.75000189785345
6.5514086101399	0.75000185757031
6.5414020946978	0.75000181484234
6.5314261002179	0.75000176970955
6.5214804872743	0.75000172221259
6.5115651172893	0.75000167239277
6.5016798525266	0.75000162029197
6.4918245560849	0.75000156595269
6.4819990918919	0.75000150941800
6.4722033246978	0.75000145073153
6.4624371200690	0.75000138993746
6.4527003443823	0.75000132708049
6.4429928648184	0.75000126220585
6.4333145493562	0.75000119535925
6.4236652667667	0.75000112658687
6.4140448866068	0.75000105593537
6.4044532792138	0.75000098345186
6.3948903156997	0.75000090918384
6.3853558679446	0.75000083317928
6.3758498085921	0.75000075548648
6.3663720110427	0.75000067615418
6.3569223494487	0.75000059523142
6.3475006987084	0.75000051276764
6.3381069344609	0.75000042881256
6.3287409330800	0.75000034341624
6.3194025716695	0.75000025662903
6.3100917280572	0.75000016850154
6.3008082807902	0.75000007908465
6.2915521091291	0.74999998842948
6.2823230930427	0.74999989658739
6.2731211132036	0.74999980360993
6.2639460509820	0.74999970954884
6.2547977884415	0.74999961445606
6.2456762083333	0.74999951838366
6.2365811940919	0.74999942138387
6.2275126298297	0.74999932350904
6.2184704003319	0.74999922481163
6.2094543910522	0.74999912534419
6.2004644881075	0.74999902515935
6.1915005782734	0.74999892430979
6.1825625489792	0.74999882284825
6.1736502883031	0.74999872082749
6.1647636849681	0.74999861830026
6.1559026283368	0.74999851531932
6.1470670084068	0.74999841193743
6.1382567158067	0.74999830820727
6.1294716417910	0.74999820418150
6.1207116782360	0.74999809991269
6.1119767176351	0.74999799545333
6.1032666530945	0.74999789085581
6.0945813783289	0.74999778617240
6.0859207876573	0.74999768145524
6.0772847759984	0.74999757675633
6.0686732388664	0.74999747212748
6.0600860723671	0.74999736762035
6.0515231731934	0.74999726328639
6.0429844386212	0.74999715917684
6.0344697665056	0.74999705534273
6.0259790552764	0.74999695183483
6.0175122039342	0.74999684870368
6.0090691120465	0.74999674599952
6.0006496797438	0.74999664377233
5.9922538077154	0.74999654207180
5.9838813972056	0.74999644094728
5.9755323500100	0.74999634044782
5.9672065684713	0.74999624062211
5.9589039554760	0.74999614151850
5.9506244144502	0.74999604318497
5.9423678493558	0.74999594566911
5.9341341646873	0.74999584901811
5.9259232654675	0.74999575327879
5.9177350572444	0.74999565849749
5.9095694460871	0.74999556472017
5.9014263385827	0.74999547199230
5.8933056418321	0.74999538035892
5.8852072634472	0.74999528986458
5.8771311115468	0.74999520055334
5.8690770947533	0.74999511246877
5.8610451221896	0.74999502565395
5.8530351034752	0.74999494015140
5.8450469487229	0.74999485600312
5.8370805685358	0.74999477325059
5.8291358740035	0.74999469193468
5.8212127766990	0.74999461209575
5.8133111886756	0.74999453377353
5.8054310224632	0.74999445700719
5.7975721910656	0.74999438183529
5.7897346079567	0.74999430829577
5.7819181870781	0.74999423642596
5.7741228428351	0.74999416626255
5.7663484900942	0.74999409784158
5.7585950441798	0.74999403119844
5.7508624208709	0.74999396636787
5.7431505363985	0.74999390338391
5.7354593074421	0.74999384227995
5.7277886511272	0.74999378308866
5.7201384850219	0.74999372584203
5.7125087271341	0.74999367057133
5.7048992959087	0.74999361730711
5.6973101102242	0.74999356607920
5.6897410893908	0.74999351691670
5.6821921531463	0.74999346984794
5.6746632216544	0.74999342490053
5.6671542155009	0.74999338210131
5.6596650556919	0.74999334147636
5.6521956636501	0.74999330305097
5.6447459612126	0.74999326684967
5.6373158706281	0.74999323289618
5.6299053145540	0.74999320121345
5.6225142160540	0.74999317182362
5.6151424985952	0.74999314474802
5.6077900860456	0.74999312000717
5.6004569026714	0.74999309762078
5.5931428731343	0.74999307760771
5.5858479224893	0.74999305998602
5.5785719761816	0.74999304477293
5.5713149600446	0.74999303198480
5.5640768002970	0.74999302163718
5.5568574235403	0.74999301374473
5.5496567567568	0.74999300832129
5.5424747273063	0.74999300537983
5.5353112629247	0.74999300493246
5.5281662917204	0.74999300699043
5.5210397421731	0.74999301156411
5.5139315431304	0.74999301866301
5.5068416238060	0.74999302829575
5.4997699137773	0.74999304047010
5.4927163429828	0.74999305519293
5.4856808417200	0.74999307247022
5.4786633406433	0.74999309230709
5.4716637707611	0.74999311470776
5.4646820634342	0.74999313967556
5.4577181503732	0.74999316721294
5.4507719636364	0.74999319732144
5.4438434356274	0.74999323000174
5.4369324990932	0.74999326525359
5.4300390871219	0.74999330307588
5.4231631331404	0.74999334346659
5.4163045709124	0.74999338642281
5.4094633345363	0.74999343194073
5.4026393584430	0.74999348001566
5.3958325773938	0.74999353064201
5.3890429264785	0.74999358381330
5.3822703411131	0.74999363952216
5.3755147570378	0.74999369776032
5.3687761103152	0.74999375851864
5.3620543373278	0.74999382178708
5.3553493747767	0.74999388755472
5.3486611596789	0.74999395580977
5.3419896293656	0.74999402653953
5.3353347214807	0.74999409973045
5.3286963739780	0.74999417536809
5.3220745251198	0.74999425343715
5.3154691134752	0.74999433392145
5.3088800779175	0.74999441680396
5.3023073576229	0.74999450206678
5.2957508920685	0.74999458969114
5.2892106210303	0.74999467965743
5.2826864845815	0.74999477194521
5.2761784230905	0.74999486653315
5.2696863772192	0.74999496339911
5.2632102879213	0.74999506252013
5.2567500964405	0.74999516387238
5.2503057443082	0.74999526743123
5.2438771733427	0.74999537317124
5.2374643256464	0.74999548106614
5.2310671436050	0.74999559108885
5.2246855698850	0.74999570321152
5.2183195474326	0.74999581740546
5.2119690194715	0.74999593364123
5.2056339295016	0.74999605188860
5.1993142212973	0.74999617211655
5.1930098389052	0.74999629429332
5.1867207266436	0.74999641838637
5.1804468290997	0.74999654436243
5.1741880911288	0.74999667218746
5.1679444578521	0.74999680182671
5.1617158746556	0.74999693324468
5.1555022871883	0.74999706640518
5.1493036413604	0.74999720127129
5.1431198833419	0.74999733780539
5.1369509595613	0.74999747596918
5.1307968167037	0.74999761572367
5.1246574017094	0.74999775702919
5.1185326617722	0.74999789984542
5.1124225443383	0.74999804413137
5.1063269971044	0.74999818984544
5.1002459680163	0.74999833694537
5.0941794052676	0.74999848538827
5.0881272572980	0.74999863513065
5.0820894727920	0.74999878612843
5.0760660006773	0.74999893833691
5.0700567901235	0.74999909171085
5.0640617905405	0.74999924620441
5.0580809515775	0.74999940177120
5.0521142231210	0.74999955836429
5.0461615552937	0.74999971593622
5.0402228984533	0.74999987443900
5.0342982031906	0.75000003382413
5.0283874203287	0.75000019404262
5.0224905009214	0.75000035504499
5.0166073962517	0.75000051678130
5.0107380578305	0.75000067920113
5.0048824373957	0.75000084225362
4.9990404869101	0.75000100588749
4.9932121585610	0.75000117005104
4.9873974047579	0.75000133469213
4.9815961781323	0.75000149975827
4.9758084315353	0.75000166519656
4.9700341180371	0.75000183095375
4.9642731909256	0.75000199697624
4.9585256037049	0.75000216321006
4.9527913100942	0.75000232960097
4.9470702640264	0.75000249609437
4.9413624196473	0.75000266263539
4.9356677313138	0.75000282916889
4.9299861535932	0.75000299563942
4.9243176412615	0.75000316199134
4.9186621493027	0.75000332816872
4.9130196329072	0.75000349411544
4.9073900474709	0.75000365977516
4.9017733485939	0.75000382509136
4.8961694920790	0.75000399000733
4.8905784339315	0.75000415446620
4.8850001303569	0.75000431841099
4.8794345377604	0.75000448178454
4.8738816127459	0.75000464452961
4.8683413121143	0.75000480658886
4.8628135928629	0.75000496790485
4.8572984121841	0.75000512842010
4.8517957274640	0.75000528807706
4.8463054962819	0.75000544681815
4.8408276764088	0.75000560458579
4.8353622258065	0.75000576132239
4.8299091026261	0.75000591697036
4.8244682652076	0.75000607147216
4.8190396720784	0.75000622477030
4.8136232819525	0.75000637680735
4.8082190537289	0.75000652752596
4.8028269464915	0.75000667686889
4.7974469195071	0.75000682477899
4.7920789322251	0.75000697119927
4.7867229442759	0.75000711607288
4.7813789154705	0.75000725934314
4.7760468057989	0.75000740095354
4.7707265754297	0.75000754084778
4.7654181847083	0.75000767896978
4.7601215941569	0.75000781526369
4.7548367644726	0.75000794967390
4.7495636565272	0.75000808214510
4.7443022313657	0.75000821262223
4.7390524502055	0.75000834105056
4.7338142744355	0.75000846737565
4.7285876656151	0.75000859154344
4.7233725854735	0.75000871350017
4.7181689959081	0.75000883319251
4.7129768589844	0.75000895056747
4.7077961369347	0.75000906557249
4.7026267921569	0.75000917815543
4.6974687872140	0.75000928826458
4.6923220848333	0.75000939584870
4.6871866479049	0.75000950085701
4.6820624394815	0.75000960323925
4.6769494227769	0.75000970294562
4.6718475611657	0.75000979992690
4.6667568181818	0.75000989413436
4.6616771575183	0.75000998551987
4.6566085430258	0.75001007403586
4.6515509387122	0.75001015963536
4.6465043087415	0.75001024227198
4.6414686174330	0.75001032190001
4.6364438292607	0.75001039847433
4.6314299088522	0.75001047195051
4.6264268209877	0.75001054228480
4.6214345305997	0.75001060943412
4.6164530027718	0.75001067335612
4.6114822027380	0.75001073400917
4.6065220958820	0.75001079135237
4.6015726477360	0.75001084534560
4.5966338239804	0.75001089594950
4.5917055904426	0.75001094312551
4.5867879130967	0.75001098683586
4.5818807580621	0.75001102704362
4.5769840916031	0.75001106371269
4.5720978801281	0.75001109680782
4.5672220901889	0.75001112629464
4.5623566884797	0.75001115213966
4.5575016418364	0.75001117431029
4.5526569172361	0.75001119277485
4.5478224817961	0.75001120750259
4.5429983027731	0.75001121846371
4.5381843475628	0.75001122562938
4.5333805836988	0.75001122897172
4.5285869788520	0.75001122846386
4.5238035008299	0.75001122407992
4.5190301175761	0.75001121579505
4.5142667971691	0.75001120358542
4.5095135078219	0.75001118742826
4.5047702178813	0.75001116730183
4.5000368958271	0.75001114318550
4.4953135102714	0.75001111505971
4.4906000299581	0.75001108290598
4.4858964237618	0.75001104670698
4.4812026606876	0.75001100644647
4.4765187098701	0.75001096210937
4.4718445405728	0.75001091368174
4.4671801221875	0.75001086115081
4.4625254242334	0.75001080450499
4.4578804163569	0.75001074373385
4.4532450683304	0.75001067882819
4.4486193500519	0.75001060977999
4.4440032315446	0.75001053658249
4.4393966829557	0.75001045923012
4.4347996745562	0.75001037771858
4.4302121767401	0.75001029204481
4.4256341600236	0.75001020220702
4.4210655950450	0.75001010820469
4.4165064525633	0.75001001003860
4.4119567034584	0.75000990771079
4.4074163187298	0.75000980122464
4.4028852694963	0.75000969058481
4.3983635269953	0.75000957579730
4.3938510625824	0.75000945686943
4.3893478477306	0.75000933380987
4.3848538540295	0.75000920662862
4.3803690531853	0.75000907533704
4.3758934170194	0.75000893994786
4.3714269174686	0.75000880047516
4.3669695265841	0.75000865693441
4.3625212165309	0.75000850934245
4.3580819595871	0.75000835771753
4.3536517281441	0.75000820207926
4.3492304947048	0.75000804244867
4.3448182318841	0.75000787884821
4.3404149124077	0.75000771130171
4.3360205091119	0.75000753983444
4.3316349949429	0.75000736447308
4.3272583429561	0.75000718524572
4.3228905263158	0.75000700218191
4.3185315182944	0.75000681531260
4.3141812922723	0.75000662467021
4.3098398217366	0.75000643028855
4.3055070802815	0.75000623220291
4.3011830416069	0.75000603045001
4.2968676795184	0.75000582506800
4.2925609679267	0.75000561609651
4.2882628808468	0.75000540357658
4.2839733923978	0.75000518755072
4.2796924768023	0.75000496806287
4.2754201083856	0.75000474515845
4.2711562615757	0.75000451888429
4.2669009109024	0.75000428928868
4.2626540309967	0.75000405642137
4.2584155965909	0.75000382033354
4.2541855825174	0.75000358107782
4.2499639637085	0.75000333870827
4.2457507151961	0.75000309328040
4.2415458121109	0.75000284485114
4.2373492296820	0.75000259347887
4.2331609432364	0.75000233922337
4.2289809281986	0.75000208214587
4.2248091600902	0.75000182230901
4.2206456145291	0.75000155977684
4.2164902672293	0.75000129461481
4.2123430940003	0.75000102688978
4.2082040707468	0.75000075667001
4.2040731734680	0.75000048402514
4.1999503782572	0.75000020902619
4.1958356613016	0.74999993174556
4.1917289988814	0.74999965225701
4.1876303673697	0.74999937063566
4.1835397432319	0.74999908695798
4.1794571030252	0.74999880130176
4.1753824233983	0.74999851374615
4.1713156810909	0.74999822437159
4.1672568529330	0.74999793325983
4.1632059158450	0.74999764049394
4.1591628468368	0.74999734615824
4.1551276230076	0.74999705033833
4.1511002215453	0.74999675312109
4.1470806197261	0.74999645459463
4.1430687949143	0.74999615484828
4.1390647245616	0.74999585397261
4.1350683862069	0.74999555205938
4.1310797574755	0.74999524920153
4.1270988160793	0.74999494549318
4.1231255398157	0.74999464102962
4.1191599065677	0.74999433590724
4.1152018943034	0.74999403022360
4.1112514810752	0.74999372407733
4.1073086450199	0.74999341756815
4.1033733643581	0.74999311079686
4.0994456173937	0.74999280386528
4.0955253825137	0.74999249687630
4.0916126381875	0.74999218993378
4.0877073629670	0.74999188314258
4.0838095354856	0.74999157660853
4.0799191344584	0.74999127043839
4.0760361386812	0.74999096473985
4.0721605270307	0.74999065962150
4.0682922784638	0.74999035519280
4.0644313720174	0.74999005156406
4.0605777868075	0.74998974884641
4.0567315020298	0.74998944715178
4.0528924969582	0.74998914659290
4.0490607509454	0.74998884728320
4.0452362434219	0.74998854933688
4.0414189538959	0.74998825286881
4.0376088619529	0.74998795799451
4.0338059472551	0.74998766483018
4.0300101895416	0.74998737349259
4.0262215686274	0.74998708409910
4.0224400644036	0.74998679676763
4.0186656568365	0.74998651161660
4.0148983259676	0.74998622876493
4.0111380519133	0.74998594833197
4.0073848148643	0.74998567043753
4.0036385950855	0.74998539520179
3.9998993729153	0.74998512274526
3.9961671287657	0.74998485318880
3.9924418431216	0.74998458665356
3.9887234965407	0.74998432326091
3.9850120696531	0.74998406313246
3.9813075431607	0.74998380638998
3.9776098978373	0.74998355315540
3.9739191145281	0.74998330355072
3.9702351741491	0.74998305769804
3.9665580576872	0.74998281571946
3.9628877461996	0.74998257773706
3.9592242208135	0.74998234387289
3.9555674627260	0.74998211424888
3.9519174532033	0.74998188898683
3.9482741735809	0.74998166820836
3.9446376052632	0.74998145203486
3.9410077297226	0.74998124058747
3.9373845285001	0.74998103398699
3.9337679832043	0.74998083235390
3.9301580755113	0.74998063580825
3.9265547871644	0.74998044446966
3.9229580999738	0.74998025845726
3.9193679958164	0.74998007788962
3.9157844566353	0.74997990288474
3.9122074644395	0.74997973355998
3.9086370013038	0.74997957003201
3.9050730493682	0.74997941241678
3.9015155908381	0.74997926082943
3.8979646079834	0.74997911538428
3.8944200831385	0.74997897619477
3.8908819987021	0.74997884337338
3.8873503371369	0.74997871703162
3.8838250809690	0.74997859727993
3.8803062127880	0.74997848422768
3.8767937152463	0.74997837798306
3.8732875710594	0.74997827865306
3.8697877630050	0.74997818634340
3.8662942739231	0.74997810115850
3.8628070867156	0.74997802320136
3.8593261843460	0.74997795257358
3.8558515498392	0.74997788937525
3.8523831662812	0.74997783370490
3.8489210168186	0.74997778565945
3.8454650846588	0.74997774533415
3.8420153530693	0.74997771282250
3.8385718053777	0.74997768821622
3.8351344249712	0.74997767160516
3.8317031952965	0.74997766307725
3.8282780998595	0.74997766271842
3.8248591222251	0.74997767061258
3.8214462460166	0.74997768684149
3.8180394549159	0.74997771148475
3.8146387326632	0.74997774461970
3.8112440630562	0.74997778632138
3.8078554299505	0.74997783666244
3.8044728172589	0.74997789571307
3.8010962089514	0.74997796354096
3.7977255890550	0.74997804021121
3.7943609416530	0.74997812578624
3.7910022508852	0.74997822032577
3.7876495009476	0.74997832388670
3.7843026760919	0.74997843652307
3.7809617606256	0.74997855828597
3.7776267389113	0.74997868922347
3.7742975953670	0.74997882938056
3.7709743144654	0.74997897879906
3.7676568807339	0.74997913751753
3.7643452787544	0.74997930557125
3.7610394931627	0.74997948299208
3.7577395086488	0.74997966980842
3.7544453099562	0.74997986604511
3.7511568818819	0.74998007172338
3.7478742092762	0.74998028686076
3.7445972770422	0.74998051147098
3.7413260701360	0.74998074556391
3.7380605735661	0.74998098914548
3.7348007723932	0.74998124221759
3.7315466517301	0.74998150477805
3.7282981967417	0.74998177682045
3.7250553926441	0.74998205833412
3.7218182247052	0.74998234930405
3.7185866782436	0.74998264971076
3.7153607386293	0.74998295953026
3.7121403912828	0.74998327873393
3.7089256216751	0.74998360728849
3.7057164153276	0.74998394515584
3.7025127578115	0.74998429229301
3.6993146347483	0.74998464865208
3.6961220318087	0.74998501418009
3.6929349347130	0.74998538881892
3.6897533292308	0.74998577250523
3.6865772011805	0.74998616517037
3.6834065364295	0.74998656674027
3.6802413208937	0.74998697713537
3.6770815405372	0.74998739627050
3.6739271813725	0.74998782405483
3.6707782294600	0.74998826039172
3.6676346709078	0.74998870517868
3.6644964918714	0.74998915830725
3.6613636785540	0.74998961966290
3.6582362172056	0.74999008912495
3.6551140941234	0.74999056656646
3.6519972956511	0.74999105185414
3.6488858081792	0.74999154484826
3.6457796181442	0.74999204540254
3.6426787120292	0.74999255336406
3.6395830763628	0.74999306857314
3.6364926977196	0.74999359086329
3.6334075627197	0.74999412006105
3.6303276580286	0.74999465598594
3.6272529703569	0.74999519845031
3.6241834864603	0.74999574725929
3.6211191931393	0.74999630221066
3.6180600772387	0.74999686309474
3.6150061256481	0.74999742969430
3.6119573253012	0.74999800178447
3.6089136631756	0.74999857913260
3.6058751262930	0.74999916149819
3.6028417017185	0.74999974863276
3.5998133765610	0.75000034027977
3.5967901379724	0.75000093617448
3.5937719731479	0.75000153604387
3.5907588693257	0.75000213960654
3.5877508137865	0.75000274657257
3.5847477938539	0.75000335664343
3.5817497968937	0.75000396951189
3.5787568103140	0.75000458486188
3.5757688215649	0.75000520236839
3.5727858181385	0.75000582169737
3.5698077875685	0.75000644250562
3.5668347174301	0.75000706444066
3.5638665953400	0.75000768714065
3.5609034089559	0.75000831023423
3.5579451459767	0.75000893334046
3.5549917941421	0.75000955606870
3.5520433412322	0.75001017801845
3.5490997750681	0.75001079877931
3.5461610835108	0.75001141793078
3.5432272544616	0.75001203504222
3.5402982758621	0.75001264967273
3.5373741356932	0.75001326137096
3.5344548219759	0.75001386967510
3.5315403227706	0.75001447411268
3.5286306261770	0.75001507420050
3.5257257203340	0.75001566944450
3.5228255934195	0.75001625933964
3.5199302336503	0.75001684336981
3.5170396292820	0.75001742100765
3.5141537686086	0.75001799171450
3.5112726399625	0.75001855494026
3.5083962317145	0.75001911012326
3.5055245322732	0.75001965669012
3.5026575300853	0.75002019405571
3.4997952136353	0.75002072162294
3.4969375714452	0.75002123878269
3.4940845920746	0.75002174491370
3.4912362641202	0.75002223938241
3.4883925762160	0.75002272154287
3.4855535170329	0.75002319073660
3.4827190752788	0.75002364629249
3.4798892396982	0.75002408752667
3.4770639990721	0.75002451374237
3.4742433422181	0.75002492422984
3.4714272579898	0.75002531826618
3.4686157352771	0.75002569511527
3.4658087630058	0.75002605402758
3.4630063301375	0.75002639424012
3.4602084256694	0.75002671497627
3.4574150386345	0.75002701544569
3.4546261581009	0.75002729484414
3.4518417731721	0.75002755235344
3.4490618729867	0.75002778714128
3.4462864467180	0.75002799836111
3.4435154835745	0.75002818515206
3.4407489727993	0.75002834663873
3.4379869036697	0.75002848193117
3.4352292654979	0.75002859012468
3.4324760476300	0.75002867029970
3.4297272394463	0.75002872152171
3.4269828303612	0.75002874284110
3.4242428098230	0.75002873329302
3.4215071673134	0.75002869189727
3.4187758923480	0.75002861765819
3.4160489744758	0.75002850956453
3.4133264032791	0.75002836658931
3.4106081683732	0.75002818768970
3.4078942594066	0.75002797180691
3.4051846660609	0.75002771786605
3.4024793780502	0.75002742477601
3.3997783851213	0.75002709142934
3.3970816770538	0.75002671670211
3.3943892436594	0.75002629945383
3.3917010747822	0.75002583852724
3.3890171602984	0.75002533274830
3.3863374901163	0.75002478092594
3.3836620541761	0.75002418185205
3.3809908424495	0.75002353430128
3.3783238449403	0.75002283703094
3.3756610516834	0.75002208878089
3.3730024527453	0.75002128827339
3.3703480382237	0.75002043421300
3.3676977982476	0.75001952528643
3.3650517229768	0.75001856016244
3.3624098026021	0.75001753749171
3.3597720273451	0.75001645590671
3.3571383874580	0.75001531402159
3.3545088732237	0.75001411043203
3.3518834749553	0.75001284371516
3.3492621829963	0.75001151242939
3.3466449877205	0.75001011511432
3.3440318795315	0.75000865029063
3.3414228488631	0.75000711645989
3.3388178861789	0.75000551210454
3.3362169819720	0.75000383568766
3.3336201267653	0.75000208565296
3.3310273111111	0.75000026042455
