#Parameters = {thARC=0.2; nARC=3; thsub=1; p=1; nSub=3}
#"Wavelength / um"	"T (482) [Real Part]"
#---------------------------------------
14.989622900000	0.74999936536081
14.937342202292	0.75001581340593
14.885424925521	0.75003177179073
14.833867293419	0.75004724794774
14.782665581854	0.75006224925120
14.731816117936	0.75007678301696
14.681315279138	0.75009085650250
14.631159492435	0.75010447690687
14.581345233463	0.75011765137069
14.531869025691	0.75013038697615
14.482727439614	0.75014269074697
14.433917091960	0.75015456964845
14.385434644914	0.75016603058744
14.337276805356	0.75017708041237
14.289440324118	0.75018772591325
14.241921995249	0.75019797382173
14.194718655303	0.75020783081111
14.147827182633	0.75021730349635
14.101244496707	0.75022639843417
14.054967557431	0.75023512212306
14.008993364486	0.75024348100333
13.963318956684	0.75025148145719
13.917941411328	0.75025912980878
13.872857843591	0.75026643232431
13.828065405904	0.75027339521203
13.783561287356	0.75028002462239
13.739342713107	0.75028632664812
13.695406943810	0.75029230732427
13.651751275046	0.75029797262835
13.608373036768	0.75030332848042
13.565269592760	0.75030838074316
13.522438340099	0.75031313522205
13.479876708633	0.75031759766542
13.437582160466	0.75032177376459
13.395552189455	0.75032566915399
13.353784320713	0.75032928941133
13.312276110124	0.75033264005765
13.271025143869	0.75033572655752
13.230029037952	0.75033855431916
13.189285437747	0.75034112869461
13.148792017544	0.75034345497983
13.108546480105	0.75034553841489
13.068546556234	0.75034738418414
13.028790004346	0.75034899741633
12.989274610052	0.75035038318481
12.949998185745	0.75035154650768
12.910958570198	0.75035249234799
12.872153628167	0.75035322561388
12.833581250000	0.75035375115880
12.795239351259	0.75035407378168
12.757125872340	0.75035419822710
12.719238778108	0.75035412918550
12.681576057530	0.75035387129340
12.644135723323	0.75035342913355
12.606915811606	0.75035280723518
12.569914381551	0.75035201007415
12.533129515050	0.75035104207322
12.496559316382	0.75034990760224
12.460201911887	0.75034861097834
12.424055449648	0.75034715646621
12.388118099174	0.75034554827823
12.352388051092	0.75034379057481
12.316863516845	0.75034188746450
12.281542728390	0.75033984300432
12.246423937908	0.75033766119994
12.211505417515	0.75033534600592
12.176785458976	0.75033290132597
12.142262373431	0.75033033101318
12.107934491115	0.75032763887027
12.073800161095	0.75032482864981
12.039857751004	0.75032190405452
12.006105646776	0.75031886873749
11.972542252396	0.75031572630244
11.939165989646	0.75031248030396
11.905975297855	0.75030913424782
11.872968633663	0.75030569159117
11.840144470774	0.75030215574284
11.807501299724	0.75029853006362
11.775037627651	0.75029481786649
11.742751978065	0.75029102241690
11.710642890625	0.75028714693306
11.678708920919	0.75028319458622
11.646948640249	0.75027916850090
11.615360635413	0.75027507175522
11.583943508501	0.75027090738116
11.552695876686	0.75026667836483
11.521616372022	0.75026238764676
11.490703641242	0.75025803812222
11.459956345566	0.75025363264143
11.429373160503	0.75024917400994
11.398952775665	0.75024466498884
11.368693894577	0.75024010829511
11.338595234493	0.75023550660186
11.308655526217	0.75023086253867
11.278873513920	0.75022617869189
11.249247954972	0.75022145760486
11.219777619760	0.75021670177832
11.190461291527	0.75021191367061
11.161297766195	0.75020709569804
11.132285852209	0.75020225023514
11.103424370370	0.75019737961501
11.074712153676	0.75019248612959
11.046148047163	0.75018757202997
11.017730907755	0.75018263952671
10.989459604106	0.75017769079013
10.961333016453	0.75017272795064
10.933350036470	0.75016775309901
10.905509567115	0.75016276828672
10.877810522496	0.75015777552625
10.850251827723	0.75015277679139
10.822832418773	0.75014777401755
10.795551242348	0.75014276910208
10.768407255747	0.75013776390459
10.741399426729	0.75013276024724
10.714526733381	0.75012775991505
10.687788163993	0.75012276465626
10.661182716927	0.75011777618260
10.634709400497	0.75011279616961
10.608367232838	0.75010782625699
10.582155241793	0.75010286804885
10.556072464789	0.75009792311410
10.530117948718	0.75009299298672
10.504290749825	0.75008807916609
10.478589933590	0.75008318311729
10.453014574616	0.75007830627146
10.427563756522	0.75007345002606
10.402236571825	0.75006861574524
10.377032121841	0.75006380476012
10.351949516575	0.75005901836911
10.326987874612	0.75005425783826
10.302146323024	0.75004952440154
10.277423997257	0.75004481926116
10.252820041040	0.75004014358792
10.228333606278	0.75003549852149
10.203963852961	0.75003088517075
10.179709949066	0.75002630461408
10.155571070461	0.75002175789971
10.131546400811	0.75001724604601
10.107635131490	0.75001277004183
10.083836461487	0.75000833084677
10.060149597315	0.75000392939156
10.036573752929	0.74999956657830
10.013108149633	0.74999524328085
9.9897520159947	0.74999096034508
9.9665045877660	0.74998671858924
9.9433651077944	0.74998251880420
9.9203328259431	0.74997836175383
9.8974069990096	0.74997424817530
9.8745868906456	0.74997017877935
9.8518717712783	0.74996615425065
9.8292609180328	0.74996217524806
9.8067536146549	0.74995824240499
9.7843491514360	0.74995435632968
9.7620468251384	0.74995051760551
9.7398459389214	0.74994672679132
9.7177458022690	0.74994298442168
9.6957457309185	0.74993929100725
9.6738450467893	0.74993564703505
9.6520430779137	0.74993205296875
9.6303391583681	0.74992850924902
9.6087326282051	0.74992501629378
9.5872228333866	0.74992157449856
9.5658091257179	0.74991818423673
9.5444908627826	0.74991484585986
9.5232674078780	0.74991155969798
9.5021381299525	0.74990832605991
9.4811024035421	0.74990514523352
9.4601596087094	0.74990201748604
9.4393091309824	0.74989894306439
9.4185503612944	0.74989592219540
9.3978826959248	0.74989295508618
9.3773055364404	0.74989004192434
9.3568182896380	0.74988718287834
9.3364203674868	0.74988437809774
9.3161111870727	0.74988162771351
9.2958901705426	0.74987893183829
9.2757567450495	0.74987629056671
9.2557103426984	0.74987370397564
9.2357504004929	0.74987117212451
9.2158763602828	0.74986869505554
9.1960876687117	0.74986627279408
9.1763837771656	0.74986390534884
9.1567641417227	0.74986159271218
9.1372282231027	0.74985933486043
9.1177754866180	0.74985713175408
9.0984054021244	0.74985498333812
9.0791174439733	0.74985288954231
9.0599110909640	0.74985085028141
9.0407858262967	0.74984886545548
9.0217411375263	0.74984693495013
9.0027765165165	0.74984505863683
8.9838914593947	0.74984323637311
8.9650854665072	0.74984146800285
8.9463580423754	0.74983975335659
8.9277086956522	0.74983809225170
8.9091369390788	0.74983648449270
8.8906422894425	0.74983492987153
8.8722242675348	0.74983342816775
8.8538823981099	0.74983197914883
8.8356162098438	0.74983058257041
8.8174252352941	0.74982923817651
8.7993090108600	0.74982794569985
8.7812670767428	0.74982670486201
8.7632989769073	0.74982551537375
8.7454042590432	0.74982437693522
8.7275824745269	0.74982328923620
8.7098331783847	0.74982225195637
8.6921559292549	0.74982126476551
8.6745502893519	0.74982032732377
8.6570158244297	0.74981943928190
8.6395521037464	0.74981860028146
8.6221587000288	0.74981780995508
8.6048351894374	0.74981706792670
8.5875811515325	0.74981637381177
8.5703961692396	0.74981572721748
8.5532798288160	0.74981512774302
8.5362317198178	0.74981457497977
8.5192514350668	0.74981406851152
8.5023385706183	0.74981360791472
8.4854927257288	0.74981319275870
8.4687135028249	0.74981282260583
8.4520005074711	0.74981249701180
8.4353533483399	0.74981221552582
8.4187716371806	0.74981197769080
8.4022549887892	0.74981178304358
8.3858030209790	0.74981163111517
8.3694153545505	0.74981152143089
8.3530916132627	0.74981145351063
8.3368314238042	0.74981142686903
8.3206344157646	0.74981144101568
8.3045002216066	0.74981149545533
8.2884284766381	0.74981158968806
8.2724188189845	0.74981172320952
8.2564708895621	0.74981189551108
8.2405843320506	0.74981210608006
8.2247587928669	0.74981235439988
8.2089939211391	0.74981263995027
8.1932893686800	0.74981296220747
8.1776447899618	0.74981332064437
8.1620598420909	0.74981371473073
8.1465341847826	0.74981414393337
8.1310674803363	0.74981460771630
8.1156593936113	0.74981510554093
8.1003095920022	0.74981563686625
8.0850177454153	0.74981620114898
8.0697835262450	0.74981679784376
8.0546066093498	0.74981742640329
8.0394866720300	0.74981808627854
8.0244233940043	0.74981877691888
8.0094164573871	0.74981949777227
7.9944655466667	0.74982024828539
7.9795703486825	0.74982102790381
7.9647305526036	0.74982183607217
7.9499458499072	0.74982267223432
7.9352159343568	0.74982353583344
7.9205405019815	0.74982442631225
7.9059192510549	0.74982534311314
7.8913518820742	0.74982628567827
7.8768380977404	0.74982725344980
7.8623776029373	0.74982824586996
7.8479701047120	0.74982926238124
7.8336153122550	0.74983030242649
7.8193129368805	0.74983136544908
7.8050626920073	0.74983245089307
7.7908642931393	0.74983355820326
7.7767174578470	0.74983468682541
7.7626219057483	0.74983583620630
7.7485773584906	0.74983700579392
7.7345835397317	0.74983819503754
7.7206401751223	0.74983940338787
7.7067469922879	0.74984063029719
7.6929037208109	0.74984187521943
7.6791100922131	0.74984313761032
7.6653658399386	0.74984441692750
7.6516706993364	0.74984571263065
7.6380244076433	0.74984702418157
7.6244267039674	0.74984835104431
7.6108773292714	0.74984969268529
7.5973760263558	0.74985104857338
7.5839225398432	0.74985241818005
7.5705166161616	0.74985380097940
7.5571580035291	0.74985519644836
7.5438464519376	0.74985660406670
7.5305817131374	0.74985802331718
7.5173635406219	0.74985945368563
7.5041916896120	0.74986089466103
7.4910659170415	0.74986234573566
7.4779859815415	0.74986380640511
7.4649516434263	0.74986527616841
7.4519626646781	0.74986675452815
7.4390188089330	0.74986824099049
7.4261198414664	0.74986973506531
7.4132655291790	0.74987123626625
7.4004556405826	0.74987274411082
7.3876899457861	0.74987425812045
7.3749682164822	0.74987577782059
7.3622902259332	0.74987730274076
7.3496557489581	0.74987883241466
7.3370645619187	0.74988036638018
7.3245164427071	0.74988190417956
7.3120111707317	0.74988344535934
7.2995485269053	0.74988498947055
7.2871282936315	0.74988653606866
7.2747502547925	0.74988808471374
7.2624141957364	0.74988963497045
7.2501199032648	0.74989118640812
7.2378671656205	0.74989273860084
7.2256557724753	0.74989429112745
7.2134855149182	0.74989584357165
7.2013561854432	0.74989739552203
7.1892675779376	0.74989894657212
7.1772194876706	0.74990049632043
7.1652117112811	0.74990204437054
7.1532440467669	0.74990359033106
7.1413162934731	0.74990513381578
7.1294282520809	0.74990667444361
7.1175797245964	0.74990821183870
7.1057705143399	0.74990974563044
7.0940004259347	0.74991127545348
7.0822692652965	0.74991280094783
7.0705768396226	0.74991432175881
7.0589229573817	0.74991583753715
7.0473074283028	0.74991734793900
7.0357300633654	0.74991885262593
7.0241906747891	0.74992035126500
7.0126890760234	0.74992184352877
7.0012250817375	0.74992332909531
6.9897985078107	0.74992480764825
6.9784091713222	0.74992627887678
6.9670568905415	0.74992774247567
6.9557414849188	0.74992919814530
6.9444627750753	0.74993064559169
6.9332205827937	0.74993208452648
6.9220147310090	0.74993351466696
6.9108450437990	0.74993493573610
6.8997113463751	0.74993634746253
6.8886134650735	0.74993774958058
6.8775512273457	0.74993914183027
6.8665244617499	0.74994052395733
6.8555329979419	0.74994189571318
6.8445766666667	0.74994325685497
6.8336552997493	0.74994460714555
6.8227687300865	0.74994594635349
6.8119167916383	0.74994727425310
6.8010993194192	0.74994859062437
6.7903161494904	0.74994989525303
6.7795671189507	0.74995118793051
6.7688520659291	0.74995246845395
6.7581708295762	0.74995373662618
6.7475232500563	0.74995499225573
6.7369091685393	0.74995623515681
6.7263284271932	0.74995746514931
6.7157808691756	0.74995868205877
6.7052663386267	0.74995988571640
6.6947846806610	0.74996107595902
6.6843357413601	0.74996225262909
6.6739193677649	0.74996341557468
6.6635354078684	0.74996456464944
6.6531837106081	0.74996569971258
6.6428641258586	0.74996682062888
6.6325765044248	0.74996792726866
6.6223206980340	0.74996901950772
6.6120965593295	0.74997009722738
6.6019039418630	0.74997116031439
6.5917427000879	0.74997220866098
6.5816126893524	0.74997324216475
6.5715137658922	0.74997426072873
6.5614457868243	0.74997526426129
6.5514086101399	0.74997625267612
6.5414020946978	0.74997722589222
6.5314261002179	0.74997818383388
6.5214804872743	0.74997912643060
6.5115651172893	0.74998005361711
6.5016798525266	0.74998096533329
6.4918245560849	0.74998186152418
6.4819990918919	0.74998274213991
6.4722033246978	0.74998360713569
6.4624371200690	0.74998445647175
6.4527003443823	0.74998529011331
6.4429928648184	0.74998610803056
6.4333145493562	0.74998691019859
6.4236652667667	0.74998769659737
6.4140448866068	0.74998846721170
6.4044532792138	0.74998922203118
6.3948903156997	0.74998996105013
6.3853558679446	0.74999068426762
6.3758498085921	0.74999139168734
6.3663720110427	0.74999208331762
6.3569223494487	0.74999275917134
6.3475006987084	0.74999341926593
6.3381069344609	0.74999406362327
6.3287409330800	0.74999469226968
6.3194025716695	0.74999530523588
6.3100917280572	0.74999590255688
6.3008082807902	0.74999648427201
6.2915521091291	0.74999705042481
6.2823230930427	0.74999760106301
6.2731211132036	0.74999813623847
6.2639460509820	0.74999865600712
6.2547977884415	0.74999916042892
6.2456762083333	0.74999964956781
6.2365811940919	0.75000012349163
6.2275126298297	0.75000058227211
6.2184704003319	0.75000102598476
6.2094543910522	0.75000145470887
6.2004644881075	0.75000186852741
6.1915005782734	0.75000226752701
6.1825625489792	0.75000265179788
6.1736502883031	0.75000302143375
6.1647636849681	0.75000337653185
6.1559026283368	0.75000371719278
6.1470670084068	0.75000404352055
6.1382567158067	0.75000435562244
6.1294716417910	0.75000465360896
6.1207116782360	0.75000493759382
6.1119767176351	0.75000520769385
6.1032666530945	0.75000546402893
6.0945813783289	0.75000570672197
6.0859207876573	0.75000593589877
6.0772847759984	0.75000615168807
6.0686732388664	0.75000635422140
6.0600860723671	0.75000654363303
6.0515231731934	0.75000672005998
6.0429844386212	0.75000688364186
6.0344697665056	0.75000703452087
6.0259790552764	0.75000717284174
6.0175122039342	0.75000729875162
6.0090691120465	0.75000741240008
6.0006496797438	0.75000751393900
5.9922538077154	0.75000760352253
5.9838813972056	0.75000768130700
5.9755323500100	0.75000774745092
5.9672065684713	0.75000780211485
5.9589039554760	0.75000784546136
5.9506244144502	0.75000787765498
5.9423678493558	0.75000789886213
5.9341341646873	0.75000790925106
5.9259232654675	0.75000790899177
5.9177350572444	0.75000789825595
5.9095694460871	0.75000787721696
5.9014263385827	0.75000784604970
5.8933056418321	0.75000780493059
5.8852072634472	0.75000775403752
5.8771311115468	0.75000769354972
5.8690770947533	0.75000762364779
5.8610451221896	0.75000754451355
5.8530351034752	0.75000745633004
5.8450469487229	0.75000735928143
5.8370805685358	0.75000725355296
5.8291358740035	0.75000713933088
5.8212127766990	0.75000701680238
5.8133111886756	0.75000688615555
5.8054310224632	0.75000674757930
5.7975721910656	0.75000660126329
5.7897346079567	0.75000644739790
5.7819181870781	0.75000628617414
5.7741228428351	0.75000611778361
5.7663484900942	0.75000594241840
5.7585950441798	0.75000576027110
5.7508624208709	0.75000557153466
5.7431505363985	0.75000537640238
5.7354593074421	0.75000517506786
5.7277886511272	0.75000496772489
5.7201384850219	0.75000475456743
5.7125087271341	0.75000453578954
5.7048992959087	0.75000431158533
5.6973101102242	0.75000408214889
5.6897410893908	0.75000384767423
5.6821921531463	0.75000360835523
5.6746632216544	0.75000336438560
5.6671542155009	0.75000311595878
5.6596650556919	0.75000286326793
5.6521956636501	0.75000260650583
5.6447459612126	0.75000234586487
5.6373158706281	0.75000208153697
5.6299053145540	0.75000181371351
5.6225142160540	0.75000154258531
5.6151424985952	0.75000126834255
5.6077900860456	0.75000099117473
5.6004569026714	0.75000071127063
5.5931428731343	0.75000042881820
5.5858479224893	0.75000014400458
5.5785719761816	0.74999985701602
5.5713149600446	0.74999956803780
5.5640768002970	0.74999927725423
5.5568574235403	0.74999898484857
5.5496567567568	0.74999869100297
5.5424747273063	0.74999839589847
5.5353112629247	0.74999809971488
5.5281662917204	0.74999780263079
5.5210397421731	0.74999750482352
5.5139315431304	0.74999720646903
5.5068416238060	0.74999690774190
5.4997699137773	0.74999660881531
5.4927163429828	0.74999630986095
5.4856808417200	0.74999601104900
5.4786633406433	0.74999571254808
5.4716637707611	0.74999541452521
5.4646820634342	0.74999511714578
5.4577181503732	0.74999482057346
5.4507719636364	0.74999452497023
5.4438434356274	0.74999423049628
5.4369324990932	0.74999393730998
5.4300390871219	0.74999364556789
5.4231631331404	0.74999335542465
5.4163045709124	0.74999306703299
5.4094633345363	0.74999278054368
5.4026393584430	0.74999249610547
5.3958325773938	0.74999221386511
5.3890429264785	0.74999193396725
5.3822703411131	0.74999165655444
5.3755147570378	0.74999138176710
5.3687761103152	0.74999110974348
5.3620543373278	0.74999084061960
5.3553493747767	0.74999057452928
5.3486611596789	0.74999031160404
5.3419896293656	0.74999005197312
5.3353347214807	0.74998979576342
5.3286963739780	0.74998954309949
5.3220745251198	0.74998929410348
5.3154691134752	0.74998904889515
5.3088800779175	0.74998880759180
5.3023073576229	0.74998857030827
5.2957508920685	0.74998833715691
5.2892106210303	0.74998810824755
5.2826864845815	0.74998788368748
5.2761784230905	0.74998766358143
5.2696863772192	0.74998744803154
5.2632102879213	0.74998723713735
5.2567500964405	0.74998703099577
5.2503057443082	0.74998682970105
5.2438771733427	0.74998663334478
5.2374643256464	0.74998644201588
5.2310671436050	0.74998625580055
5.2246855698850	0.74998607478226
5.2183195474326	0.74998589904177
5.2119690194715	0.74998572865707
5.2056339295016	0.74998556370340
5.1993142212973	0.74998540425319
5.1930098389052	0.74998525037611
5.1867207266436	0.74998510213901
5.1804468290997	0.74998495960592
5.1741880911288	0.74998482283806
5.1679444578521	0.74998469189379
5.1617158746556	0.74998456682864
5.1555022871883	0.74998444769528
5.1493036413604	0.74998433454353
5.1431198833419	0.74998422742032
5.1369509595613	0.74998412636974
5.1307968167037	0.74998403143296
5.1246574017094	0.74998394264829
5.1185326617722	0.74998386005117
5.1124225443383	0.74998378367412
5.1063269971044	0.74998371354678
5.1002459680163	0.74998364969591
5.0941794052676	0.74998359214537
5.0881272572980	0.74998354091612
5.0820894727920	0.74998349602625
5.0760660006773	0.74998345749093
5.0700567901235	0.74998342532249
5.0640617905405	0.74998339953035
5.0580809515775	0.74998338012105
5.0521142231210	0.74998336709827
5.0461615552937	0.74998336046282
5.0402228984533	0.74998336021266
5.0342982031906	0.74998336634290
5.0283874203287	0.74998337884580
5.0224905009214	0.74998339771077
5.0166073962517	0.74998342292444
5.0107380578305	0.74998345447060
5.0048824373957	0.74998349233024
4.9990404869101	0.74998353648157
4.9932121585610	0.74998358690001
4.9873974047579	0.74998364355825
4.9815961781323	0.74998370642619
4.9758084315353	0.74998377547104
4.9700341180371	0.74998385065728
4.9642731909256	0.74998393194667
4.9585256037049	0.74998401929832
4.9527913100942	0.74998411266865
4.9470702640264	0.74998421201147
4.9413624196473	0.74998431727795
4.9356677313138	0.74998442841663
4.9299861535932	0.74998454537351
4.9243176412615	0.74998466809201
4.9186621493027	0.74998479651300
4.9130196329072	0.74998493057487
4.9073900474709	0.74998507021349
4.9017733485939	0.74998521536227
4.8961694920790	0.74998536595219
4.8905784339315	0.74998552191180
4.8850001303569	0.74998568316728
4.8794345377604	0.74998584964244
4.8738816127459	0.74998602125875
4.8683413121143	0.74998619793541
4.8628135928629	0.74998637958930
4.8572984121841	0.74998656613509
4.8517957274640	0.74998675748522
4.8463054962819	0.74998695354997
4.8408276764088	0.74998715423743
4.8353622258065	0.74998735945362
4.8299091026261	0.74998756910244
4.8244682652076	0.74998778308575
4.8190396720784	0.74998800130341
4.8136232819525	0.74998822365328
4.8082190537289	0.74998845003128
4.8028269464915	0.74998868033142
4.7974469195071	0.74998891444583
4.7920789322251	0.74998915226484
4.7867229442759	0.74998939367693
4.7813789154705	0.74998963856885
4.7760468057989	0.74998988682564
4.7707265754297	0.74999013833063
4.7654181847083	0.74999039296553
4.7601215941569	0.74999065061045
4.7548367644726	0.74999091114392
4.7495636565272	0.74999117444298
4.7443022313657	0.74999144038316
4.7390524502055	0.74999170883860
4.7338142744355	0.74999197968200
4.7285876656151	0.74999225278475
4.7233725854735	0.74999252801692
4.7181689959081	0.74999280524732
4.7129768589844	0.74999308434355
4.7077961369347	0.74999336517204
4.7026267921569	0.74999364759808
4.6974687872140	0.74999393148591
4.6923220848333	0.74999421669870
4.6871866479049	0.74999450309868
4.6820624394815	0.74999479054710
4.6769494227769	0.74999507890434
4.6718475611657	0.74999536802993
4.6667568181818	0.74999565778260
4.6616771575183	0.74999594802034
4.6566085430258	0.74999623860043
4.6515509387122	0.74999652937953
4.6465043087415	0.74999682021366
4.6414686174330	0.74999711095832
4.6364438292607	0.74999740146848
4.6314299088522	0.74999769159868
4.6264268209877	0.74999798120307
4.6214345305997	0.74999827013541
4.6164530027718	0.74999855824920
4.6114822027380	0.74999884539768
4.6065220958820	0.74999913143388
4.6015726477360	0.74999941621070
4.5966338239804	0.74999969958094
4.5917055904426	0.74999998139736
4.5867879130967	0.75000026151272
4.5818807580621	0.75000053977987
4.5769840916031	0.75000081605175
4.5720978801281	0.75000109018146
4.5672220901889	0.75000136202234
4.5623566884797	0.75000163142800
4.5575016418364	0.75000189825236
4.5526569172361	0.75000216234973
4.5478224817961	0.75000242357484
4.5429983027731	0.75000268178291
4.5381843475628	0.75000293682971
4.5333805836988	0.75000318857156
4.5285869788520	0.75000343686546
4.5238035008299	0.75000368156909
4.5190301175761	0.75000392254087
4.5142667971691	0.75000415964003
4.5095135078219	0.75000439272666
4.5047702178813	0.75000462166173
4.5000368958271	0.75000484630721
4.4953135102714	0.75000506652605
4.4906000299581	0.75000528218226
4.4858964237618	0.75000549314100
4.4812026606876	0.75000569926856
4.4765187098701	0.75000590043248
4.4718445405728	0.75000609650157
4.4671801221875	0.75000628734594
4.4625254242334	0.75000647283711
4.4578804163569	0.75000665284801
4.4532450683304	0.75000682725305
4.4486193500519	0.75000699592818
4.4440032315446	0.75000715875092
4.4393966829557	0.75000731560045
4.4347996745562	0.75000746635759
4.4302121767401	0.75000761090493
4.4256341600236	0.75000774912682
4.4210655950450	0.75000788090946
4.4165064525633	0.75000800614093
4.4119567034584	0.75000812471123
4.4074163187298	0.75000823651234
4.4028852694963	0.75000834143829
4.3983635269953	0.75000843938515
4.3938510625824	0.75000853025115
4.3893478477306	0.75000861393667
4.3848538540295	0.75000869034431
4.3803690531853	0.75000875937894
4.3758934170194	0.75000882094772
4.3714269174686	0.75000887496020
4.3669695265841	0.75000892132831
4.3625212165309	0.75000895996641
4.3580819595871	0.75000899079137
4.3536517281441	0.75000901372260
4.3492304947048	0.75000902868205
4.3448182318841	0.75000903559433
4.3404149124077	0.75000903438668
4.3360205091119	0.75000902498905
4.3316349949429	0.75000900733413
4.3272583429561	0.75000898135741
4.3228905263158	0.75000894699716
4.3185315182944	0.75000890419456
4.3141812922723	0.75000885289366
4.3098398217366	0.75000879304145
4.3055070802815	0.75000872458789
4.3011830416069	0.75000864748598
4.2968676795184	0.75000856169172
4.2925609679267	0.75000846716422
4.2882628808468	0.75000836386572
4.2839733923978	0.75000825176156
4.2796924768023	0.75000813082031
4.2754201083856	0.75000800101373
4.2711562615757	0.75000786231683
4.2669009109024	0.75000771470789
4.2626540309967	0.75000755816851
4.2584155965909	0.75000739268362
4.2541855825174	0.75000721824150
4.2499639637085	0.75000703483382
4.2457507151961	0.75000684245570
4.2415458121109	0.75000664110565
4.2373492296820	0.75000643078569
4.2331609432364	0.75000621150131
4.2289809281986	0.75000598326152
4.2248091600902	0.75000574607885
4.2206456145291	0.75000549996940
4.2164902672293	0.75000524495286
4.2123430940003	0.75000498105248
4.2082040707468	0.75000470829515
4.2040731734680	0.75000442671138
4.1999503782572	0.75000413633534
4.1958356613016	0.75000383720485
4.1917289988814	0.75000352936140
4.1876303673697	0.75000321285018
4.1835397432319	0.75000288772009
4.1794571030252	0.75000255402371
4.1753824233983	0.75000221181738
4.1713156810909	0.75000186116115
4.1672568529330	0.75000150211881
4.1632059158450	0.75000113475790
4.1591628468368	0.75000075914971
4.1551276230076	0.75000037536927
4.1511002215453	0.74999998349540
4.1470806197261	0.74999958361064
4.1430687949143	0.74999917580133
4.1390647245616	0.74999876015755
4.1350683862069	0.74999833677314
4.1310797574755	0.74999790574569
4.1270988160793	0.74999746717655
4.1231255398157	0.74999702117083
4.1191599065677	0.74999656783736
4.1152018943034	0.74999610728870
4.1112514810752	0.74999563964116
4.1073086450199	0.74999516501473
4.1033733643581	0.74999468353313
4.0994456173937	0.74999419532375
4.0955253825137	0.74999370051767
4.0916126381875	0.74999319924960
4.0877073629670	0.74999269165793
4.0838095354856	0.74999217788465
4.0799191344584	0.74999165807536
4.0760361386812	0.74999113237924
4.0721605270307	0.74999060094903
4.0682922784638	0.74999006394101
4.0644313720174	0.74998952151497
4.0605777868075	0.74998897383420
4.0567315020298	0.74998842106541
4.0528924969582	0.74998786337878
4.0490607509454	0.74998730094785
4.0452362434219	0.74998673394954
4.0414189538959	0.74998616256412
4.0376088619529	0.74998558697512
4.0338059472551	0.74998500736934
4.0300101895416	0.74998442393681
4.0262215686274	0.74998383687072
4.0224400644036	0.74998324636743
4.0186656568365	0.74998265262637
4.0148983259676	0.74998205585002
4.0111380519133	0.74998145624388
4.0073848148643	0.74998085401639
4.0036385950855	0.74998024937893
3.9998993729153	0.74997964254569
3.9961671287657	0.74997903373371
3.9924418431216	0.74997842316277
3.9887234965407	0.74997781105533
3.9850120696531	0.74997719763650
3.9813075431607	0.74997658313398
3.9776098978373	0.74997596777798
3.9739191145281	0.74997535180117
3.9702351741491	0.74997473543862
3.9665580576872	0.74997411892773
3.9628877461996	0.74997350250816
3.9592242208135	0.74997288642177
3.9555674627260	0.74997227091253
3.9519174532033	0.74997165622650
3.9482741735809	0.74997104261168
3.9446376052632	0.74997043031799
3.9410077297226	0.74996981959718
3.9373845285001	0.74996921070276
3.9337679832043	0.74996860388989
3.9301580755113	0.74996799941533
3.9265547871644	0.74996739753734
3.9229580999738	0.74996679851561
3.9193679958164	0.74996620261113
3.9157844566353	0.74996561008618
3.9122074644395	0.74996502120416
3.9086370013038	0.74996443622953
3.9050730493682	0.74996385542774
3.9015155908381	0.74996327906509
3.8979646079834	0.74996270740866
3.8944200831385	0.74996214072621
3.8908819987021	0.74996157928607
3.8873503371369	0.74996102335703
3.8838250809690	0.74996047320826
3.8803062127880	0.74995992910920
3.8767937152463	0.74995939132941
3.8732875710594	0.74995886013852
3.8697877630050	0.74995833580609
3.8662942739231	0.74995781860148
3.8628070867156	0.74995730879377
3.8593261843460	0.74995680665161
3.8558515498392	0.74995631244313
3.8523831662812	0.74995582643580
3.8489210168186	0.74995534889633
3.8454650846588	0.74995488009050
3.8420153530693	0.74995442028309
3.8385718053777	0.74995396973772
3.8351344249712	0.74995352871673
3.8317031952965	0.74995309748104
3.8282780998595	0.74995267629002
3.8248591222251	0.74995226540137
3.8214462460166	0.74995186507097
3.8180394549159	0.74995147555273
3.8146387326632	0.74995109709849
3.8112440630562	0.74995072995783
3.8078554299505	0.74995037437794
3.8044728172589	0.74995003060352
3.8010962089514	0.74994969887655
3.7977255890550	0.74994937943621
3.7943609416530	0.74994907251871
3.7910022508852	0.74994877835711
3.7876495009476	0.74994849718121
3.7843026760919	0.74994822921735
3.7809617606256	0.74994797468830
3.7776267389113	0.74994773381304
3.7742975953670	0.74994750680665
3.7709743144654	0.74994729388014
3.7676568807339	0.74994709524024
3.7643452787544	0.74994691108930
3.7610394931627	0.74994674162507
3.7577395086488	0.74994658704053
3.7544453099562	0.74994644752377
3.7511568818819	0.74994632325776
3.7478742092762	0.74994621442019
3.7445972770422	0.74994612118330
3.7413260701360	0.74994604371370
3.7380605735661	0.74994598217219
3.7348007723932	0.74994593671358
3.7315466517301	0.74994590748647
3.7282981967417	0.74994589463312
3.7250553926441	0.74994589828923
3.7218182247052	0.74994591858375
3.7185866782436	0.74994595563868
3.7153607386293	0.74994600956893
3.7121403912828	0.74994608048205
3.7089256216751	0.74994616847808
3.7057164153276	0.74994627364935
3.7025127578115	0.74994639608025
3.6993146347483	0.74994653584708
3.6961220318087	0.74994669301780
3.6929349347130	0.74994686765184
3.6897533292308	0.74994705979990
3.6865772011805	0.74994726950374
3.6834065364295	0.74994749679596
3.6802413208937	0.74994774169981
3.6770815405372	0.74994800422896
3.6739271813725	0.74994828438727
3.6707782294600	0.74994858216863
3.6676346709078	0.74994889755667
3.6644964918714	0.74994923052461
3.6613636785540	0.74994958103497
3.6582362172056	0.74994994903940
3.6551140941234	0.74995033447846
3.6519972956511	0.74995073728134
3.6488858081792	0.74995115736569
3.6457796181442	0.74995159463737
3.6426787120292	0.74995204899019
3.6395830763628	0.74995252030575
3.6364926977196	0.74995300845314
3.6334075627197	0.74995351328872
3.6303276580286	0.74995403465593
3.6272529703569	0.74995457238499
3.6241834864603	0.74995512629269
3.6211191931393	0.74995569618217
3.6180600772387	0.74995628184264
3.6150061256481	0.74995688304916
3.6119573253012	0.74995749956240
3.6089136631756	0.74995813112837
3.6058751262930	0.74995877747819
3.6028417017185	0.74995943832787
3.5998133765610	0.74996011337800
3.5967901379724	0.74996080231353
3.5937719731479	0.74996150480356
3.5907588693257	0.74996222050099
3.5877508137865	0.74996294904237
3.5847477938539	0.74996369004756
3.5817497968937	0.74996444311955
3.5787568103140	0.74996520784411
3.5757688215649	0.74996598378963
3.5727858181385	0.74996677050679
3.5698077875685	0.74996756752833
3.5668347174301	0.74996837436875
3.5638665953400	0.74996919052412
3.5609034089559	0.74997001547175
3.5579451459767	0.74997084866993
3.5549917941421	0.74997168955769
3.5520433412322	0.74997253755452
3.5490997750681	0.74997339206012
3.5461610835108	0.74997425245407
3.5432272544616	0.74997511809564
3.5402982758621	0.74997598832346
3.5373741356932	0.74997686245527
3.5344548219759	0.74997773978764
3.5315403227706	0.74997861959571
3.5286306261770	0.74997950113289
3.5257257203340	0.74998038363061
3.5228255934195	0.74998126629803
3.5199302336503	0.74998214832175
3.5170396292820	0.74998302886557
3.5141537686086	0.74998390707016
3.5112726399625	0.74998478205282
3.5083962317145	0.74998565290720
3.5055245322732	0.74998651870298
3.5026575300853	0.74998737848563
3.4997952136353	0.74998823127610
3.4969375714452	0.74998907607056
3.4940845920746	0.74998991184010
3.4912362641202	0.74999073753045
3.4883925762160	0.74999155206169
3.4855535170329	0.74999235432800
3.4827190752788	0.74999314319731
3.4798892396982	0.74999391751107
3.4770639990721	0.74999467608395
3.4742433422181	0.74999541770352
3.4714272579898	0.74999614113003
3.4686157352771	0.74999684509604
3.4658087630058	0.74999752830622
3.4630063301375	0.74999818943698
3.4602084256694	0.74999882713625
3.4574150386345	0.74999944002314
3.4546261581009	0.75000002668768
3.4518417731721	0.75000058569053
3.4490618729867	0.75000111556269
3.4462864467180	0.75000161480519
3.4435154835745	0.75000208188883
3.4407489727993	0.75000251525388
3.4379869036697	0.75000291330979
3.4352292654979	0.75000327443491
3.4324760476300	0.75000359697618
3.4297272394463	0.75000387924886
3.4269828303612	0.75000411953624
3.4242428098230	0.75000431608934
3.4215071673134	0.75000446712666
3.4187758923480	0.75000457083381
3.4160489744758	0.75000462536333
3.4133264032791	0.75000462883432
3.4106081683732	0.75000457933218
3.4078942594066	0.75000447490833
3.4051846660609	0.75000431357992
3.4024793780502	0.75000409332955
3.3997783851213	0.75000381210498
3.3970816770538	0.75000346781882
3.3943892436594	0.75000305834829
3.3917010747822	0.75000258153492
3.3890171602984	0.75000203518425
3.3863374901163	0.75000141706558
3.3836620541761	0.75000072491166
3.3809908424495	0.74999995641841
3.3783238449403	0.74999910924467
3.3756610516834	0.74999818101189
3.3730024527453	0.74999716930387
3.3703480382237	0.74999607166647
3.3676977982476	0.74999488560735
3.3650517229768	0.74999360859566
3.3624098026021	0.74999223806184
3.3597720273451	0.74999077139724
3.3571383874580	0.74998920595394
3.3545088732237	0.74998753904446
3.3518834749553	0.74998576794143
3.3492621829963	0.74998388987740
3.3466449877205	0.74998190204453
3.3440318795315	0.74997980159434
3.3414228488631	0.74997758563744
3.3388178861789	0.74997525124326
3.3362169819720	0.74997279543980
3.3336201267653	0.74997021521336
3.3310273111111	0.74996750750831
