#Parameters = {thARC=0.8; nARC=1; thsub=1; p=1; nSub=3.25}
#"Wavelength / um"	"T (491) [Real Part]"
#---------------------------------------
14.989622900000	0.71972273794669
14.937342202292	0.71975427631988
14.885424925521	0.71978490416237
14.833867293419	0.71981463448272
14.782665581854	0.71984348020855
14.731816117936	0.71987145418599
14.681315279138	0.71989856917916
14.631159492435	0.71992483786964
14.581345233463	0.71995027285591
14.531869025691	0.71997488665296
14.482727439614	0.71999869169171
14.433917091960	0.72002170031862
14.385434644914	0.72004392479518
14.337276805356	0.72006537729756
14.289440324118	0.72008606991612
14.241921995249	0.72010601465506
14.194718655303	0.72012522343201
14.147827182633	0.72014370807766
14.101244496707	0.72016148033544
14.054967557431	0.72017855186114
14.008993364486	0.72019493422260
13.963318956684	0.72021063889941
13.917941411328	0.72022567728260
13.872857843591	0.72024006067436
13.828065405904	0.72025380028781
13.783561287356	0.72026690724668
13.739342713107	0.72027939258513
13.695406943810	0.72029126724751
13.651751275046	0.72030254208813
13.608373036768	0.72031322787108
13.565269592760	0.72032333527007
13.522438340099	0.72033287486821
13.479876708633	0.72034185715789
13.437582160466	0.72035029254063
13.395552189455	0.72035819132695
13.353784320713	0.72036556373623
13.312276110124	0.72037241989667
13.271025143869	0.72037876984511
13.230029037952	0.72038462352702
13.189285437747	0.72038999079642
13.148792017544	0.72039488141580
13.108546480105	0.72039930505611
13.068546556234	0.72040327129670
13.028790004346	0.72040678962533
12.989274610052	0.72040986943816
12.949998185745	0.72041252003975
12.910958570198	0.72041475064304
12.872153628167	0.72041657036948
12.833581250000	0.72041798824894
12.795239351259	0.72041901321987
12.757125872340	0.72041965412932
12.719238778108	0.72041991973298
12.681576057530	0.72041981869533
12.644135723323	0.72041935958968
12.606915811606	0.72041855089831
12.569914381551	0.72041740101257
12.533129515050	0.72041591823301
12.496559316382	0.72041411076951
12.460201911887	0.72041198674142
12.424055449648	0.72040955417775
12.388118099174	0.72040682101728
12.352388051092	0.72040379510880
12.316863516845	0.72040048421123
12.281542728390	0.72039689599386
12.246423937908	0.72039303803653
12.211505417515	0.72038891782986
12.176785458976	0.72038454277544
12.142262373431	0.72037992018608
12.107934491115	0.72037505728608
12.073800161095	0.72036996121139
12.039857751004	0.72036463900997
12.006105646776	0.72035909764197
11.972542252396	0.72035334398004
11.939165989646	0.72034738480961
11.905975297855	0.72034122682916
11.872968633663	0.72033487665054
11.840144470774	0.72032834079924
11.807501299724	0.72032162571473
11.775037627651	0.72031473775077
11.742751978065	0.72030768317572
11.710642890625	0.72030046817289
11.678708920919	0.72029309884087
11.646948640249	0.72028558119387
11.615360635413	0.72027792116209
11.583943508501	0.72027012459207
11.552695876686	0.72026219724704
11.521616372022	0.72025414480734
11.490703641242	0.72024597287073
11.459956345566	0.72023768695282
11.429373160503	0.72022929248747
11.398952775665	0.72022079482714
11.368693894577	0.72021219924334
11.338595234493	0.72020351092700
11.308655526217	0.72019473498892
11.278873513920	0.72018587646014
11.249247954972	0.72017694029244
11.219777619760	0.72016793135867
11.190461291527	0.72015885445327
11.161297766195	0.72014971429268
11.132285852209	0.72014051551576
11.103424370370	0.72013126268428
11.074712153676	0.72012196028334
11.046148047163	0.72011261272185
11.017730907755	0.72010322433298
10.989459604106	0.72009379937465
10.961333016453	0.72008434202995
10.933350036470	0.72007485640769
10.905509567115	0.72006534654279
10.877810522496	0.72005581639687
10.850251827723	0.72004626985862
10.822832418773	0.72003671074438
10.795551242348	0.72002714279861
10.768407255747	0.72001756969436
10.741399426729	0.72000799503381
10.714526733381	0.71999842234875
10.687788163993	0.71998885510109
10.661182716927	0.71997929668337
10.634709400497	0.71996975041931
10.608367232838	0.71996021956425
10.582155241793	0.71995070730575
10.556072464789	0.71994121676406
10.530117948718	0.71993175099266
10.504290749825	0.71992231297880
10.478589933590	0.71991290564402
10.453014574616	0.71990353184465
10.427563756522	0.71989419437241
10.402236571825	0.71988489595489
10.377032121841	0.71987563925611
10.351949516575	0.71986642687707
10.326987874612	0.71985726135626
10.302146323024	0.71984814517024
10.277423997257	0.71983908073416
10.252820041040	0.71983007040234
10.228333606278	0.71982111646875
10.203963852961	0.71981222116766
10.179709949066	0.71980338667409
10.155571070461	0.71979461510445
10.131546400811	0.71978590851701
10.107635131490	0.71977726891254
10.083836461487	0.71976869823480
10.060149597315	0.71976019837114
10.036573752929	0.71975177115300
10.013108149633	0.71974341835657
9.9897520159947	0.71973514170322
9.9665045877660	0.71972694286019
9.9433651077944	0.71971882344104
9.9203328259431	0.71971078500629
9.8974069990096	0.71970282906393
9.8745868906456	0.71969495707000
9.8518717712783	0.71968717042919
9.8292609180328	0.71967947049532
9.8067536146549	0.71967185857197
9.7843491514360	0.71966433591303
9.7620468251384	0.71965690372324
9.7398459389214	0.71964956315876
9.7177458022690	0.71964231532776
9.6957457309185	0.71963516129093
9.6738450467893	0.71962810206211
9.6520430779137	0.71962113860878
9.6303391583681	0.71961427185266
9.6087326282051	0.71960750267027
9.5872228333866	0.71960083189348
9.5658091257179	0.71959426031008
9.5444908627826	0.71958778866432
9.5232674078780	0.71958141765748
9.5021381299525	0.71957514794844
9.4811024035421	0.71956898015421
9.4601596087094	0.71956291485051
9.4393091309824	0.71955695257228
9.4185503612944	0.71955109381429
9.3978826959248	0.71954533903168
9.3773055364404	0.71953968864047
9.3568182896380	0.71953414301815
9.3364203674868	0.71952870250421
9.3161111870727	0.71952336740071
9.2958901705426	0.71951813797279
9.2757567450495	0.71951301444924
9.2557103426984	0.71950799702304
9.2357504004929	0.71950308585189
9.2158763602828	0.71949828105878
9.1960876687117	0.71949358273247
9.1763837771656	0.71948899092809
9.1567641417227	0.71948450566764
9.1372282231027	0.71948012694053
9.1177754866180	0.71947585470410
9.0984054021244	0.71947168888419
9.0791174439733	0.71946762937561
9.0599110909640	0.71946367604271
9.0407858262967	0.71945982871987
9.0217411375263	0.71945608721206
9.0027765165165	0.71945245129532
8.9838914593947	0.71944892071731
8.9650854665072	0.71944549519780
8.9463580423754	0.71944217442921
8.9277086956522	0.71943895807706
8.9091369390788	0.71943584578058
8.8906422894425	0.71943283715311
8.8722242675348	0.71942993178268
8.8538823981099	0.71942712923247
8.8356162098438	0.71942442904132
8.8174252352941	0.71942183072423
8.7993090108600	0.71941933377285
8.7812670767428	0.71941693765596
8.7632989769073	0.71941464181999
8.7454042590432	0.71941244568948
8.7275824745269	0.71941034866754
8.7098331783847	0.71940835013641
8.6921559292549	0.71940644945783
8.6745502893519	0.71940464597360
8.6570158244297	0.71940293900604
8.6395521037464	0.71940132785840
8.6221587000288	0.71939981181539
8.6048351894374	0.71939839014363
8.5875811515325	0.71939706209208
8.5703961692396	0.71939582689254
8.5532798288160	0.71939468376006
8.5362317198178	0.71939363189344
8.5192514350668	0.71939267047562
8.5023385706183	0.71939179867419
8.4854927257288	0.71939101564178
8.4687135028249	0.71939032051652
8.4520005074711	0.71938971242249
8.4353533483399	0.71938919047012
8.4187716371806	0.71938875375663
8.4022549887892	0.71938840136648
8.3858030209790	0.71938813237177
8.3694153545505	0.71938794583266
8.3530916132627	0.71938784079779
8.3368314238042	0.71938781630470
8.3206344157646	0.71938787138022
8.3045002216066	0.71938800504089
8.2884284766381	0.71938821629339
8.2724188189845	0.71938850413487
8.2564708895621	0.71938886755340
8.2405843320506	0.71938930552837
8.2247587928669	0.71938981703083
8.2089939211391	0.71939040102392
8.1932893686800	0.71939105646323
8.1776447899618	0.71939178229717
8.1620598420909	0.71939257746737
8.1465341847826	0.71939344090905
8.1310674803363	0.71939437155136
8.1156593936113	0.71939536831776
8.1003095920022	0.71939643012639
8.0850177454153	0.71939755589042
8.0697835262450	0.71939874451839
8.0546066093498	0.71939999491457
8.0394866720300	0.71940130597931
8.0244233940043	0.71940267660939
8.0094164573871	0.71940410569833
7.9944655466667	0.71940559213674
7.9795703486825	0.71940713481267
7.9647305526036	0.71940873261191
7.9499458499072	0.71941038441831
7.9352159343568	0.71941208911412
7.9205405019815	0.71941384558032
7.9059192510549	0.71941565269688
7.8913518820742	0.71941750934312
7.8768380977404	0.71941941439799
7.8623776029373	0.71942136674036
7.8479701047120	0.71942336524936
7.8336153122550	0.71942540880461
7.8193129368805	0.71942749628659
7.8050626920073	0.71942962657684
7.7908642931393	0.71943179855829
7.7767174578470	0.71943401111557
7.7626219057483	0.71943626313518
7.7485773584906	0.71943855350588
7.7345835397317	0.71944088111888
7.7206401751223	0.71944324486812
7.7067469922879	0.71944564365054
7.6929037208109	0.71944807636634
7.6791100922131	0.71945054191920
7.6653658399386	0.71945303921656
7.6516706993364	0.71945556716985
7.6380244076433	0.71945812469472
7.6244267039674	0.71946071071130
7.6108773292714	0.71946332414443
7.5973760263558	0.71946596392384
7.5839225398432	0.71946862898444
7.5705166161616	0.71947131826652
7.5571580035291	0.71947403071593
7.5438464519376	0.71947676528434
7.5305817131374	0.71947952092943
7.5173635406219	0.71948229661509
7.5041916896120	0.71948509131163
7.4910659170415	0.71948790399599
7.4779859815415	0.71949073365191
7.4649516434263	0.71949357927010
7.4519626646781	0.71949643984852
7.4390188089330	0.71949931439243
7.4261198414664	0.71950220191469
7.4132655291790	0.71950510143584
7.4004556405826	0.71950801198436
7.3876899457861	0.71951093259675
7.3749682164822	0.71951386231775
7.3622902259332	0.71951680020050
7.3496557489581	0.71951974530664
7.3370645619187	0.71952269670655
7.3245164427071	0.71952565347944
7.3120111707317	0.71952861471347
7.2995485269053	0.71953157950599
7.2871282936315	0.71953454696357
7.2747502547925	0.71953751620221
7.2624141957364	0.71954048634742
7.2501199032648	0.71954345653438
7.2378671656205	0.71954642590805
7.2256557724753	0.71954939362329
7.2134855149182	0.71955235884499
7.2013561854432	0.71955532074816
7.1892675779376	0.71955827851804
7.1772194876706	0.71956123135023
7.1652117112811	0.71956417845077
7.1532440467669	0.71956711903625
7.1413162934731	0.71957005233389
7.1294282520809	0.71957297758165
7.1175797245964	0.71957589402831
7.1057705143399	0.71957880093354
7.0940004259347	0.71958169756800
7.0822692652965	0.71958458321343
7.0705768396226	0.71958745716269
7.0589229573817	0.71959031871984
7.0473074283028	0.71959316720022
7.0357300633654	0.71959600193053
7.0241906747891	0.71959882224883
7.0126890760234	0.71960162750468
7.0012250817375	0.71960441705910
6.9897985078107	0.71960719028473
6.9784091713222	0.71960994656578
6.9670568905415	0.71961268529812
6.9557414849188	0.71961540588932
6.9444627750753	0.71961810775868
6.9332205827937	0.71962079033728
6.9220147310090	0.71962345306799
6.9108450437990	0.71962609540551
6.8997113463751	0.71962871681639
6.8886134650735	0.71963131677906
6.8775512273457	0.71963389478384
6.8665244617499	0.71963645033299
6.8555329979419	0.71963898294067
6.8445766666667	0.71964149213297
6.8336552997493	0.71964397744795
6.8227687300865	0.71964643843560
6.8119167916383	0.71964887465786
6.8010993194192	0.71965128568863
6.7903161494904	0.71965367111375
6.7795671189507	0.71965603053100
6.7688520659291	0.71965836355008
6.7581708295762	0.71966066979262
6.7475232500563	0.71966294889214
6.7369091685393	0.71966520049405
6.7263284271932	0.71966742425561
6.7157808691756	0.71966961984594
6.7052663386267	0.71967178694596
6.6947846806610	0.71967392524836
6.6843357413601	0.71967603445762
6.6739193677649	0.71967811428992
6.6635354078684	0.71968016447311
6.6531837106081	0.71968218474671
6.6428641258586	0.71968417486183
6.6325765044248	0.71968613458114
6.6223206980340	0.71968806367883
6.6120965593295	0.71968996194056
6.6019039418630	0.71969182916339
6.5917427000879	0.71969366515576
6.5816126893524	0.71969546973741
6.5715137658922	0.71969724273931
6.5614457868243	0.71969898400366
6.5514086101399	0.71970069338375
6.5414020946978	0.71970237074395
6.5314261002179	0.71970401595963
6.5214804872743	0.71970562891707
6.5115651172893	0.71970720951343
6.5016798525266	0.71970875765664
6.4918245560849	0.71971027326534
6.4819990918919	0.71971175626881
6.4722033246978	0.71971320660688
6.4624371200690	0.71971462422986
6.4527003443823	0.71971600909844
6.4429928648184	0.71971736118364
6.4333145493562	0.71971868046667
6.4236652667667	0.71971996693889
6.4140448866068	0.71972122060172
6.4044532792138	0.71972244146649
6.3948903156997	0.71972362955443
6.3853558679446	0.71972478489651
6.3758498085921	0.71972590753337
6.3663720110427	0.71972699751523
6.3569223494487	0.71972805490176
6.3475006987084	0.71972907976202
6.3381069344609	0.71973007217433
6.3287409330800	0.71973103222615
6.3194025716695	0.71973196001402
6.3100917280572	0.71973285564341
6.3008082807902	0.71973371922865
6.2915521091291	0.71973455089278
6.2823230930427	0.71973535076746
6.2731211132036	0.71973611899287
6.2639460509820	0.71973685571757
6.2547977884415	0.71973756109840
6.2456762083333	0.71973823530036
6.2365811940919	0.71973887849649
6.2275126298297	0.71973949086775
6.2184704003319	0.71974007260293
6.2094543910522	0.71974062389849
6.2004644881075	0.71974114495843
6.1915005782734	0.71974163599423
6.1825625489792	0.71974209722465
6.1736502883031	0.71974252887568
6.1647636849681	0.71974293118034
6.1559026283368	0.71974330437861
6.1470670084068	0.71974364871728
6.1382567158067	0.71974396444982
6.1294716417910	0.71974425183627
6.1207116782360	0.71974451114308
6.1119767176351	0.71974474264300
6.1032666530945	0.71974494661496
6.0945813783289	0.71974512334391
6.0859207876573	0.71974527312070
6.0772847759984	0.71974539624196
6.0686732388664	0.71974549300996
6.0600860723671	0.71974556373245
6.0515231731934	0.71974560872257
6.0429844386212	0.71974562829868
6.0344697665056	0.71974562278426
6.0259790552764	0.71974559250772
6.0175122039342	0.71974553780233
6.0090691120465	0.71974545900603
6.0006496797438	0.71974535646133
5.9922538077154	0.71974523051514
5.9838813972056	0.71974508151866
5.9755323500100	0.71974490982724
5.9672065684713	0.71974471580024
5.9589039554760	0.71974449980087
5.9506244144502	0.71974426219608
5.9423678493558	0.71974400335643
5.9341341646873	0.71974372365592
5.9259232654675	0.71974342347188
5.9177350572444	0.71974310318480
5.9095694460871	0.71974276317824
5.9014263385827	0.71974240383865
5.8933056418321	0.71974202555525
5.8852072634472	0.71974162871991
5.8771311115468	0.71974121372698
5.8690770947533	0.71974078097315
5.8610451221896	0.71974033085737
5.8530351034752	0.71973986378064
5.8450469487229	0.71973938014592
5.8370805685358	0.71973888035800
5.8291358740035	0.71973836482332
5.8212127766990	0.71973783394987
5.8133111886756	0.71973728814706
5.8054310224632	0.71973672782556
5.7975721910656	0.71973615339718
5.7897346079567	0.71973556527474
5.7819181870781	0.71973496387193
5.7741228428351	0.71973434960318
5.7663484900942	0.71973372288353
5.7585950441798	0.71973308412849
5.7508624208709	0.71973243375393
5.7431505363985	0.71973177217592
5.7354593074421	0.71973109981064
5.7277886511272	0.71973041707420
5.7201384850219	0.71972972438255
5.7125087271341	0.71972902215137
5.7048992959087	0.71972831079587
5.6973101102242	0.71972759073075
5.6897410893908	0.71972686237002
5.6821921531463	0.71972612612688
5.6746632216544	0.71972538241365
5.6671542155009	0.71972463164155
5.6596650556919	0.71972387422069
5.6521956636501	0.71972311055985
5.6447459612126	0.71972234106644
5.6373158706281	0.71972156614632
5.6299053145540	0.71972078620373
5.6225142160540	0.71972000164114
5.6151424985952	0.71971921285915
5.6077900860456	0.71971842025638
5.6004569026714	0.71971762422933
5.5931428731343	0.71971682517232
5.5858479224893	0.71971602347731
5.5785719761816	0.71971521953385
5.5713149600446	0.71971441372894
5.5640768002970	0.71971360644693
5.5568574235403	0.71971279806942
5.5496567567568	0.71971198897513
5.5424747273063	0.71971117953983
5.5353112629247	0.71971037013623
5.5281662917204	0.71970956113384
5.5210397421731	0.71970875289892
5.5139315431304	0.71970794579438
5.5068416238060	0.71970714017962
5.4997699137773	0.71970633641051
5.4927163429828	0.71970553483925
5.4856808417200	0.71970473581431
5.4786633406433	0.71970393968027
5.4716637707611	0.71970314677784
5.4646820634342	0.71970235744366
5.4577181503732	0.71970157201029
5.4507719636364	0.71970079080607
5.4438434356274	0.71970001415507
5.4369324990932	0.71969924237701
5.4300390871219	0.71969847578715
5.4231631331404	0.71969771469622
5.4163045709124	0.71969695941037
5.4094633345363	0.71969621023104
5.4026393584430	0.71969546745492
5.3958325773938	0.71969473137390
5.3890429264785	0.71969400227492
5.3822703411131	0.71969328043999
5.3755147570378	0.71969256614605
5.3687761103152	0.71969185966493
5.3620543373278	0.71969116126330
5.3553493747767	0.71969047120258
5.3486611596789	0.71968978973889
5.3419896293656	0.71968911712299
5.3353347214807	0.71968845360021
5.3286963739780	0.71968779941040
5.3220745251198	0.71968715478788
5.3154691134752	0.71968651996137
5.3088800779175	0.71968589515396
5.3023073576229	0.71968528058304
5.2957508920685	0.71968467646026
5.2892106210303	0.71968408299147
5.2826864845815	0.71968350037670
5.2761784230905	0.71968292881010
5.2696863772192	0.71968236847989
5.2632102879213	0.71968181956832
5.2567500964405	0.71968128225168
5.2503057443082	0.71968075670018
5.2438771733427	0.71968024307798
5.2374643256464	0.71967974154313
5.2310671436050	0.71967925224755
5.2246855698850	0.71967877533700
5.2183195474326	0.71967831095103
5.2119690194715	0.71967785922298
5.2056339295016	0.71967742027996
5.1993142212973	0.71967699424279
5.1930098389052	0.71967658122603
5.1867207266436	0.71967618133792
5.1804468290997	0.71967579468037
5.1741880911288	0.71967542134898
5.1679444578521	0.71967506143298
5.1617158746556	0.71967471501525
5.1555022871883	0.71967438217228
5.1493036413604	0.71967406297422
5.1431198833419	0.71967375748479
5.1369509595613	0.71967346576135
5.1307968167037	0.71967318785487
5.1246574017094	0.71967292380990
5.1185326617722	0.71967267366463
5.1124225443383	0.71967243745086
5.1063269971044	0.71967221519398
5.1002459680163	0.71967200691304
5.0941794052676	0.71967181262069
5.0881272572980	0.71967163232325
5.0820894727920	0.71967146602067
5.0760660006773	0.71967131370658
5.0700567901235	0.71967117536830
5.0640617905405	0.71967105098685
5.0580809515775	0.71967094053696
5.0521142231210	0.71967084398710
5.0461615552937	0.71967076129953
5.0402228984533	0.71967069243026
5.0342982031906	0.71967063732914
5.0283874203287	0.71967059593985
5.0224905009214	0.71967056819997
5.0166073962517	0.71967055404094
5.0107380578305	0.71967055338816
5.0048824373957	0.71967056616101
4.9990404869101	0.71967059227287
4.9932121585610	0.71967063163115
4.9873974047579	0.71967068413736
4.9815961781323	0.71967074968715
4.9758084315353	0.71967082817032
4.9700341180371	0.71967091947089
4.9642731909256	0.71967102346715
4.9585256037049	0.71967114003169
4.9527913100942	0.71967126903146
4.9470702640264	0.71967141032785
4.9413624196473	0.71967156377666
4.9356677313138	0.71967172922826
4.9299861535932	0.71967190652757
4.9243176412615	0.71967209551415
4.9186621493027	0.71967229602224
4.9130196329072	0.71967250788085
4.9073900474709	0.71967273091379
4.9017733485939	0.71967296493976
4.8961694920790	0.71967320977240
4.8905784339315	0.71967346522037
4.8850001303569	0.71967373108738
4.8794345377604	0.71967400717233
4.8738816127459	0.71967429326931
4.8683413121143	0.71967458916771
4.8628135928629	0.71967489465230
4.8572984121841	0.71967520950327
4.8517957274640	0.71967553349634
4.8463054962819	0.71967586640283
4.8408276764088	0.71967620798974
4.8353622258065	0.71967655801980
4.8299091026261	0.71967691625162
4.8244682652076	0.71967728243970
4.8190396720784	0.71967765633456
4.8136232819525	0.71967803768281
4.8082190537289	0.71967842622724
4.8028269464915	0.71967882170691
4.7974469195071	0.71967922385724
4.7920789322251	0.71967963241009
4.7867229442759	0.71968004709386
4.7813789154705	0.71968046763359
4.7760468057989	0.71968089375104
4.7707265754297	0.71968132516480
4.7654181847083	0.71968176159037
4.7601215941569	0.71968220274028
4.7548367644726	0.71968264832414
4.7495636565272	0.71968309804881
4.7443022313657	0.71968355161844
4.7390524502055	0.71968400873460
4.7338142744355	0.71968446909639
4.7285876656151	0.71968493240050
4.7233725854735	0.71968539834136
4.7181689959081	0.71968586661124
4.7129768589844	0.71968633690032
4.7077961369347	0.71968680889682
4.7026267921569	0.71968728228714
4.6974687872140	0.71968775675589
4.6923220848333	0.71968823198607
4.6871866479049	0.71968870765915
4.6820624394815	0.71968918345518
4.6769494227769	0.71968965905291
4.6718475611657	0.71969013412988
4.6667568181818	0.71969060836256
4.6616771575183	0.71969108142646
4.6566085430258	0.71969155299620
4.6515509387122	0.71969202274569
4.6465043087415	0.71969249034821
4.6414686174330	0.71969295547649
4.6364438292607	0.71969341780291
4.6314299088522	0.71969387699953
4.6264268209877	0.71969433273826
4.6214345305997	0.71969478469097
4.6164530027718	0.71969523252957
4.6114822027380	0.71969567592617
4.6065220958820	0.71969611455318
4.6015726477360	0.71969654808343
4.5966338239804	0.71969697619028
4.5917055904426	0.71969739854775
4.5867879130967	0.71969781483063
4.5818807580621	0.71969822471461
4.5769840916031	0.71969862787639
4.5720978801281	0.71969902399378
4.5672220901889	0.71969941274587
4.5623566884797	0.71969979381308
4.5575016418364	0.71970016687736
4.5526569172361	0.71970053162221
4.5478224817961	0.71970088773291
4.5429983027731	0.71970123489655
4.5381843475628	0.71970157280217
4.5333805836988	0.71970190114093
4.5285869788520	0.71970221960616
4.5238035008299	0.71970252789350
4.5190301175761	0.71970282570104
4.5142667971691	0.71970311272943
4.5095135078219	0.71970338868195
4.5047702178813	0.71970365326471
4.5000368958271	0.71970390618670
4.4953135102714	0.71970414715993
4.4906000299581	0.71970437589955
4.4858964237618	0.71970459212396
4.4812026606876	0.71970479555493
4.4765187098701	0.71970498591770
4.4718445405728	0.71970516294111
4.4671801221875	0.71970532635770
4.4625254242334	0.71970547590384
4.4578804163569	0.71970561131984
4.4532450683304	0.71970573235003
4.4486193500519	0.71970583874292
4.4440032315446	0.71970593025127
4.4393966829557	0.71970600663222
4.4347996745562	0.71970606764739
4.4302121767401	0.71970611306299
4.4256341600236	0.71970614264994
4.4210655950450	0.71970615618395
4.4165064525633	0.71970615344564
4.4119567034584	0.71970613422067
4.4074163187298	0.71970609829977
4.4028852694963	0.71970604547892
4.3983635269953	0.71970597555943
4.3938510625824	0.71970588834800
4.3893478477306	0.71970578365686
4.3848538540295	0.71970566130388
4.3803690531853	0.71970552111262
4.3758934170194	0.71970536291246
4.3714269174686	0.71970518653867
4.3669695265841	0.71970499183254
4.3625212165309	0.71970477864144
4.3580819595871	0.71970454681890
4.3536517281441	0.71970429622476
4.3492304947048	0.71970402672517
4.3448182318841	0.71970373819277
4.3404149124077	0.71970343050670
4.3360205091119	0.71970310355270
4.3316349949429	0.71970275722324
4.3272583429561	0.71970239141754
4.3228905263158	0.71970200604167
4.3185315182944	0.71970160100865
4.3141812922723	0.71970117623849
4.3098398217366	0.71970073165827
4.3055070802815	0.71970026720225
4.3011830416069	0.71969978281190
4.2968676795184	0.71969927843598
4.2925609679267	0.71969875403060
4.2882628808468	0.71969820955931
4.2839733923978	0.71969764499314
4.2796924768023	0.71969706031068
4.2754201083856	0.71969645549810
4.2711562615757	0.71969583054926
4.2669009109024	0.71969518546575
4.2626540309967	0.71969452025691
4.2584155965909	0.71969383493993
4.2541855825174	0.71969312953986
4.2499639637085	0.71969240408969
4.2457507151961	0.71969165863037
4.2415458121109	0.71969089321087
4.2373492296820	0.71969010788822
4.2331609432364	0.71968930272753
4.2289809281986	0.71968847780206
4.2248091600902	0.71968763319322
4.2206456145291	0.71968676899063
4.2164902672293	0.71968588529213
4.2123430940003	0.71968498220381
4.2082040707468	0.71968405984007
4.2040731734680	0.71968311832358
4.1999503782572	0.71968215778537
4.1958356613016	0.71968117836477
4.1917289988814	0.71968018020952
4.1876303673697	0.71967916347568
4.1835397432319	0.71967812832774
4.1794571030252	0.71967707493855
4.1753824233983	0.71967600348938
4.1713156810909	0.71967491416987
4.1672568529330	0.71967380717809
4.1632059158450	0.71967268272049
4.1591628468368	0.71967154101192
4.1551276230076	0.71967038227562
4.1511002215453	0.71966920674320
4.1470806197261	0.71966801465462
4.1430687949143	0.71966680625822
4.1390647245616	0.71966558181063
4.1350683862069	0.71966434157681
4.1310797574755	0.71966308583000
4.1270988160793	0.71966181485170
4.1231255398157	0.71966052893161
4.1191599065677	0.71965922836765
4.1152018943034	0.71965791346588
4.1112514810752	0.71965658454050
4.1073086450199	0.71965524191377
4.1033733643581	0.71965388591598
4.0994456173937	0.71965251688541
4.0955253825137	0.71965113516827
4.0916126381875	0.71964974111867
4.0877073629670	0.71964833509852
4.0838095354856	0.71964691747750
4.0799191344584	0.71964548863300
4.0760361386812	0.71964404895004
4.0721605270307	0.71964259882119
4.0682922784638	0.71964113864655
4.0644313720174	0.71963966883360
4.0605777868075	0.71963818979719
4.0567315020298	0.71963670195940
4.0528924969582	0.71963520574951
4.0490607509454	0.71963370160387
4.0452362434219	0.71963218996582
4.0414189538959	0.71963067128561
4.0376088619529	0.71962914602027
4.0338059472551	0.71962761463356
4.0300101895416	0.71962607759580
4.0262215686274	0.71962453538382
4.0224400644036	0.71962298848082
4.0186656568365	0.71962143737625
4.0148983259676	0.71961988256570
4.0111380519133	0.71961832455081
4.0073848148643	0.71961676383907
4.0036385950855	0.71961520094378
3.9998993729153	0.71961363638384
3.9961671287657	0.71961207068368
3.9924418431216	0.71961050437307
3.9887234965407	0.71960893798701
3.9850120696531	0.71960737206558
3.9813075431607	0.71960580715376
3.9776098978373	0.71960424380133
3.9739191145281	0.71960268256268
3.9702351741491	0.71960112399665
3.9665580576872	0.71959956866637
3.9628877461996	0.71959801713913
3.9592242208135	0.71959646998614
3.9555674627260	0.71959492778242
3.9519174532033	0.71959339110658
3.9482741735809	0.71959186054066
3.9446376052632	0.71959033666997
3.9410077297226	0.71958882008284
3.9373845285001	0.71958731137047
3.9337679832043	0.71958581112676
3.9301580755113	0.71958431994805
3.9265547871644	0.71958283843296
3.9229580999738	0.71958136718217
3.9193679958164	0.71957990679822
3.9157844566353	0.71957845788529
3.9122074644395	0.71957702104899
3.9086370013038	0.71957559689613
3.9050730493682	0.71957418603451
3.9015155908381	0.71957278907269
3.8979646079834	0.71957140661974
3.8944200831385	0.71957003928503
3.8908819987021	0.71956868767798
3.8873503371369	0.71956735240785
3.8838250809690	0.71956603408343
3.8803062127880	0.71956473331284
3.8767937152463	0.71956345070329
3.8732875710594	0.71956218686078
3.8697877630050	0.71956094238987
3.8662942739231	0.71955971789342
3.8628070867156	0.71955851397229
3.8593261843460	0.71955733122512
3.8558515498392	0.71955617024802
3.8523831662812	0.71955503163432
3.8489210168186	0.71955391597425
3.8454650846588	0.71955282385469
3.8420153530693	0.71955175585889
3.8385718053777	0.71955071256615
3.8351344249712	0.71954969455152
3.8317031952965	0.71954870238557
3.8282780998595	0.71954773663399
3.8248591222251	0.71954679785735
3.8214462460166	0.71954588661079
3.8180394549159	0.71954500344369
3.8146387326632	0.71954414889934
3.8112440630562	0.71954332351467
3.8078554299505	0.71954252781988
3.8044728172589	0.71954176233813
3.8010962089514	0.71954102758524
3.7977255890550	0.71954032406931
3.7943609416530	0.71953965229042
3.7910022508852	0.71953901274027
3.7876495009476	0.71953840590185
3.7843026760919	0.71953783224909
3.7809617606256	0.71953729224652
3.7776267389113	0.71953678634892
3.7742975953670	0.71953631500092
3.7709743144654	0.71953587863671
3.7676568807339	0.71953547767963
3.7643452787544	0.71953511254183
3.7610394931627	0.71953478362388
3.7577395086488	0.71953449131443
3.7544453099562	0.71953423598979
3.7511568818819	0.71953401801362
3.7478742092762	0.71953383773646
3.7445972770422	0.71953369549543
3.7413260701360	0.71953359161380
3.7380605735661	0.71953352640060
3.7348007723932	0.71953350015024
3.7315466517301	0.71953351314213
3.7282981967417	0.71953356564023
3.7250553926441	0.71953365789270
3.7218182247052	0.71953379013147
3.7185866782436	0.71953396257184
3.7153607386293	0.71953417541206
3.7121403912828	0.71953442883295
3.7089256216751	0.71953472299742
3.7057164153276	0.71953505805014
3.7025127578115	0.71953543411701
3.6993146347483	0.71953585130486
3.6961220318087	0.71953630970090
3.6929349347130	0.71953680937239
3.6897533292308	0.71953735036615
3.6865772011805	0.71953793270815
3.6834065364295	0.71953855640306
3.6802413208937	0.71953922143382
3.6770815405372	0.71953992776120
3.6739271813725	0.71954067532334
3.6707782294600	0.71954146403532
3.6676346709078	0.71954229378870
3.6644964918714	0.71954316445109
3.6613636785540	0.71954407586565
3.6582362172056	0.71954502785068
3.6551140941234	0.71954602019915
3.6519972956511	0.71954705267822
3.6488858081792	0.71954812502880
3.6457796181442	0.71954923696508
3.6426787120292	0.71955038817406
3.6395830763628	0.71955157831507
3.6364926977196	0.71955280701933
3.6334075627197	0.71955407388943
3.6303276580286	0.71955537849892
3.6272529703569	0.71955672039178
3.6241834864603	0.71955809908195
3.6211191931393	0.71955951405287
3.6180600772387	0.71956096475699
3.6150061256481	0.71956245061528
3.6119573253012	0.71956397101676
3.6089136631756	0.71956552531799
3.6058751262930	0.71956711284261
3.6028417017185	0.71956873288081
3.5998133765610	0.71957038468891
3.5967901379724	0.71957206748879
3.5937719731479	0.71957378046743
3.5907588693257	0.71957552277643
3.5877508137865	0.71957729353150
3.5847477938539	0.71957909181196
3.5817497968937	0.71958091666023
3.5787568103140	0.71958276708137
3.5757688215649	0.71958464204253
3.5727858181385	0.71958654047250
3.5698077875685	0.71958846126117
3.5668347174301	0.71959040325904
3.5638665953400	0.71959236527671
3.5609034089559	0.71959434608439
3.5579451459767	0.71959634441139
3.5549917941421	0.71959835894561
3.5520433412322	0.71960038833302
3.5490997750681	0.71960243117720
3.5461610835108	0.71960448603877
3.5432272544616	0.71960655143493
3.5402982758621	0.71960862583896
3.5373741356932	0.71961070767964
3.5344548219759	0.71961279534085
3.5315403227706	0.71961488716096
3.5286306261770	0.71961698143238
3.5257257203340	0.71961907640106
3.5228255934195	0.71962117026594
3.5199302336503	0.71962326117846
3.5170396292820	0.71962534724208
3.5141537686086	0.71962742651173
3.5112726399625	0.71962949699333
3.5083962317145	0.71963155664328
3.5055245322732	0.71963360336795
3.5026575300853	0.71963563502320
3.4997952136353	0.71963764941380
3.4969375714452	0.71963964429304
3.4940845920746	0.71964161736214
3.4912362641202	0.71964356626976
3.4883925762160	0.71964548861156
3.4855535170329	0.71964738192961
3.4827190752788	0.71964924371197
3.4798892396982	0.71965107139215
3.4770639990721	0.71965286234862
3.4742433422181	0.71965461390434
3.4714272579898	0.71965632332622
3.4686157352771	0.71965798782469
3.4658087630058	0.71965960455314
3.4630063301375	0.71966117060750
3.4602084256694	0.71966268302571
3.4574150386345	0.71966413878725
3.4546261581009	0.71966553481266
3.4518417731721	0.71966686796304
3.4490618729867	0.71966813503961
3.4462864467180	0.71966933278320
3.4435154835745	0.71967045787380
3.4407489727993	0.71967150693005
3.4379869036697	0.71967247650884
3.4352292654979	0.71967336310476
3.4324760476300	0.71967416314971
3.4297272394463	0.71967487301240
3.4269828303612	0.71967548899789
3.4242428098230	0.71967600734717
3.4215071673134	0.71967642423666
3.4187758923480	0.71967673577779
3.4160489744758	0.71967693801657
3.4133264032791	0.71967702693310
3.4106081683732	0.71967699844119
3.4078942594066	0.71967684838788
3.4051846660609	0.71967657255302
3.4024793780502	0.71967616664884
3.3997783851213	0.71967562631955
3.3970816770538	0.71967494714091
3.3943892436594	0.71967412461977
3.3917010747822	0.71967315419372
3.3890171602984	0.71967203123065
3.3863374901163	0.71967075102837
3.3836620541761	0.71966930881417
3.3809908424495	0.71966769974448
3.3783238449403	0.71966591890441
3.3756610516834	0.71966396130745
3.3730024527453	0.71966182189502
3.3703480382237	0.71965949553613
3.3676977982476	0.71965697702701
3.3650517229768	0.71965426109073
3.3624098026021	0.71965134237684
3.3597720273451	0.71964821546104
3.3571383874580	0.71964487484480
3.3545088732237	0.71964131495504
3.3518834749553	0.71963753014379
3.3492621829963	0.71963351468786
3.3466449877205	0.71962926278848
3.3440318795315	0.71962476857103
3.3414228488631	0.71962002608472
3.3388178861789	0.71961502930224
3.3362169819720	0.71960977211952
3.3336201267653	0.71960424835537
3.3310273111111	0.71959845175125
