#Parameters = {thARC=0.6; nARC=1.25; thsub=1; p=1; nSub=3.25}
#"Wavelength / um"	"T (496) [Real Part]"
#---------------------------------------
14.989622900000	0.73228365726988
14.937342202292	0.73239747448802
14.885424925521	0.73251078434924
14.833867293419	0.73262359797467
14.782665581854	0.73273592641053
14.731816117936	0.73284778062781
14.681315279138	0.73295917152182
14.631159492435	0.73307010991191
14.581345233463	0.73318060654115
14.531869025691	0.73329067207590
14.482727439614	0.73340031710564
14.433917091960	0.73350955214256
14.385434644914	0.73361838762132
14.337276805356	0.73372683389876
14.289440324118	0.73383490125365
14.241921995249	0.73394259988642
14.194718655303	0.73404993991893
14.147827182633	0.73415693139424
14.101244496707	0.73426358427638
14.054967557431	0.73436990845015
14.008993364486	0.73447591372094
13.963318956684	0.73458160981452
13.917941411328	0.73468700637686
13.872857843591	0.73479211297400
13.828065405904	0.73489693909190
13.783561287356	0.73500149413623
13.739342713107	0.73510578743234
13.695406943810	0.73520982822505
13.651751275046	0.73531362567860
13.608373036768	0.73541718887653
13.565269592760	0.73552052682156
13.522438340099	0.73562364843558
13.479876708633	0.73572656255953
13.437582160466	0.73582927795334
13.395552189455	0.73593180329589
13.353784320713	0.73603414718501
13.312276110124	0.73613631813737
13.271025143869	0.73623832458852
13.230029037952	0.73634017489288
13.189285437747	0.73644187732372
13.148792017544	0.73654344007312
13.108546480105	0.73664487125211
13.068546556234	0.73674617889057
13.028790004346	0.73684737093734
12.989274610052	0.73694845526023
12.949998185745	0.73704943964611
12.910958570198	0.73715033180090
12.872153628167	0.73725113934973
12.833581250000	0.73735186983694
12.795239351259	0.73745253072624
12.757125872340	0.73755312940071
12.719238778108	0.73765367316302
12.681576057530	0.73775416923542
12.644135723323	0.73785462475997
12.606915811606	0.73795504679858
12.569914381551	0.73805544233319
12.533129515050	0.73815581826592
12.496559316382	0.73825618141917
12.460201911887	0.73835653853584
12.424055449648	0.73845689627944
12.388118099174	0.73855726123431
12.352388051092	0.73865763990575
12.316863516845	0.73875803872025
12.281542728390	0.73885846402566
12.246423937908	0.73895892209139
12.211505417515	0.73905941910863
12.176785458976	0.73915996119055
12.142262373431	0.73926055437251
12.107934491115	0.73936120461234
12.073800161095	0.73946191779050
12.039857751004	0.73956269971035
12.006105646776	0.73966355609842
11.972542252396	0.73976449260464
11.939165989646	0.73986551480257
11.905975297855	0.73996662818972
11.872968633663	0.74006783818777
11.840144470774	0.74016915014288
11.807501299724	0.74027056932595
11.775037627651	0.74037210093289
11.742751978065	0.74047375008495
11.710642890625	0.74057552182901
11.678708920919	0.74067742113784
11.646948640249	0.74077945291047
11.615360635413	0.74088162197243
11.583943508501	0.74098393307615
11.552695876686	0.74108639090121
11.521616372022	0.74118900005470
11.490703641242	0.74129176507154
11.459956345566	0.74139469041485
11.429373160503	0.74149778047623
11.398952775665	0.74160103957615
11.368693894577	0.74170447196430
11.338595234493	0.74180808181991
11.308655526217	0.74191187325214
11.278873513920	0.74201585030044
11.249247954972	0.74212001693489
11.219777619760	0.74222437705658
11.190461291527	0.74232893449801
11.161297766195	0.74243369302345
11.132285852209	0.74253865632930
11.103424370370	0.74264382804450
11.074712153676	0.74274921173091
11.046148047163	0.74285481088371
11.017730907755	0.74296062893178
10.989459604106	0.74306666923811
10.961333016453	0.74317293510019
10.933350036470	0.74327942975045
10.905509567115	0.74338615635659
10.877810522496	0.74349311802209
10.850251827723	0.74360031778654
10.822832418773	0.74370775862610
10.795551242348	0.74381544345392
10.768407255747	0.74392337512052
10.741399426729	0.74403155641428
10.714526733381	0.74413999006181
10.687788163993	0.74424867872840
10.661182716927	0.74435762501846
10.634709400497	0.74446683147592
10.608367232838	0.74457630058474
10.582155241793	0.74468603476924
10.556072464789	0.74479603639464
10.530117948718	0.74490630776745
10.504290749825	0.74501685113591
10.478589933590	0.74512766869048
10.453014574616	0.74523876256422
10.427563756522	0.74535013483331
10.402236571825	0.74546178751745
10.377032121841	0.74557372258034
10.351949516575	0.74568594193013
10.326987874612	0.74579844741984
10.302146323024	0.74591124084790
10.277423997257	0.74602432395850
10.252820041040	0.74613769844214
10.228333606278	0.74625136593605
10.203963852961	0.74636532802465
10.179709949066	0.74647958624003
10.155571070461	0.74659414206240
10.131546400811	0.74670899692055
10.107635131490	0.74682415219234
10.083836461487	0.74693960920515
10.060149597315	0.74705536923634
10.036573752929	0.74717143351373
10.013108149633	0.74728780321607
9.9897520159947	0.74740447947351
9.9665045877660	0.74752146336804
9.9433651077944	0.74763875593402
9.9203328259431	0.74775635815858
9.8974069990096	0.74787427098216
9.8745868906456	0.74799249529893
9.8518717712783	0.74811103195728
9.8292609180328	0.74822988176028
9.8067536146549	0.74834904546620
9.7843491514360	0.74846852378891
9.7620468251384	0.74858831739840
9.7398459389214	0.74870842692125
9.7177458022690	0.74882885294106
9.6957457309185	0.74894959599900
9.6738450467893	0.74907065659418
9.6520430779137	0.74919203518424
9.6303391583681	0.74931373218569
9.6087326282051	0.74943574797451
9.5872228333866	0.74955808288652
9.5658091257179	0.74968073721790
9.5444908627826	0.74980371122564
9.5232674078780	0.74992700512805
9.5021381299525	0.75005061910516
9.4811024035421	0.75017455329924
9.4601596087094	0.75029880781525
9.4393091309824	0.75042338272132
9.4185503612944	0.75054827804917
9.3978826959248	0.75067349379466
9.3773055364404	0.75079902991816
9.3568182896380	0.75092488634507
9.3364203674868	0.75105106296628
9.3161111870727	0.75117755963862
9.2958901705426	0.75130437618531
9.2757567450495	0.75143151239643
9.2557103426984	0.75155896802939
9.2357504004929	0.75168674280938
9.2158763602828	0.75181483642981
9.1960876687117	0.75194324855277
9.1763837771656	0.75207197880952
9.1567641417227	0.75220102680090
9.1372282231027	0.75233039209777
9.1177754866180	0.75246007424153
9.0984054021244	0.75259007274448
9.0791174439733	0.75272038709034
9.0599110909640	0.75285101673465
9.0407858262967	0.75298196110522
9.0217411375263	0.75311321960261
9.0027765165165	0.75324479160051
8.9838914593947	0.75337667644622
8.9650854665072	0.75350887346109
8.9463580423754	0.75364138194094
8.9277086956522	0.75377420115648
8.9091369390788	0.75390733035378
8.8906422894425	0.75404076875467
8.8722242675348	0.75417451555719
8.8538823981099	0.75430856993599
8.8356162098438	0.75444293104279
8.8174252352941	0.75457759800677
8.7993090108600	0.75471256993500
8.7812670767428	0.75484784591288
8.7632989769073	0.75498342500454
8.7454042590432	0.75511930625324
8.7275824745269	0.75525548868182
8.7098331783847	0.75539197129307
8.6921559292549	0.75552875307018
8.6745502893519	0.75566583297710
8.6570158244297	0.75580320995900
8.6395521037464	0.75594088294262
8.6221587000288	0.75607885083670
8.6048351894374	0.75621711253237
8.5875811515325	0.75635566690354
8.5703961692396	0.75649451280731
8.5532798288160	0.75663364908433
8.5362317198178	0.75677307455924
8.5192514350668	0.75691278804098
8.5023385706183	0.75705278832325
8.4854927257288	0.75719307418485
8.4687135028249	0.75733364439006
8.4520005074711	0.75747449768904
8.4353533483399	0.75761563281817
8.4187716371806	0.75775704850045
8.4022549887892	0.75789874344584
8.3858030209790	0.75804071635166
8.3694153545505	0.75818296590293
8.3530916132627	0.75832549077274
8.3368314238042	0.75846828962260
8.3206344157646	0.75861136110281
8.3045002216066	0.75875470385279
8.2884284766381	0.75889831650145
8.2724188189845	0.75904219766754
8.2564708895621	0.75918634595997
8.2405843320506	0.75933075997819
8.2247587928669	0.75947543831248
8.2089939211391	0.75962037954434
8.1932893686800	0.75976558224677
8.1776447899618	0.75991104498464
8.1620598420909	0.76005676631503
8.1465341847826	0.76020274478749
8.1310674803363	0.76034897894442
8.1156593936113	0.76049546732138
8.1003095920022	0.76064220844740
8.0850177454153	0.76078920084527
8.0697835262450	0.76093644303189
8.0546066093498	0.76108393351856
8.0394866720300	0.76123167081127
8.0244233940043	0.76137965341105
8.0094164573871	0.76152787981420
7.9944655466667	0.76167634851263
7.9795703486825	0.76182505799415
7.9647305526036	0.76197400674275
7.9499458499072	0.76212319323889
7.9352159343568	0.76227261595978
7.9205405019815	0.76242227337967
7.9059192510549	0.76257216397011
7.8913518820742	0.76272228620025
7.8768380977404	0.76287263853709
7.8623776029373	0.76302321944574
7.8479701047120	0.76317402738972
7.8336153122550	0.76332506083119
7.8193129368805	0.76347631823123
7.8050626920073	0.76362779805008
7.7908642931393	0.76377949874739
7.7767174578470	0.76393141878251
7.7626219057483	0.76408355661465
7.7485773584906	0.76423591070323
7.7345835397317	0.76438847950803
7.7206401751223	0.76454126148950
7.7067469922879	0.76469425510891
7.6929037208109	0.76484745882868
7.6791100922131	0.76500087111251
7.6653658399386	0.76515449042567
7.6516706993364	0.76530831523520
7.6380244076433	0.76546234401014
7.6244267039674	0.76561657522169
7.6108773292714	0.76577100734351
7.5973760263558	0.76592563885185
7.5839225398432	0.76608046822580
7.5705166161616	0.76623549394747
7.5571580035291	0.76639071450220
7.5438464519376	0.76654612837874
7.5305817131374	0.76670173406948
7.5173635406219	0.76685753007059
7.5041916896120	0.76701351488221
7.4910659170415	0.76716968700869
7.4779859815415	0.76732604495870
7.4649516434263	0.76748258724544
7.4519626646781	0.76763931238680
7.4390188089330	0.76779621890556
7.4261198414664	0.76795330532950
7.4132655291790	0.76811057019162
7.4004556405826	0.76826801203027
7.3876899457861	0.76842562938929
7.3749682164822	0.76858342081822
7.3622902259332	0.76874138487239
7.3496557489581	0.76889952011310
7.3370645619187	0.76905782510775
7.3245164427071	0.76921629843000
7.3120111707317	0.76937493865989
7.2995485269053	0.76953374438397
7.2871282936315	0.76969271419544
7.2747502547925	0.76985184669429
7.2624141957364	0.77001114048740
7.2501199032648	0.77017059418869
7.2378671656205	0.77033020641919
7.2256557724753	0.77048997580723
7.2134855149182	0.77064990098848
7.2013561854432	0.77080998060609
7.1892675779376	0.77097021331083
7.1772194876706	0.77113059776111
7.1652117112811	0.77129113262316
7.1532440467669	0.77145181657108
7.1413162934731	0.77161264828697
7.1294282520809	0.77177362646097
7.1175797245964	0.77193474979140
7.1057705143399	0.77209601698482
7.0940004259347	0.77225742675609
7.0822692652965	0.77241897782851
7.0705768396226	0.77258066893381
7.0589229573817	0.77274249881232
7.0473074283028	0.77290446621296
7.0357300633654	0.77306656989333
7.0241906747891	0.77322880861981
7.0126890760234	0.77339118116755
7.0012250817375	0.77355368632060
6.9897985078107	0.77371632287192
6.9784091713222	0.77387908962345
6.9670568905415	0.77404198538615
6.9557414849188	0.77420500898005
6.9444627750753	0.77436815923429
6.9332205827937	0.77453143498716
6.9220147310090	0.77469483508617
6.9108450437990	0.77485835838801
6.8997113463751	0.77502200375867
6.8886134650735	0.77518577007341
6.8775512273457	0.77534965621679
6.8665244617499	0.77551366108274
6.8555329979419	0.77567778357451
6.8445766666667	0.77584202260476
6.8336552997493	0.77600637709553
6.8227687300865	0.77617084597825
6.8119167916383	0.77633542819381
6.8010993194192	0.77650012269246
6.7903161494904	0.77666492843394
6.7795671189507	0.77682984438738
6.7688520659291	0.77699486953135
6.7581708295762	0.77716000285386
6.7475232500563	0.77732524335234
6.7369091685393	0.77749059003361
6.7263284271932	0.77765604191392
6.7157808691756	0.77782159801892
6.7052663386267	0.77798725738360
6.6947846806610	0.77815301905234
6.6843357413601	0.77831888207885
6.6739193677649	0.77848484552616
6.6635354078684	0.77865090846657
6.6531837106081	0.77881706998167
6.6428641258586	0.77898332916228
6.6325765044248	0.77914968510841
6.6223206980340	0.77931613692925
6.6120965593295	0.77948268374311
6.6019039418630	0.77964932467741
6.5917427000879	0.77981605886861
6.5816126893524	0.77998288546219
6.5715137658922	0.78014980361258
6.5614457868243	0.78031681248314
6.5514086101399	0.78048391124608
6.5414020946978	0.78065109908246
6.5314261002179	0.78081837518206
6.5214804872743	0.78098573874340
6.5115651172893	0.78115318897363
6.5016798525266	0.78132072508849
6.4918245560849	0.78148834631227
6.4819990918919	0.78165605187768
6.4722033246978	0.78182384102588
6.4624371200690	0.78199171300632
6.4527003443823	0.78215966707672
6.4429928648184	0.78232770250301
6.4333145493562	0.78249581855922
6.4236652667667	0.78266401452743
6.4140448866068	0.78283228969767
6.4044532792138	0.78300064336788
6.3948903156997	0.78316907484380
6.3853558679446	0.78333758343889
6.3758498085921	0.78350616847425
6.3663720110427	0.78367482927856
6.3569223494487	0.78384356518794
6.3475006987084	0.78401237554591
6.3381069344609	0.78418125970330
6.3287409330800	0.78435021701810
6.3194025716695	0.78451924685546
6.3100917280572	0.78468834858750
6.3008082807902	0.78485752159329
6.2915521091291	0.78502676525872
6.2823230930427	0.78519607897638
6.2731211132036	0.78536546214552
6.2639460509820	0.78553491417189
6.2547977884415	0.78570443446767
6.2456762083333	0.78587402245136
6.2365811940919	0.78604367754766
6.2275126298297	0.78621339918740
6.2184704003319	0.78638318680740
6.2094543910522	0.78655303985036
6.2004644881075	0.78672295776478
6.1915005782734	0.78689294000482
6.1825625489792	0.78706298603021
6.1736502883031	0.78723309530613
6.1647636849681	0.78740326730307
6.1559026283368	0.78757350149678
6.1470670084068	0.78774379736807
6.1382567158067	0.78791415440278
6.1294716417910	0.78808457209159
6.1207116782360	0.78825504992993
6.1119767176351	0.78842558741790
6.1032666530945	0.78859618406008
6.0945813783289	0.78876683936544
6.0859207876573	0.78893755284725
6.0772847759984	0.78910832402292
6.0686732388664	0.78927915241386
6.0600860723671	0.78945003754542
6.0515231731934	0.78962097894672
6.0429844386212	0.78979197615052
6.0344697665056	0.78996302869313
6.0259790552764	0.79013413611425
6.0175122039342	0.79030529795687
6.0090691120465	0.79047651376714
6.0006496797438	0.79064778309420
5.9922538077154	0.79081910549014
5.9838813972056	0.79099048050977
5.9755323500100	0.79116190771058
5.9672065684713	0.79133338665256
5.9589039554760	0.79150491689807
5.9506244144502	0.79167649801176
5.9423678493558	0.79184812956037
5.9341341646873	0.79201981111268
5.9259232654675	0.79219154223929
5.9177350572444	0.79236332251258
5.9095694460871	0.79253515150651
5.9014263385827	0.79270702879655
5.8933056418321	0.79287895395948
5.8852072634472	0.79305092657333
5.8771311115468	0.79322294621722
5.8690770947533	0.79339501247120
5.8610451221896	0.79356712491617
5.8530351034752	0.79373928313374
5.8450469487229	0.79391148670607
5.8370805685358	0.79408373521577
5.8291358740035	0.79425602824576
5.8212127766990	0.79442836537914
5.8133111886756	0.79460074619907
5.8054310224632	0.79477317028864
5.7975721910656	0.79494563723070
5.7897346079567	0.79511814660783
5.7819181870781	0.79529069800208
5.7741228428351	0.79546329099498
5.7663484900942	0.79563592516731
5.7585950441798	0.79580860009901
5.7508624208709	0.79598131536907
5.7431505363985	0.79615407055537
5.7354593074421	0.79632686523459
5.7277886511272	0.79649969898206
5.7201384850219	0.79667257137166
5.7125087271341	0.79684548197567
5.7048992959087	0.79701843036464
5.6973101102242	0.79719141610733
5.6897410893908	0.79736443877052
5.6821921531463	0.79753749791891
5.6746632216544	0.79771059311502
5.6671542155009	0.79788372391905
5.6596650556919	0.79805688988877
5.6521956636501	0.79823009057940
5.6447459612126	0.79840332554348
5.6373158706281	0.79857659433079
5.6299053145540	0.79874989648819
5.6225142160540	0.79892323155955
5.6151424985952	0.79909659908559
5.6077900860456	0.79926999860381
5.6004569026714	0.79944342964834
5.5931428731343	0.79961689174989
5.5858479224893	0.79979038443555
5.5785719761816	0.79996390722878
5.5713149600446	0.80013745964921
5.5640768002970	0.80031104121262
5.5568574235403	0.80048465143075
5.5496567567568	0.80065828981129
5.5424747273063	0.80083195585768
5.5353112629247	0.80100564906909
5.5281662917204	0.80117936894025
5.5210397421731	0.80135311496142
5.5139315431304	0.80152688661824
5.5068416238060	0.80170068339164
5.4997699137773	0.80187450475778
5.4927163429828	0.80204835018791
5.4856808417200	0.80222221914829
5.4786633406433	0.80239611110014
5.4716637707611	0.80257002549948
5.4646820634342	0.80274396179709
5.4577181503732	0.80291791943842
5.4507719636364	0.80309189786347
5.4438434356274	0.80326589650676
5.4369324990932	0.80343991479717
5.4300390871219	0.80361395215795
5.4231631331404	0.80378800800656
5.4163045709124	0.80396208175464
5.4094633345363	0.80413617280792
5.4026393584430	0.80431028056612
5.3958325773938	0.80448440442293
5.3890429264785	0.80465854376587
5.3822703411131	0.80483269797628
5.3755147570378	0.80500686642921
5.3687761103152	0.80518104849336
5.3620543373278	0.80535524353105
5.3553493747767	0.80552945089809
5.3486611596789	0.80570366994378
5.3419896293656	0.80587790001079
5.3353347214807	0.80605214043517
5.3286963739780	0.80622639054623
5.3220745251198	0.80640064966651
5.3154691134752	0.80657491711173
5.3088800779175	0.80674919219073
5.3023073576229	0.80692347420541
5.2957508920685	0.80709776245069
5.2892106210303	0.80727205621449
5.2826864845815	0.80744635477764
5.2761784230905	0.80762065741383
5.2696863772192	0.80779496338964
5.2632102879213	0.80796927196441
5.2567500964405	0.80814358239026
5.2503057443082	0.80831789391205
5.2438771733427	0.80849220576731
5.2374643256464	0.80866651718624
5.2310671436050	0.80884082739166
5.2246855698850	0.80901513559900
5.2183195474326	0.80918944101627
5.2119690194715	0.80936374284400
5.2056339295016	0.80953804027526
5.1993142212973	0.80971233249562
5.1930098389052	0.80988661868313
5.1867207266436	0.81006089800830
5.1804468290997	0.81023516963411
5.1741880911288	0.81040943271595
5.1679444578521	0.81058368640163
5.1617158746556	0.81075792983140
5.1555022871883	0.81093216213789
5.1493036413604	0.81110638244613
5.1431198833419	0.81128058987355
5.1369509595613	0.81145478352998
5.1307968167037	0.81162896251763
5.1246574017094	0.81180312593110
5.1185326617722	0.81197727285739
5.1124225443383	0.81215140237591
5.1063269971044	0.81232551355847
5.1002459680163	0.81249960546931
5.0941794052676	0.81267367716507
5.0881272572980	0.81284772769488
5.0820894727920	0.81302175610028
5.0760660006773	0.81319576141533
5.0700567901235	0.81336974266656
5.0640617905405	0.81354369887302
5.0580809515775	0.81371762904631
5.0521142231210	0.81389153219057
5.0461615552937	0.81406540730255
5.0402228984533	0.81423925337164
5.0342982031906	0.81441306937984
5.0283874203287	0.81458685430185
5.0224905009214	0.81476060710511
5.0166073962517	0.81493432674980
5.0107380578305	0.81510801218888
5.0048824373957	0.81528166236816
4.9990404869101	0.81545527622634
4.9932121585610	0.81562885269501
4.9873974047579	0.81580239069876
4.9815961781323	0.81597588915517
4.9758084315353	0.81614934697492
4.9700341180371	0.81632276306176
4.9642731909256	0.81649613631266
4.9585256037049	0.81666946561778
4.9527913100942	0.81684274986059
4.9470702640264	0.81701598791790
4.9413624196473	0.81718917865992
4.9356677313138	0.81736232095033
4.9299861535932	0.81753541364635
4.9243176412615	0.81770845559878
4.9186621493027	0.81788144565211
4.9130196329072	0.81805438264458
4.9073900474709	0.81822726540820
4.9017733485939	0.81840009276890
4.8961694920790	0.81857286354656
4.8905784339315	0.81874557655510
4.8850001303569	0.81891823060254
4.8794345377604	0.81909082449113
4.8738816127459	0.81926335701736
4.8683413121143	0.81943582697212
4.8628135928629	0.81960823314073
4.8572984121841	0.81978057430304
4.8517957274640	0.81995284923355
4.8463054962819	0.82012505670146
4.8408276764088	0.82029719547078
4.8353622258065	0.82046926430042
4.8299091026261	0.82064126194429
4.8244682652076	0.82081318715140
4.8190396720784	0.82098503866596
4.8136232819525	0.82115681522745
4.8082190537289	0.82132851557076
4.8028269464915	0.82150013842627
4.7974469195071	0.82167168251999
4.7920789322251	0.82184314657359
4.7867229442759	0.82201452930459
4.7813789154705	0.82218582942643
4.7760468057989	0.82235704564857
4.7707265754297	0.82252817667663
4.7654181847083	0.82269922121248
4.7601215941569	0.82287017795436
4.7548367644726	0.82304104559700
4.7495636565272	0.82321182283175
4.7443022313657	0.82338250834664
4.7390524502055	0.82355310082659
4.7338142744355	0.82372359895346
4.7285876656151	0.82389400140617
4.7233725854735	0.82406430686089
4.7181689959081	0.82423451399108
4.7129768589844	0.82440462146768
4.7077961369347	0.82457462795918
4.7026267921569	0.82474453213182
4.6974687872140	0.82491433264963
4.6923220848333	0.82508402817463
4.6871866479049	0.82525361736692
4.6820624394815	0.82542309888484
4.6769494227769	0.82559247138507
4.6718475611657	0.82576173352278
4.6667568181818	0.82593088395178
4.6616771575183	0.82609992132461
4.6566085430258	0.82626884429272
4.6515509387122	0.82643765150657
4.6465043087415	0.82660634161582
4.6414686174330	0.82677491326939
4.6364438292607	0.82694336511565
4.6314299088522	0.82711169580258
4.6264268209877	0.82727990397783
4.6214345305997	0.82744798828894
4.6164530027718	0.82761594738345
4.6114822027380	0.82778377990900
4.6065220958820	0.82795148451357
4.6015726477360	0.82811905984550
4.5966338239804	0.82828650455376
4.5917055904426	0.82845381728797
4.5867879130967	0.82862099669863
4.5818807580621	0.82878804143723
4.5769840916031	0.82895495015641
4.5720978801281	0.82912172151007
4.5672220901889	0.82928835415356
4.5623566884797	0.82945484674377
4.5575016418364	0.82962119793935
4.5526569172361	0.82978740640078
4.5478224817961	0.82995347079055
4.5429983027731	0.83011938977331
4.5381843475628	0.83028516201600
4.5333805836988	0.83045078618801
4.5285869788520	0.83061626096131
4.5238035008299	0.83078158501059
4.5190301175761	0.83094675701343
4.5142667971691	0.83111177565045
4.5095135078219	0.83127663960539
4.5047702178813	0.83144134756533
4.5000368958271	0.83160589822081
4.4953135102714	0.83177029026595
4.4906000299581	0.83193452239861
4.4858964237618	0.83209859332054
4.4812026606876	0.83226250173753
4.4765187098701	0.83242624635952
4.4718445405728	0.83258982590076
4.4671801221875	0.83275323907997
4.4625254242334	0.83291648462044
4.4578804163569	0.83307956125021
4.4532450683304	0.83324246770219
4.4486193500519	0.83340520271428
4.4440032315446	0.83356776502955
4.4393966829557	0.83373015339636
4.4347996745562	0.83389236656847
4.4302121767401	0.83405440330521
4.4256341600236	0.83421626237160
4.4210655950450	0.83437794253850
4.4165064525633	0.83453944258270
4.4119567034584	0.83470076128712
4.4074163187298	0.83486189744086
4.4028852694963	0.83502284983941
4.3983635269953	0.83518361728471
4.3938510625824	0.83534419858533
4.3893478477306	0.83550459255656
4.3848538540295	0.83566479802056
4.3803690531853	0.83582481380647
4.3758934170194	0.83598463875053
4.3714269174686	0.83614427169622
4.3669695265841	0.83630371149436
4.3625212165309	0.83646295700322
4.3580819595871	0.83662200708870
4.3536517281441	0.83678086062434
4.3492304947048	0.83693951649152
4.3448182318841	0.83709797357956
4.3404149124077	0.83725623078579
4.3360205091119	0.83741428701569
4.3316349949429	0.83757214118298
4.3272583429561	0.83772979220978
4.3228905263158	0.83788723902661
4.3185315182944	0.83804448057260
4.3141812922723	0.83820151579553
4.3098398217366	0.83835834365192
4.3055070802815	0.83851496310717
4.3011830416069	0.83867137313562
4.2968676795184	0.83882757272067
4.2925609679267	0.83898356085482
4.2882628808468	0.83913933653983
4.2839733923978	0.83929489878674
4.2796924768023	0.83945024661598
4.2754201083856	0.83960537905748
4.2711562615757	0.83976029515069
4.2669009109024	0.83991499394470
4.2626540309967	0.84006947449831
4.2584155965909	0.84022373588007
4.2541855825174	0.84037777716841
4.2499639637085	0.84053159745165
4.2457507151961	0.84068519582808
4.2415458121109	0.84083857140604
4.2373492296820	0.84099172330396
4.2331609432364	0.84114465065043
4.2289809281986	0.84129735258426
4.2248091600902	0.84144982825449
4.2206456145291	0.84160207682049
4.2164902672293	0.84175409745199
4.2123430940003	0.84190588932911
4.2082040707468	0.84205745164239
4.2040731734680	0.84220878359289
4.1999503782572	0.84235988439213
4.1958356613016	0.84251075326222
4.1917289988814	0.84266138943580
4.1876303673697	0.84281179215614
4.1835397432319	0.84296196067710
4.1794571030252	0.84311189426319
4.1753824233983	0.84326159218959
4.1713156810909	0.84341105374212
4.1672568529330	0.84356027821729
4.1632059158450	0.84370926492231
4.1591628468368	0.84385801317503
4.1551276230076	0.84400652230405
4.1511002215453	0.84415479164859
4.1470806197261	0.84430282055860
4.1430687949143	0.84445060839466
4.1390647245616	0.84459815452802
4.1350683862069	0.84474545834057
4.1310797574755	0.84489251922479
4.1270988160793	0.84503933658377
4.1231255398157	0.84518590983117
4.1191599065677	0.84533223839117
4.1152018943034	0.84547832169843
4.1112514810752	0.84562415919810
4.1073086450199	0.84576975034572
4.1033733643581	0.84591509460720
4.0994456173937	0.84606019145880
4.0955253825137	0.84620504038699
4.0916126381875	0.84634964088850
4.0877073629670	0.84649399247016
4.0838095354856	0.84663809464892
4.0799191344584	0.84678194695171
4.0760361386812	0.84692554891541
4.0721605270307	0.84706890008677
4.0682922784638	0.84721200002229
4.0644313720174	0.84735484828820
4.0605777868075	0.84749744446030
4.0567315020298	0.84763978812391
4.0528924969582	0.84778187887378
4.0490607509454	0.84792371631396
4.0452362434219	0.84806530005769
4.0414189538959	0.84820662972732
4.0376088619529	0.84834770495420
4.0338059472551	0.84848852537849
4.0300101895416	0.84862909064915
4.0262215686274	0.84876940042371
4.0224400644036	0.84890945436820
4.0186656568365	0.84904925215699
4.0148983259676	0.84918879347265
4.0111380519133	0.84932807800582
4.0073848148643	0.84946710545506
4.0036385950855	0.84960587552667
3.9998993729153	0.84974438793457
3.9961671287657	0.84988264240011
3.9924418431216	0.85002063865191
3.9887234965407	0.85015837642570
3.9850120696531	0.85029585546415
3.9813075431607	0.85043307551664
3.9776098978373	0.85057003633915
3.9739191145281	0.85070673769402
3.9702351741491	0.85084317934976
3.9665580576872	0.85097936108089
3.9628877461996	0.85111528266768
3.9592242208135	0.85125094389599
3.9555674627260	0.85138634455704
3.9519174532033	0.85152148444719
3.9482741735809	0.85165636336772
3.9446376052632	0.85179098112461
3.9410077297226	0.85192533752831
3.9373845285001	0.85205943239351
3.9337679832043	0.85219326553886
3.9301580755113	0.85232683678681
3.9265547871644	0.85246014596326
3.9229580999738	0.85259319289738
3.9193679958164	0.85272597742133
3.9157844566353	0.85285849936997
3.9122074644395	0.85299075858065
3.9086370013038	0.85312275489286
3.9050730493682	0.85325448814804
3.9015155908381	0.85338595818923
3.8979646079834	0.85351716486080
3.8944200831385	0.85364810800819
3.8908819987021	0.85377878747757
3.8873503371369	0.85390920311556
3.8838250809690	0.85403935476893
3.8803062127880	0.85416924228428
3.8767937152463	0.85429886550772
3.8732875710594	0.85442822428457
3.8697877630050	0.85455731845902
3.8662942739231	0.85468614787380
3.8628070867156	0.85481471236984
3.8593261843460	0.85494301178595
3.8558515498392	0.85507104595848
3.8523831662812	0.85519881472094
3.8489210168186	0.85532631790367
3.8454650846588	0.85545355533348
3.8420153530693	0.85558052683330
3.8385718053777	0.85570723222178
3.8351344249712	0.85583367131295
3.8317031952965	0.85595984391582
3.8282780998595	0.85608574983404
3.8248591222251	0.85621138886545
3.8214462460166	0.85633676080175
3.8180394549159	0.85646186542806
3.8146387326632	0.85658670252257
3.8112440630562	0.85671127185609
3.8078554299505	0.85683557319166
3.8044728172589	0.85695960628414
3.8010962089514	0.85708337087978
3.7977255890550	0.85720686671583
3.7943609416530	0.85733009352008
3.7910022508852	0.85745305101042
3.7876495009476	0.85757573889445
3.7843026760919	0.85769815686900
3.7809617606256	0.85782030461972
3.7776267389113	0.85794218182059
3.7742975953670	0.85806378813349
3.7709743144654	0.85818512320776
3.7676568807339	0.85830618667971
3.7643452787544	0.85842697817215
3.7610394931627	0.85854749729396
3.7577395086488	0.85866774363957
3.7544453099562	0.85878771678851
3.7511568818819	0.85890741630492
3.7478742092762	0.85902684173704
3.7445972770422	0.85914599261677
3.7413260701360	0.85926486845912
3.7380605735661	0.85938346876176
3.7348007723932	0.85950179300447
3.7315466517301	0.85961984064866
3.7282981967417	0.85973761113686
3.7250553926441	0.85985510389221
3.7218182247052	0.85997231831789
3.7185866782436	0.86008925379669
3.7153607386293	0.86020590969038
3.7121403912828	0.86032228533927
3.7089256216751	0.86043838006161
3.7057164153276	0.86055419315308
3.7025127578115	0.86066972388626
3.6993146347483	0.86078497151006
3.6961220318087	0.86089993524918
3.6929349347130	0.86101461430358
3.6897533292308	0.86112900784788
3.6865772011805	0.86124311503083
3.6834065364295	0.86135693497475
3.6802413208937	0.86147046677496
3.6770815405372	0.86158370949920
3.6739271813725	0.86169666218707
3.6707782294600	0.86180932384943
3.6676346709078	0.86192169346788
3.6644964918714	0.86203376999411
3.6613636785540	0.86214555234935
3.6582362172056	0.86225703942377
3.6551140941234	0.86236823007593
3.6519972956511	0.86247912313210
3.6488858081792	0.86258971738575
3.6457796181442	0.86270001159692
3.6426787120292	0.86281000449159
3.6395830763628	0.86291969476113
3.6364926977196	0.86302908106164
3.6334075627197	0.86313816201336
3.6303276580286	0.86324693620009
3.6272529703569	0.86335540216852
3.6241834864603	0.86346355842766
3.6211191931393	0.86357140344818
3.6180600772387	0.86367893566182
3.6150061256481	0.86378615346078
3.6119573253012	0.86389305519703
3.6089136631756	0.86399963918175
3.6058751262930	0.86410590368467
3.6028417017185	0.86421184693344
3.5998133765610	0.86431746711300
3.5967901379724	0.86442276236495
3.5937719731479	0.86452773078691
3.5907588693257	0.86463237043187
3.5877508137865	0.86473667930758
3.5847477938539	0.86484065537589
3.5817497968937	0.86494429655209
3.5787568103140	0.86504760070430
3.5757688215649	0.86515056565281
3.5727858181385	0.86525318916944
3.5698077875685	0.86535546897689
3.5668347174301	0.86545740274809
3.5638665953400	0.86555898810553
3.5609034089559	0.86566022262068
3.5579451459767	0.86576110381327
3.5549917941421	0.86586162915065
3.5520433412322	0.86596179604718
3.5490997750681	0.86606160186354
3.5461610835108	0.86616104390610
3.5432272544616	0.86626011942625
3.5402982758621	0.86635882561976
3.5373741356932	0.86645715962612
3.5344548219759	0.86655511852790
3.5315403227706	0.86665269935010
3.5286306261770	0.86674989905948
3.5257257203340	0.86684671456391
3.5228255934195	0.86694314271175
3.5199302336503	0.86703918029116
3.5170396292820	0.86713482402949
3.5141537686086	0.86723007059258
3.5112726399625	0.86732491658418
3.5083962317145	0.86741935854523
3.5055245322732	0.86751339295327
3.5026575300853	0.86760701622178
3.4997952136353	0.86770022469951
3.4969375714452	0.86779301466987
3.4940845920746	0.86788538235029
3.4912362641202	0.86797732389156
3.4883925762160	0.86806883537720
3.4855535170329	0.86815991282283
3.4827190752788	0.86825055217554
3.4798892396982	0.86834074931323
3.4770639990721	0.86843050004405
3.4742433422181	0.86851980010567
3.4714272579898	0.86860864516475
3.4686157352771	0.86869703081627
3.4658087630058	0.86878495258291
3.4630063301375	0.86887240591445
3.4602084256694	0.86895938618716
3.4574150386345	0.86904588870316
3.4546261581009	0.86913190868984
3.4518417731721	0.86921744129925
3.4490618729867	0.86930248160750
3.4462864467180	0.86938702461413
3.4435154835745	0.86947106524157
3.4407489727993	0.86955459833453
3.4379869036697	0.86963761865938
3.4352292654979	0.86972012090362
3.4324760476300	0.86980209967527
3.4297272394463	0.86988354950228
3.4269828303612	0.86996446483202
3.4242428098230	0.87004484003066
3.4215071673134	0.87012466938263
3.4187758923480	0.87020394709006
3.4160489744758	0.87028266727224
3.4133264032791	0.87036082396507
3.4106081683732	0.87043841112050
3.4078942594066	0.87051542260604
3.4051846660609	0.87059185220417
3.4024793780502	0.87066769361188
3.3997783851213	0.87074294044011
3.3970816770538	0.87081758621324
3.3943892436594	0.87089162436862
3.3917010747822	0.87096504825601
3.3890171602984	0.87103785113716
3.3863374901163	0.87111002618526
3.3836620541761	0.87118156648448
3.3809908424495	0.87125246502954
3.3783238449403	0.87132271472517
3.3756610516834	0.87139230838570
3.3730024527453	0.87146123873460
3.3703480382237	0.87152949840403
3.3676977982476	0.87159707993439
3.3650517229768	0.87166397577393
3.3624098026021	0.87173017827830
3.3597720273451	0.87179567971012
3.3571383874580	0.87186047223863
3.3545088732237	0.87192454793923
3.3518834749553	0.87198789879316
3.3492621829963	0.87205051668705
3.3466449877205	0.87211239341260
3.3440318795315	0.87217352066620
3.3414228488631	0.87223389004858
3.3388178861789	0.87229349306447
3.3362169819720	0.87235232112226
3.3336201267653	0.87241036553368
3.3310273111111	0.87246761751350
