#Parameters = {thARC=0.2; nARC=1.25; thsub=1; p=1; nSub=3.25}
#"Wavelength / um"	"T (494) [Real Part]"
#---------------------------------------
14.989622900000	0.72113907200143
14.937342202292	0.72115976016719
14.885424925521	0.72118014351882
14.833867293419	0.72120022754663
14.782665581854	0.72122001769249
14.731816117936	0.72123951934986
14.681315279138	0.72125873786387
14.631159492435	0.72127767853141
14.581345233463	0.72129634660119
14.531869025691	0.72131474727384
14.482727439614	0.72133288570199
14.433917091960	0.72135076699037
14.385434644914	0.72136839619588
14.337276805356	0.72138577832770
14.289440324118	0.72140291834741
14.241921995249	0.72141982116908
14.194718655303	0.72143649165936
14.147827182633	0.72145293463764
14.101244496707	0.72146915487610
14.054967557431	0.72148515709991
14.008993364486	0.72150094598727
13.963318956684	0.72151652616959
13.917941411328	0.72153190223159
13.872857843591	0.72154707871148
13.828065405904	0.72156206010100
13.783561287356	0.72157685084568
13.739342713107	0.72159145534486
13.695406943810	0.72160587795195
13.651751275046	0.72162012297447
13.608373036768	0.72163419467427
13.565269592760	0.72164809726767
13.522438340099	0.72166183492561
13.479876708633	0.72167541177378
13.437582160466	0.72168883189283
13.395552189455	0.72170209931851
13.353784320713	0.72171521804185
13.312276110124	0.72172819200927
13.271025143869	0.72174102512286
13.230029037952	0.72175372124045
13.189285437747	0.72176628417586
13.148792017544	0.72177871769901
13.108546480105	0.72179102553618
13.068546556234	0.72180321137013
13.028790004346	0.72181527884032
12.989274610052	0.72182723154309
12.949998185745	0.72183907303183
12.910958570198	0.72185080681720
12.872153628167	0.72186243636734
12.833581250000	0.72187396510801
12.795239351259	0.72188539642283
12.757125872340	0.72189673365349
12.719238778108	0.72190798009991
12.681576057530	0.72191913902048
12.644135723323	0.72193021363226
12.606915811606	0.72194120711119
12.569914381551	0.72195212259228
12.533129515050	0.72196296316984
12.496559316382	0.72197373189771
12.460201911887	0.72198443178943
12.424055449648	0.72199506581850
12.388118099174	0.72200563691858
12.352388051092	0.72201614798371
12.316863516845	0.72202660186852
12.281542728390	0.72203700138850
12.246423937908	0.72204734932016
12.211505417515	0.72205764840131
12.176785458976	0.72206790133125
12.142262373431	0.72207811077103
12.107934491115	0.72208827934364
12.073800161095	0.72209840963429
12.039857751004	0.72210850419060
12.006105646776	0.72211856552288
11.972542252396	0.72212859610431
11.939165989646	0.72213859837121
11.905975297855	0.72214857472327
11.872968633663	0.72215852752381
11.840144470774	0.72216845909995
11.807501299724	0.72217837174296
11.775037627651	0.72218826770839
11.742751978065	0.72219814921639
11.710642890625	0.72220801845191
11.678708920919	0.72221787756496
11.646948640249	0.72222772867087
11.615360635413	0.72223757385050
11.583943508501	0.72224741515051
11.552695876686	0.72225725458362
11.521616372022	0.72226709412881
11.490703641242	0.72227693573163
11.459956345566	0.72228678130438
11.429373160503	0.72229663272644
11.398952775665	0.72230649184445
11.368693894577	0.72231636047259
11.338595234493	0.72232624039285
11.308655526217	0.72233613335522
11.278873513920	0.72234604107804
11.249247954972	0.72235596524814
11.219777619760	0.72236590752118
11.190461291527	0.72237586952188
11.161297766195	0.72238585284424
11.132285852209	0.72239585905183
11.103424370370	0.72240588967805
11.074712153676	0.72241594622635
11.046148047163	0.72242603017051
11.017730907755	0.72243614295489
10.989459604106	0.72244628599468
10.961333016453	0.72245646067617
10.933350036470	0.72246666835697
10.905509567115	0.72247691036632
10.877810522496	0.72248718800529
10.850251827723	0.72249750254709
10.822832418773	0.72250785523727
10.795551242348	0.72251824729401
10.768407255747	0.72252867990838
10.741399426729	0.72253915424456
10.714526733381	0.72254967144015
10.687788163993	0.72256023260637
10.661182716927	0.72257083882834
10.634709400497	0.72258149116535
10.608367232838	0.72259219065109
10.582155241793	0.72260293829391
10.556072464789	0.72261373507709
10.530117948718	0.72262458195907
10.504290749825	0.72263547987373
10.478589933590	0.72264642973062
10.453014574616	0.72265743241522
10.427563756522	0.72266848878921
10.402236571825	0.72267959969071
10.377032121841	0.72269076593450
10.351949516575	0.72270198831234
10.326987874612	0.72271326759318
10.302146323024	0.72272460452339
10.277423997257	0.72273599982705
10.252820041040	0.72274745420620
10.228333606278	0.72275896834106
10.203963852961	0.72277054289029
10.179709949066	0.72278217849126
10.155571070461	0.72279387576026
10.131546400811	0.72280563529278
10.107635131490	0.72281745766375
10.083836461487	0.72282934342778
10.060149597315	0.72284129311938
10.036573752929	0.72285330725326
10.013108149633	0.72286538632453
9.9897520159947	0.72287753080898
9.9665045877660	0.72288974116327
9.9433651077944	0.72290201782522
9.9203328259431	0.72291436121403
9.8974069990096	0.72292677173053
9.8745868906456	0.72293924975742
9.8518717712783	0.72295179565947
9.8292609180328	0.72296440978384
9.8067536146549	0.72297709246023
9.7843491514360	0.72298984400117
9.7620468251384	0.72300266470224
9.7398459389214	0.72301555484230
9.7177458022690	0.72302851468375
9.6957457309185	0.72304154447270
9.6738450467893	0.72305464443930
9.6520430779137	0.72306781479785
9.6303391583681	0.72308105574716
9.6087326282051	0.72309436747066
9.5872228333866	0.72310775013671
9.5658091257179	0.72312120389881
9.5444908627826	0.72313472889578
9.5232674078780	0.72314832525206
9.5021381299525	0.72316199307786
9.4811024035421	0.72317573246944
9.4601596087094	0.72318954350930
9.4393091309824	0.72320342626643
9.4185503612944	0.72321738079648
9.3978826959248	0.72323140714203
9.3773055364404	0.72324550533279
9.3568182896380	0.72325967538579
9.3364203674868	0.72327391730565
9.3161111870727	0.72328823108475
9.2958901705426	0.72330261670346
9.2757567450495	0.72331707413033
9.2557103426984	0.72333160332234
9.2357504004929	0.72334620422509
9.2158763602828	0.72336087677301
9.1960876687117	0.72337562088954
9.1763837771656	0.72339043648738
9.1567641417227	0.72340532346869
9.1372282231027	0.72342028172525
9.1177754866180	0.72343531113871
9.0984054021244	0.72345041158077
9.0791174439733	0.72346558291338
9.0599110909640	0.72348082498894
9.0407858262967	0.72349613765050
9.0217411375263	0.72351152073197
9.0027765165165	0.72352697405826
8.9838914593947	0.72354249744557
8.9650854665072	0.72355809070146
8.9463580423754	0.72357375362516
8.9277086956522	0.72358948600768
8.9091369390788	0.72360528763202
8.8906422894425	0.72362115827338
8.8722242675348	0.72363709769929
8.8538823981099	0.72365310566988
8.8356162098438	0.72366918193796
8.8174252352941	0.72368532624929
8.7993090108600	0.72370153834271
8.7812670767428	0.72371781795033
8.7632989769073	0.72373416479772
8.7454042590432	0.72375057860405
8.7275824745269	0.72376705908233
8.7098331783847	0.72378360593951
8.6921559292549	0.72380021887668
8.6745502893519	0.72381689758928
8.6570158244297	0.72383364176720
8.6395521037464	0.72385045109500
8.6221587000288	0.72386732525203
8.6048351894374	0.72388426391266
8.5875811515325	0.72390126674637
8.5703961692396	0.72391833341796
8.5532798288160	0.72393546358770
8.5362317198178	0.72395265691146
8.5192514350668	0.72396991304093
8.5023385706183	0.72398723162370
8.4854927257288	0.72400461230347
8.4687135028249	0.72402205472019
8.4520005074711	0.72403955851019
8.4353533483399	0.72405712330635
8.4187716371806	0.72407474873826
8.4022549887892	0.72409243443232
8.3858030209790	0.72411018001195
8.3694153545505	0.72412798509767
8.3530916132627	0.72414584930729
8.3368314238042	0.72416377225604
8.3206344157646	0.72418175355668
8.3045002216066	0.72419979281968
8.2884284766381	0.72421788965334
8.2724188189845	0.72423604366391
8.2564708895621	0.72425425445574
8.2405843320506	0.72427252163141
8.2247587928669	0.72429084479186
8.2089939211391	0.72430922353652
8.1932893686800	0.72432765746343
8.1776447899618	0.72434614616938
8.1620598420909	0.72436468925001
8.1465341847826	0.72438328629996
8.1310674803363	0.72440193691299
8.1156593936113	0.72442064068207
8.1003095920022	0.72443939719953
8.0850177454153	0.72445820605717
8.0697835262450	0.72447706684636
8.0546066093498	0.72449597915819
8.0394866720300	0.72451494258352
8.0244233940043	0.72453395671317
8.0094164573871	0.72455302113795
7.9944655466667	0.72457213544884
7.9795703486825	0.72459129923704
7.9647305526036	0.72461051209411
7.9499458499072	0.72462977361207
7.9352159343568	0.72464908338347
7.9205405019815	0.72466844100153
7.9059192510549	0.72468784606023
7.8913518820742	0.72470729815438
7.8768380977404	0.72472679687977
7.8623776029373	0.72474634183319
7.8479701047120	0.72476593261260
7.8336153122550	0.72478556881718
7.8193129368805	0.72480525004740
7.8050626920073	0.72482497590518
7.7908642931393	0.72484474599389
7.7767174578470	0.72486455991851
7.7626219057483	0.72488441728567
7.7485773584906	0.72490431770375
7.7345835397317	0.72492426078295
7.7206401751223	0.72494424613539
7.7067469922879	0.72496427337515
7.6929037208109	0.72498434211842
7.6791100922131	0.72500445198347
7.6653658399386	0.72502460259083
7.6516706993364	0.72504479356330
7.6380244076433	0.72506502452603
7.6244267039674	0.72508529510660
7.6108773292714	0.72510560493509
7.5973760263558	0.72512595364414
7.5839225398432	0.72514634086903
7.5705166161616	0.72516676624770
7.5571580035291	0.72518722942089
7.5438464519376	0.72520773003211
7.5305817131374	0.72522826772779
7.5173635406219	0.72524884215726
7.5041916896120	0.72526945297287
7.4910659170415	0.72529009983000
7.4779859815415	0.72531078238716
7.4649516434263	0.72533150030597
7.4519626646781	0.72535225325131
7.4390188089330	0.72537304089130
7.4261198414664	0.72539386289734
7.4132655291790	0.72541471894424
7.4004556405826	0.72543560871016
7.3876899457861	0.72545653187676
7.3749682164822	0.72547748812914
7.3622902259332	0.72549847715597
7.3496557489581	0.72551949864949
7.3370645619187	0.72554055230555
7.3245164427071	0.72556163782365
7.3120111707317	0.72558275490699
7.2995485269053	0.72560390326249
7.2871282936315	0.72562508260086
7.2747502547925	0.72564629263656
7.2624141957364	0.72566753308793
7.2501199032648	0.72568880367712
7.2378671656205	0.72571010413021
7.2256557724753	0.72573143417718
7.2134855149182	0.72575279355196
7.2013561854432	0.72577418199245
7.1892675779376	0.72579559924055
7.1772194876706	0.72581704504218
7.1652117112811	0.72583851914729
7.1532440467669	0.72586002130993
7.1413162934731	0.72588155128819
7.1294282520809	0.72590310884430
7.1175797245964	0.72592469374459
7.1057705143399	0.72594630575955
7.0940004259347	0.72596794466381
7.0822692652965	0.72598961023616
7.0705768396226	0.72601130225959
7.0589229573817	0.72603302052128
7.0473074283028	0.72605476481261
7.0357300633654	0.72607653492917
7.0241906747891	0.72609833067080
7.0126890760234	0.72612015184155
7.0012250817375	0.72614199824971
6.9897985078107	0.72616386970783
6.9784091713222	0.72618576603268
6.9670568905415	0.72620768704532
6.9557414849188	0.72622963257104
6.9444627750753	0.72625160243940
6.9332205827937	0.72627359648421
6.9220147310090	0.72629561454354
6.9108450437990	0.72631765645972
6.8997113463751	0.72633972207933
6.8886134650735	0.72636181125320
6.8775512273457	0.72638392383640
6.8665244617499	0.72640605968825
6.8555329979419	0.72642821867230
6.8445766666667	0.72645040065633
6.8336552997493	0.72647260551233
6.8227687300865	0.72649483311651
6.8119167916383	0.72651708334928
6.8010993194192	0.72653935609521
6.7903161494904	0.72656165124310
6.7795671189507	0.72658396868587
6.7688520659291	0.72660630832060
6.7581708295762	0.72662867004852
6.7475232500563	0.72665105377497
6.7369091685393	0.72667345940940
6.7263284271932	0.72669588686534
6.7157808691756	0.72671833606041
6.7052663386267	0.72674080691625
6.6947846806610	0.72676329935857
6.6843357413601	0.72678581331706
6.6739193677649	0.72680834872543
6.6635354078684	0.72683090552133
6.6531837106081	0.72685348364639
6.6428641258586	0.72687608304613
6.6325765044248	0.72689870367001
6.6223206980340	0.72692134547133
6.6120965593295	0.72694400840726
6.6019039418630	0.72696669243880
6.5917427000879	0.72698939753074
6.5816126893524	0.72701212365164
6.5715137658922	0.72703487077380
6.5614457868243	0.72705763887324
6.5514086101399	0.72708042792967
6.5414020946978	0.72710323792645
6.5314261002179	0.72712606885056
6.5214804872743	0.72714892069259
6.5115651172893	0.72717179344667
6.5016798525266	0.72719468711047
6.4918245560849	0.72721760168516
6.4819990918919	0.72724053717538
6.4722033246978	0.72726349358917
6.4624371200690	0.72728647093800
6.4527003443823	0.72730946923668
6.4429928648184	0.72733248850335
6.4333145493562	0.72735552875943
6.4236652667667	0.72737859002959
6.4140448866068	0.72740167234173
6.4044532792138	0.72742477572692
6.3948903156997	0.72744790021936
6.3853558679446	0.72747104585635
6.3758498085921	0.72749421267827
6.3663720110427	0.72751740072849
6.3569223494487	0.72754061005338
6.3475006987084	0.72756384070226
6.3381069344609	0.72758709272734
6.3287409330800	0.72761036618368
6.3194025716695	0.72763366112918
6.3100917280572	0.72765697762449
6.3008082807902	0.72768031573302
6.2915521091291	0.72770367552086
6.2823230930427	0.72772705705674
6.2731211132036	0.72775046041202
6.2639460509820	0.72777388566059
6.2547977884415	0.72779733287890
6.2456762083333	0.72782080214583
6.2365811940919	0.72784429354272
6.2275126298297	0.72786780715328
6.2184704003319	0.72789134306358
6.2094543910522	0.72791490136197
6.2004644881075	0.72793848213904
6.1915005782734	0.72796208548762
6.1825625489792	0.72798571150266
6.1736502883031	0.72800936028126
6.1647636849681	0.72803303192254
6.1559026283368	0.72805672652769
6.1470670084068	0.72808044419985
6.1382567158067	0.72810418504408
6.1294716417910	0.72812794916733
6.1207116782360	0.72815173667839
6.1119767176351	0.72817554768783
6.1032666530945	0.72819938230795
6.0945813783289	0.72822324065276
6.0859207876573	0.72824712283790
6.0772847759984	0.72827102898060
6.0686732388664	0.72829495919967
6.0600860723671	0.72831891361539
6.0515231731934	0.72834289234951
6.0429844386212	0.72836689552518
6.0344697665056	0.72839092326690
6.0259790552764	0.72841497570051
6.0175122039342	0.72843905295307
6.0090691120465	0.72846315515289
6.0006496797438	0.72848728242942
5.9922538077154	0.72851143491325
5.9838813972056	0.72853561273604
5.9755323500100	0.72855981603045
5.9672065684713	0.72858404493014
5.9589039554760	0.72860829956969
5.9506244144502	0.72863258008454
5.9423678493558	0.72865688661100
5.9341341646873	0.72868121928613
5.9259232654675	0.72870557824776
5.9177350572444	0.72872996363437
5.9095694460871	0.72875437558511
5.9014263385827	0.72877881423973
5.8933056418321	0.72880327973852
5.8852072634472	0.72882777222225
5.8771311115468	0.72885229183219
5.8690770947533	0.72887683870997
5.8610451221896	0.72890141299763
5.8530351034752	0.72892601483748
5.8450469487229	0.72895064437214
5.8370805685358	0.72897530174442
5.8291358740035	0.72899998709733
5.8212127766990	0.72902470057401
5.8133111886756	0.72904944231769
5.8054310224632	0.72907421247162
5.7975721910656	0.72909901117908
5.7897346079567	0.72912383858328
5.7819181870781	0.72914869482734
5.7741228428351	0.72917358005428
5.7663484900942	0.72919849440688
5.7585950441798	0.72922343802776
5.7508624208709	0.72924841105922
5.7431505363985	0.72927341364329
5.7354593074421	0.72929844592164
5.7277886511272	0.72932350803554
5.7201384850219	0.72934860012582
5.7125087271341	0.72937372233285
5.7048992959087	0.72939887479646
5.6973101102242	0.72942405765594
5.6897410893908	0.72944927104996
5.6821921531463	0.72947451511658
5.6746632216544	0.72949978999314
5.6671542155009	0.72952509581630
5.6596650556919	0.72955043272191
5.6521956636501	0.72957580084508
5.6447459612126	0.72960120032004
5.6373158706281	0.72962663128017
5.6299053145540	0.72965209385791
5.6225142160540	0.72967758818477
5.6151424985952	0.72970311439127
5.6077900860456	0.72972867260692
5.6004569026714	0.72975426296013
5.5931428731343	0.72977988557825
5.5858479224893	0.72980554058750
5.5785719761816	0.72983122811290
5.5713149600446	0.72985694827831
5.5640768002970	0.72988270120634
5.5568574235403	0.72990848701833
5.5496567567568	0.72993430583432
5.5424747273063	0.72996015777302
5.5353112629247	0.72998604295178
5.5281662917204	0.73001196148654
5.5210397421731	0.73003791349183
5.5139315431304	0.73006389908071
5.5068416238060	0.73008991836476
5.4997699137773	0.73011597145403
5.4927163429828	0.73014205845704
5.4856808417200	0.73016817948073
5.4786633406433	0.73019433463043
5.4716637707611	0.73022052400983
5.4646820634342	0.73024674772100
5.4577181503732	0.73027300586428
5.4507719636364	0.73029929853833
5.4438434356274	0.73032562584006
5.4369324990932	0.73035198786463
5.4300390871219	0.73037838470541
5.4231631331404	0.73040481645396
5.4163045709124	0.73043128320001
5.4094633345363	0.73045778503143
5.4026393584430	0.73048432203423
5.3958325773938	0.73051089429250
5.3890429264785	0.73053750188842
5.3822703411131	0.73056414490223
5.3755147570378	0.73059082341222
5.3687761103152	0.73061753749470
5.3620543373278	0.73064428722395
5.3553493747767	0.73067107267228
5.3486611596789	0.73069789390995
5.3419896293656	0.73072475100515
5.3353347214807	0.73075164402403
5.3286963739780	0.73077857303066
5.3220745251198	0.73080553808698
5.3154691134752	0.73083253925284
5.3088800779175	0.73085957658598
5.3023073576229	0.73088665014197
5.2957508920685	0.73091375997425
5.2892106210303	0.73094090613408
5.2826864845815	0.73096808867055
5.2761784230905	0.73099530763057
5.2696863772192	0.73102256305885
5.2632102879213	0.73104985499788
5.2567500964405	0.73107718348796
5.2503057443082	0.73110454856713
5.2438771733427	0.73113195027123
5.2374643256464	0.73115938863384
5.2310671436050	0.73118686368631
5.2246855698850	0.73121437545772
5.2183195474326	0.73124192397490
5.2119690194715	0.73126950926241
5.2056339295016	0.73129713134257
5.1993142212973	0.73132479023539
5.1930098389052	0.73135248595863
5.1867207266436	0.73138021852777
5.1804468290997	0.73140798795601
5.1741880911288	0.73143579425428
5.1679444578521	0.73146363743120
5.1617158746556	0.73149151749316
5.1555022871883	0.73151943444423
5.1493036413604	0.73154738828621
5.1431198833419	0.73157537901864
5.1369509595613	0.73160340663878
5.1307968167037	0.73163147114161
5.1246574017094	0.73165957251985
5.1185326617722	0.73168771076397
5.1124225443383	0.73171588586217
5.1063269971044	0.73174409780040
5.1002459680163	0.73177234656237
5.0941794052676	0.73180063212954
5.0881272572980	0.73182895448116
5.0820894727920	0.73185731359424
5.0760660006773	0.73188570944358
5.0700567901235	0.73191414200177
5.0640617905405	0.73194261123923
5.0580809515775	0.73197111712417
5.0521142231210	0.73199965962262
5.0461615552937	0.73202823869847
5.0402228984533	0.73205685431346
5.0342982031906	0.73208550642717
5.0283874203287	0.73211419499707
5.0224905009214	0.73214291997853
5.0166073962517	0.73217168132481
5.0107380578305	0.73220047898709
5.0048824373957	0.73222931291449
4.9990404869101	0.73225818305408
4.9932121585610	0.73228708935090
4.9873974047579	0.73231603174798
4.9815961781323	0.73234501018633
4.9758084315353	0.73237402460500
4.9700341180371	0.73240307494110
4.9642731909256	0.73243216112975
4.9585256037049	0.73246128310420
4.9527913100942	0.73249044079577
4.9470702640264	0.73251963413391
4.9413624196473	0.73254886304621
4.9356677313138	0.73257812745845
4.9299861535932	0.73260742729455
4.9243176412615	0.73263676247669
4.9186621493027	0.73266613292525
4.9130196329072	0.73269553855889
4.9073900474709	0.73272497929455
4.9017733485939	0.73275445504747
4.8961694920790	0.73278396573123
4.8905784339315	0.73281351125777
4.8850001303569	0.73284309153743
4.8794345377604	0.73287270647894
4.8738816127459	0.73290235598948
4.8683413121143	0.73293203997473
4.8628135928629	0.73296175833882
4.8572984121841	0.73299151098445
4.8517957274640	0.73302129781284
4.8463054962819	0.73305111872383
4.8408276764088	0.73308097361585
4.8353622258065	0.73311086238600
4.8299091026261	0.73314078493004
4.8244682652076	0.73317074114245
4.8190396720784	0.73320073091645
4.8136232819525	0.73323075414404
4.8082190537289	0.73326081071602
4.8028269464915	0.73329090052202
4.7974469195071	0.73332102345057
4.7920789322251	0.73335117938908
4.7867229442759	0.73338136822393
4.7813789154705	0.73341158984045
4.7760468057989	0.73344184412300
4.7707265754297	0.73347213095496
4.7654181847083	0.73350245021883
4.7601215941569	0.73353280179619
4.7548367644726	0.73356318556781
4.7495636565272	0.73359360141361
4.7443022313657	0.73362404921278
4.7390524502055	0.73365452884375
4.7338142744355	0.73368504018425
4.7285876656151	0.73371558311136
4.7233725854735	0.73374615750154
4.7181689959081	0.73377676323065
4.7129768589844	0.73380740017401
4.7077961369347	0.73383806820646
4.7026267921569	0.73386876720233
4.6974687872140	0.73389949703555
4.6923220848333	0.73393025757966
4.6871866479049	0.73396104870783
4.6820624394815	0.73399187029295
4.6769494227769	0.73402272220762
4.6718475611657	0.73405360432421
4.6667568181818	0.73408451651492
4.6616771575183	0.73411545865178
4.6566085430258	0.73414643060673
4.6515509387122	0.73417743225164
4.6465043087415	0.73420846345836
4.6414686174330	0.73423952409873
4.6364438292607	0.73427061404469
4.6314299088522	0.73430173316824
4.6264268209877	0.73433288134154
4.6214345305997	0.73436405843694
4.6164530027718	0.73439526432701
4.6114822027380	0.73442649888456
4.6065220958820	0.73445776198274
4.6015726477360	0.73448905349505
4.5966338239804	0.73452037329535
4.5917055904426	0.73455172125798
4.5867879130967	0.73458309725772
4.5818807580621	0.73461450116988
4.5769840916031	0.73464593287033
4.5720978801281	0.73467739223556
4.5672220901889	0.73470887914268
4.5623566884797	0.73474039346950
4.5575016418364	0.73477193509456
4.5526569172361	0.73480350389716
4.5478224817961	0.73483509975742
4.5429983027731	0.73486672255633
4.5381843475628	0.73489837217576
4.5333805836988	0.73493004849851
4.5285869788520	0.73496175140840
4.5238035008299	0.73499348079022
4.5190301175761	0.73502523652986
4.5142667971691	0.73505701851432
4.5095135078219	0.73508882663171
4.5047702178813	0.73512066077136
4.5000368958271	0.73515252082381
4.4953135102714	0.73518440668089
4.4906000299581	0.73521631823571
4.4858964237618	0.73524825538277
4.4812026606876	0.73528021801791
4.4765187098701	0.73531220603845
4.4718445405728	0.73534421934315
4.4671801221875	0.73537625783228
4.4625254242334	0.73540832140767
4.4578804163569	0.73544040997274
4.4532450683304	0.73547252343253
4.4486193500519	0.73550466169374
4.4440032315446	0.73553682466479
4.4393966829557	0.73556901225582
4.4347996745562	0.73560122437876
4.4302121767401	0.73563346094736
4.4256341600236	0.73566572187723
4.4210655950450	0.73569800708584
4.4165064525633	0.73573031649262
4.4119567034584	0.73576265001894
4.4074163187298	0.73579500758817
4.4028852694963	0.73582738912572
4.3983635269953	0.73585979455907
4.3938510625824	0.73589222381780
4.3893478477306	0.73592467683360
4.3848538540295	0.73595715354037
4.3803690531853	0.73598965387418
4.3758934170194	0.73602217777335
4.3714269174686	0.73605472517846
4.3669695265841	0.73608729603239
4.3625212165309	0.73611989028036
4.3580819595871	0.73615250786992
4.3536517281441	0.73618514875104
4.3492304947048	0.73621781287609
4.3448182318841	0.73625050019991
4.3404149124077	0.73628321067979
4.3360205091119	0.73631594427554
4.3316349949429	0.73634870094950
4.3272583429561	0.73638148066657
4.3228905263158	0.73641428339423
4.3185315182944	0.73644710910257
4.3141812922723	0.73647995776433
4.3098398217366	0.73651282935489
4.3055070802815	0.73654572385231
4.3011830416069	0.73657864123739
4.2968676795184	0.73661158149362
4.2925609679267	0.73664454460726
4.2882628808468	0.73667753056734
4.2839733923978	0.73671053936567
4.2796924768023	0.73674357099689
4.2754201083856	0.73677662545846
4.2711562615757	0.73680970275068
4.2669009109024	0.73684280287673
4.2626540309967	0.73687592584265
4.2584155965909	0.73690907165742
4.2541855825174	0.73694224033288
4.2499639637085	0.73697543188383
4.2457507151961	0.73700864632800
4.2415458121109	0.73704188368609
4.2373492296820	0.73707514398175
4.2331609432364	0.73710842724159
4.2289809281986	0.73714173349524
4.2248091600902	0.73717506277531
4.2206456145291	0.73720841511741
4.2164902672293	0.73724179056016
4.2123430940003	0.73727518914522
4.2082040707468	0.73730861091724
4.2040731734680	0.73734205592394
4.1999503782572	0.73737552421603
4.1958356613016	0.73740901584729
4.1917289988814	0.73744253087451
4.1876303673697	0.73747606935756
4.1835397432319	0.73750963135930
4.1794571030252	0.73754321694566
4.1753824233983	0.73757682618561
4.1713156810909	0.73761045915114
4.1672568529330	0.73764411591726
4.1632059158450	0.73767779656204
4.1591628468368	0.73771150116654
4.1551276230076	0.73774522981484
4.1511002215453	0.73777898259404
4.1470806197261	0.73781275959422
4.1430687949143	0.73784656090844
4.1390647245616	0.73788038663276
4.1350683862069	0.73791423686619
4.1310797574755	0.73794811171068
4.1270988160793	0.73798201127112
4.1231255398157	0.73801593565534
4.1191599065677	0.73804988497404
4.1152018943034	0.73808385934083
4.1112514810752	0.73811785887219
4.1073086450199	0.73815188368742
4.1033733643581	0.73818593390866
4.0994456173937	0.73822000966087
4.0955253825137	0.73825411107176
4.0916126381875	0.73828823827182
4.0877073629670	0.73832239139425
4.0838095354856	0.73835657057496
4.0799191344584	0.73839077595254
4.0760361386812	0.73842500766821
4.0721605270307	0.73845926586580
4.0682922784638	0.73849355069175
4.0644313720174	0.73852786229501
4.0605777868075	0.73856220082708
4.0567315020298	0.73859656644190
4.0528924969582	0.73863095929588
4.0490607509454	0.73866537954781
4.0452362434219	0.73869982735887
4.0414189538959	0.73873430289252
4.0376088619529	0.73876880631454
4.0338059472551	0.73880333779291
4.0300101895416	0.73883789749784
4.0262215686274	0.73887248560164
4.0224400644036	0.73890710227875
4.0186656568365	0.73894174770564
4.0148983259676	0.73897642206078
4.0111380519133	0.73901112552459
4.0073848148643	0.73904585827938
4.0036385950855	0.73908062050930
3.9998993729153	0.73911541240027
3.9961671287657	0.73915023413995
3.9924418431216	0.73918508591766
3.9887234965407	0.73921996792433
3.9850120696531	0.73925488035242
3.9813075431607	0.73928982339590
3.9776098978373	0.73932479725014
3.9739191145281	0.73935980211185
3.9702351741491	0.73939483817904
3.9665580576872	0.73942990565095
3.9628877461996	0.73946500472795
3.9592242208135	0.73950013561147
3.9555674627260	0.73953529850398
3.9519174532033	0.73957049360885
3.9482741735809	0.73960572113030
3.9446376052632	0.73964098127334
3.9410077297226	0.73967627424368
3.9373845285001	0.73971160024762
3.9337679832043	0.73974695949201
3.9301580755113	0.73978235218416
3.9265547871644	0.73981777853173
3.9229580999738	0.73985323874266
3.9193679958164	0.73988873302509
3.9157844566353	0.73992426158727
3.9122074644395	0.73995982463744
3.9086370013038	0.73999542238376
3.9050730493682	0.74003105503425
3.9015155908381	0.74006672279662
3.8979646079834	0.74010242587823
3.8944200831385	0.74013816448598
3.8908819987021	0.74017393882620
3.8873503371369	0.74020974910454
3.8838250809690	0.74024559552590
3.8803062127880	0.74028147829430
3.8767937152463	0.74031739761278
3.8732875710594	0.74035335368328
3.8697877630050	0.74038934670656
3.8662942739231	0.74042537688205
3.8628070867156	0.74046144440779
3.8593261843460	0.74049754948026
3.8558515498392	0.74053369229430
3.8523831662812	0.74056987304297
3.8489210168186	0.74060609191747
3.8454650846588	0.74064234910697
3.8420153530693	0.74067864479851
3.8385718053777	0.74071497917691
3.8351344249712	0.74075135242458
3.8317031952965	0.74078776472143
3.8282780998595	0.74082421624477
3.8248591222251	0.74086070716912
3.8214462460166	0.74089723766610
3.8180394549159	0.74093380790435
3.8146387326632	0.74097041804930
3.8112440630562	0.74100706826311
3.8078554299505	0.74104375870452
3.8044728172589	0.74108048952867
3.8010962089514	0.74111726088701
3.7977255890550	0.74115407292712
3.7943609416530	0.74119092579258
3.7910022508852	0.74122781962285
3.7876495009476	0.74126475455308
3.7843026760919	0.74130173071398
3.7809617606256	0.74133874823167
3.7776267389113	0.74137580722755
3.7742975953670	0.74141290781808
3.7709743144654	0.74145005011473
3.7676568807339	0.74148723422371
3.7643452787544	0.74152446024591
3.7610394931627	0.74156172827666
3.7577395086488	0.74159903840563
3.7544453099562	0.74163639071663
3.7511568818819	0.74167378528748
3.7478742092762	0.74171122218979
3.7445972770422	0.74174870148886
3.7413260701360	0.74178622324345
3.7380605735661	0.74182378750566
3.7348007723932	0.74186139432071
3.7315466517301	0.74189904372682
3.7282981967417	0.74193673575500
3.7250553926441	0.74197447042885
3.7218182247052	0.74201224776446
3.7185866782436	0.74205006777014
3.7153607386293	0.74208793044632
3.7121403912828	0.74212583578531
3.7089256216751	0.74216378377114
3.7057164153276	0.74220177437936
3.7025127578115	0.74223980757688
3.6993146347483	0.74227788332176
3.6961220318087	0.74231600156302
3.6929349347130	0.74235416224048
3.6897533292308	0.74239236528450
3.6865772011805	0.74243061061585
3.6834065364295	0.74246889814551
3.6802413208937	0.74250722777442
3.6770815405372	0.74254559939333
3.6739271813725	0.74258401288261
3.6707782294600	0.74262246811199
3.6676346709078	0.74266096494042
3.6644964918714	0.74269950321581
3.6613636785540	0.74273808277488
3.6582362172056	0.74277670344292
3.6551140941234	0.74281536503358
3.6519972956511	0.74285406734868
3.6488858081792	0.74289281017796
3.6457796181442	0.74293159329894
3.6426787120292	0.74297041647663
3.6395830763628	0.74300927946336
3.6364926977196	0.74304818199853
3.6334075627197	0.74308712380845
3.6303276580286	0.74312610460604
3.6272529703569	0.74316512409070
3.6241834864603	0.74320418194800
3.6211191931393	0.74324327784953
3.6180600772387	0.74328241145264
3.6150061256481	0.74332158240021
3.6119573253012	0.74336079032045
3.6089136631756	0.74340003482665
3.6058751262930	0.74343931551695
3.6028417017185	0.74347863197413
3.5998133765610	0.74351798376538
3.5967901379724	0.74355737044202
3.5937719731479	0.74359679153933
3.5907588693257	0.74363624657628
3.5877508137865	0.74367573505531
3.5847477938539	0.74371525646206
3.5817497968937	0.74375481026519
3.5787568103140	0.74379439591608
3.5757688215649	0.74383401284864
3.5727858181385	0.74387366047903
3.5698077875685	0.74391333820544
3.5668347174301	0.74395304540785
3.5638665953400	0.74399278144777
3.5609034089559	0.74403254566800
3.5579451459767	0.74407233739241
3.5549917941421	0.74411215592563
3.5520433412322	0.74415200055287
3.5490997750681	0.74419187053963
3.5461610835108	0.74423176513149
3.5432272544616	0.74427168355378
3.5402982758621	0.74431162501144
3.5373741356932	0.74435158868867
3.5344548219759	0.74439157374872
3.5315403227706	0.74443157933364
3.5286306261770	0.74447160456401
3.5257257203340	0.74451164853871
3.5228255934195	0.74455171033461
3.5199302336503	0.74459178900637
3.5170396292820	0.74463188358616
3.5141537686086	0.74467199308339
3.5112726399625	0.74471211648447
3.5083962317145	0.74475225275253
3.5055245322732	0.74479240082720
3.5026575300853	0.74483255962427
3.4997952136353	0.74487272803553
3.4969375714452	0.74491290492843
3.4940845920746	0.74495308914584
3.4912362641202	0.74499327950581
3.4883925762160	0.74503347480125
3.4855535170329	0.74507367379973
3.4827190752788	0.74511387524319
3.4798892396982	0.74515407784765
3.4770639990721	0.74519428030298
3.4742433422181	0.74523448127261
3.4714272579898	0.74527467939327
3.4686157352771	0.74531487327475
3.4658087630058	0.74535506149957
3.4630063301375	0.74539524262278
3.4602084256694	0.74543541517165
3.4574150386345	0.74547557764543
3.4546261581009	0.74551572851504
3.4518417731721	0.74555586622284
3.4490618729867	0.74559598918237
3.4462864467180	0.74563609577804
3.4435154835745	0.74567618436487
3.4407489727993	0.74571625326826
3.4379869036697	0.74575630078369
3.4352292654979	0.74579632517642
3.4324760476300	0.74583632468131
3.4297272394463	0.74587629750244
3.4269828303612	0.74591624181295
3.4242428098230	0.74595615575467
3.4215071673134	0.74599603743794
3.4187758923480	0.74603588494128
3.4160489744758	0.74607569631113
3.4133264032791	0.74611546956162
3.4106081683732	0.74615520267426
3.4078942594066	0.74619489359769
3.4051846660609	0.74623454024741
3.4024793780502	0.74627414050551
3.3997783851213	0.74631369222041
3.3970816770538	0.74635319320658
3.3943892436594	0.74639264124429
3.3917010747822	0.74643203407933
3.3890171602984	0.74647136942276
3.3863374901163	0.74651064495062
3.3836620541761	0.74654985830371
3.3809908424495	0.74658900708726
3.3783238449403	0.74662808887074
3.3756610516834	0.74666710118755
3.3730024527453	0.74670604153475
3.3703480382237	0.74674490737286
3.3676977982476	0.74678369612552
3.3650517229768	0.74682240517930
3.3624098026021	0.74686103188338
3.3597720273451	0.74689957354935
3.3571383874580	0.74693802745092
3.3545088732237	0.74697639082366
3.3518834749553	0.74701466086476
3.3492621829963	0.74705283473277
3.3466449877205	0.74709090954735
3.3440318795315	0.74712888238899
3.3414228488631	0.74716675029883
3.3388178861789	0.74720451027833
3.3362169819720	0.74724215928907
3.3336201267653	0.74727969425247
3.3310273111111	0.74731711204958
