#Parameters = {thARC=0; nARC=1.75; thsub=1; p=1; nSub=3.25}
#"Wavelength / um"	"T (505) [Real Part]"
#---------------------------------------
14.989622900000	0.71972308802496
14.937342202292	0.71972897236744
14.885424925521	0.71973466217204
14.833867293419	0.71974016074888
14.782665581854	0.71974547137613
14.731816117936	0.71975059730025
14.681315279138	0.71975554173597
14.631159492435	0.71976030786647
14.581345233463	0.71976489884342
14.531869025691	0.71976931778716
14.482727439614	0.71977356778672
14.433917091960	0.71977765189999
14.385434644914	0.71978157315379
14.337276805356	0.71978533454401
14.289440324118	0.71978893903570
14.241921995249	0.71979238956318
14.194718655303	0.71979568903019
14.147827182633	0.71979884030995
14.101244496707	0.71980184624533
14.054967557431	0.71980470964894
14.008993364486	0.71980743330326
13.963318956684	0.71981001996075
13.917941411328	0.71981247234400
13.872857843591	0.71981479314582
13.828065405904	0.71981698502940
13.783561287356	0.71981905062840
13.739342713107	0.71982099254712
13.695406943810	0.71982281336058
13.651751275046	0.71982451561472
13.608373036768	0.71982610182645
13.565269592760	0.71982757448385
13.522438340099	0.71982893604627
13.479876708633	0.71983018894449
13.437582160466	0.71983133558081
13.395552189455	0.71983237832924
13.353784320713	0.71983331953562
13.312276110124	0.71983416151776
13.271025143869	0.71983490656557
13.230029037952	0.71983555694120
13.189285437747	0.71983611487923
13.148792017544	0.71983658258674
13.108546480105	0.71983696224351
13.068546556234	0.71983725600215
13.028790004346	0.71983746598823
12.989274610052	0.71983759430047
12.949998185745	0.71983764301083
12.910958570198	0.71983761416471
12.872153628167	0.71983750978107
12.833581250000	0.71983733185259
12.795239351259	0.71983708234583
12.757125872340	0.71983676320136
12.719238778108	0.71983637633395
12.681576057530	0.71983592363268
12.644135723323	0.71983540696112
12.606915811606	0.71983482815749
12.569914381551	0.71983418903478
12.533129515050	0.71983349138096
12.496559316382	0.71983273695911
12.460201911887	0.71983192750754
12.424055449648	0.71983106474002
12.388118099174	0.71983015034590
12.352388051092	0.71982918599025
12.316863516845	0.71982817331405
12.281542728390	0.71982711393436
12.246423937908	0.71982600944444
12.211505417515	0.71982486141394
12.176785458976	0.71982367138905
12.142262373431	0.71982244089268
12.107934491115	0.71982117142459
12.073800161095	0.71981986446158
12.039857751004	0.71981852145764
12.006105646776	0.71981714384413
11.972542252396	0.71981573302991
11.939165989646	0.71981429040154
11.905975297855	0.71981281732342
11.872968633663	0.71981131513797
11.840144470774	0.71980978516577
11.807501299724	0.71980822870577
11.775037627651	0.71980664703540
11.742751978065	0.71980504141079
11.710642890625	0.71980341306689
11.678708920919	0.71980176321766
11.646948640249	0.71980009305622
11.615360635413	0.71979840375504
11.583943508501	0.71979669646609
11.552695876686	0.71979497232100
11.521616372022	0.71979323243124
11.490703641242	0.71979147788828
11.459956345566	0.71978970976375
11.429373160503	0.71978792910964
11.398952775665	0.71978613695840
11.368693894577	0.71978433432317
11.338595234493	0.71978252219793
11.308655526217	0.71978070155764
11.278873513920	0.71977887335844
11.249247954972	0.71977703853780
11.219777619760	0.71977519801467
11.190461291527	0.71977335268969
11.161297766195	0.71977150344533
11.132285852209	0.71976965114603
11.103424370370	0.71976779663841
11.074712153676	0.71976594075144
11.046148047163	0.71976408429654
11.017730907755	0.71976222806782
10.989459604106	0.71976037284221
10.961333016453	0.71975851937961
10.933350036470	0.71975666842312
10.905509567115	0.71975482069910
10.877810522496	0.71975297691744
10.850251827723	0.71975113777165
10.822832418773	0.71974930393908
10.795551242348	0.71974747608103
10.768407255747	0.71974565484295
10.741399426729	0.71974384085459
10.714526733381	0.71974203473016
10.687788163993	0.71974023706851
10.661182716927	0.71973844845328
10.634709400497	0.71973666945304
10.608367232838	0.71973490062149
10.582155241793	0.71973314249760
10.556072464789	0.71973139560578
10.530117948718	0.71972966045604
10.504290749825	0.71972793754412
10.478589933590	0.71972622735171
10.453014574616	0.71972453034654
10.427563756522	0.71972284698259
10.402236571825	0.71972117770024
10.377032121841	0.71971952292641
10.351949516575	0.71971788307471
10.326987874612	0.71971625854565
10.302146323024	0.71971464972673
10.277423997257	0.71971305699263
10.252820041040	0.71971148070537
10.228333606278	0.71970992121445
10.203963852961	0.71970837885702
10.179709949066	0.71970685395802
10.155571070461	0.71970534683034
10.131546400811	0.71970385777496
10.107635131490	0.71970238708112
10.083836461487	0.71970093502648
10.060149597315	0.71969950187724
10.036573752929	0.71969808788830
10.013108149633	0.71969669330344
9.9897520159947	0.71969531835544
9.9665045877660	0.71969396326622
9.9433651077944	0.71969262824702
9.9203328259431	0.71969131349852
9.8974069990096	0.71969001921102
9.8745868906456	0.71968874556453
9.8518717712783	0.71968749272898
9.8292609180328	0.71968626086433
9.8067536146549	0.71968505012071
9.7843491514360	0.71968386063857
9.7620468251384	0.71968269254885
9.7398459389214	0.71968154597308
9.7177458022690	0.71968042102354
9.6957457309185	0.71967931780342
9.6738450467893	0.71967823640692
9.6520430779137	0.71967717691942
9.6303391583681	0.71967613941762
9.6087326282051	0.71967512396966
9.5872228333866	0.71967413063526
9.5658091257179	0.71967315946588
9.5444908627826	0.71967221050483
9.5232674078780	0.71967128378740
9.5021381299525	0.71967037934104
9.4811024035421	0.71966949718544
9.4601596087094	0.71966863733268
9.4393091309824	0.71966779978738
9.4185503612944	0.71966698454683
9.3978826959248	0.71966619160109
9.3773055364404	0.71966542093314
9.3568182896380	0.71966467251903
9.3364203674868	0.71966394632795
9.3161111870727	0.71966324232243
9.2958901705426	0.71966256045842
9.2757567450495	0.71966190068541
9.2557103426984	0.71966126294660
9.2357504004929	0.71966064717898
9.2158763602828	0.71966005331346
9.1960876687117	0.71965948127502
9.1763837771656	0.71965893098281
9.1567641417227	0.71965840235027
9.1372282231027	0.71965789528526
9.1177754866180	0.71965740969017
9.0984054021244	0.71965694546204
9.0791174439733	0.71965650249268
9.0599110909640	0.71965608066881
9.0407858262967	0.71965567987211
9.0217411375263	0.71965529997942
9.0027765165165	0.71965494086277
8.9838914593947	0.71965460238958
8.9650854665072	0.71965428442269
8.9463580423754	0.71965398682053
8.9277086956522	0.71965370943720
8.9091369390788	0.71965345212259
8.8906422894425	0.71965321472249
8.8722242675348	0.71965299707870
8.8538823981099	0.71965279902911
8.8356162098438	0.71965262040786
8.8174252352941	0.71965246104541
8.7993090108600	0.71965232076862
8.7812670767428	0.71965219940092
8.7632989769073	0.71965209676234
8.7454042590432	0.71965201266967
8.7275824745269	0.71965194693654
8.7098331783847	0.71965189937349
8.6921559292549	0.71965186978813
8.6745502893519	0.71965185798518
8.6570158244297	0.71965186376660
8.6395521037464	0.71965188693168
8.6221587000288	0.71965192727713
8.6048351894374	0.71965198459716
8.5875811515325	0.71965205868364
8.5703961692396	0.71965214932608
8.5532798288160	0.71965225631184
8.5362317198178	0.71965237942612
8.5192514350668	0.71965251845214
8.5023385706183	0.71965267317115
8.4854927257288	0.71965284336257
8.4687135028249	0.71965302880405
8.4520005074711	0.71965322927157
8.4353533483399	0.71965344453952
8.4187716371806	0.71965367438080
8.4022549887892	0.71965391856686
8.3858030209790	0.71965417686783
8.3694153545505	0.71965444905257
8.3530916132627	0.71965473488879
8.3368314238042	0.71965503414308
8.3206344157646	0.71965534658101
8.3045002216066	0.71965567196721
8.2884284766381	0.71965601006546
8.2724188189845	0.71965636063875
8.2564708895621	0.71965672344934
8.2405843320506	0.71965709825886
8.2247587928669	0.71965748482839
8.2089939211391	0.71965788291851
8.1932893686800	0.71965829228935
8.1776447899618	0.71965871270073
8.1620598420909	0.71965914391216
8.1465341847826	0.71965958568295
8.1310674803363	0.71966003777226
8.1156593936113	0.71966049993918
8.1003095920022	0.71966097194278
8.0850177454153	0.71966145354218
8.0697835262450	0.71966194449661
8.0546066093498	0.71966244456551
8.0394866720300	0.71966295350852
8.0244233940043	0.71966347108561
8.0094164573871	0.71966399705712
7.9944655466667	0.71966453118378
7.9795703486825	0.71966507322683
7.9647305526036	0.71966562294805
7.9499458499072	0.71966618010980
7.9352159343568	0.71966674447509
7.9205405019815	0.71966731580767
7.9059192510549	0.71966789387201
7.8913518820742	0.71966847843342
7.8768380977404	0.71966906925807
7.8623776029373	0.71966966611304
7.8479701047120	0.71967026876641
7.8336153122550	0.71967087698723
7.8193129368805	0.71967149054566
7.8050626920073	0.71967210921296
7.7908642931393	0.71967273276155
7.7767174578470	0.71967336096506
7.7626219057483	0.71967399359838
7.7485773584906	0.71967463043769
7.7345835397317	0.71967527126052
7.7206401751223	0.71967591584579
7.7067469922879	0.71967656397384
7.6929037208109	0.71967721542648
7.6791100922131	0.71967786998702
7.6653658399386	0.71967852744033
7.6516706993364	0.71967918757287
7.6380244076433	0.71967985017272
7.6244267039674	0.71968051502961
7.6108773292714	0.71968118193498
7.5973760263558	0.71968185068199
7.5839225398432	0.71968252106560
7.5705166161616	0.71968319288253
7.5571580035291	0.71968386593136
7.5438464519376	0.71968454001252
7.5305817131374	0.71968521492835
7.5173635406219	0.71968589048311
7.5041916896120	0.71968656648302
7.4910659170415	0.71968724273627
7.4779859815415	0.71968791905309
7.4649516434263	0.71968859524573
7.4519626646781	0.71968927112852
7.4390188089330	0.71968994651788
7.4261198414664	0.71969062123233
7.4132655291790	0.71969129509256
7.4004556405826	0.71969196792141
7.3876899457861	0.71969263954390
7.3749682164822	0.71969330978728
7.3622902259332	0.71969397848101
7.3496557489581	0.71969464545682
7.3370645619187	0.71969531054868
7.3245164427071	0.71969597359289
7.3120111707317	0.71969663442803
7.2995485269053	0.71969729289501
7.2871282936315	0.71969794883708
7.2747502547925	0.71969860209985
7.2624141957364	0.71969925253130
7.2501199032648	0.71969989998181
7.2378671656205	0.71970054430414
7.2256557724753	0.71970118535347
7.2134855149182	0.71970182298742
7.2013561854432	0.71970245706603
7.1892675779376	0.71970308745179
7.1772194876706	0.71970371400967
7.1652117112811	0.71970433660709
7.1532440467669	0.71970495511394
7.1413162934731	0.71970556940263
7.1294282520809	0.71970617934802
7.1175797245964	0.71970678482751
7.1057705143399	0.71970738572099
7.0940004259347	0.71970798191085
7.0822692652965	0.71970857328203
7.0705768396226	0.71970915972196
7.0589229573817	0.71970974112062
7.0473074283028	0.71971031737051
7.0357300633654	0.71971088836666
7.0241906747891	0.71971145400664
7.0126890760234	0.71971201419055
7.0012250817375	0.71971256882104
6.9897985078107	0.71971311780328
6.9784091713222	0.71971366104498
6.9670568905415	0.71971419845640
6.9557414849188	0.71971472995031
6.9444627750753	0.71971525544203
6.9332205827937	0.71971577484940
6.9220147310090	0.71971628809280
6.9108450437990	0.71971679509511
6.8997113463751	0.71971729578175
6.8886134650735	0.71971779008063
6.8775512273457	0.71971827792219
6.8665244617499	0.71971875923935
6.8555329979419	0.71971923396755
6.8445766666667	0.71971970204470
6.8336552997493	0.71972016341120
6.8227687300865	0.71972061800991
6.8119167916383	0.71972106578617
6.8010993194192	0.71972150668777
6.7903161494904	0.71972194066494
6.7795671189507	0.71972236767035
6.7688520659291	0.71972278765911
6.7581708295762	0.71972320058871
6.7475232500563	0.71972360641908
6.7369091685393	0.71972400511252
6.7263284271932	0.71972439663372
6.7157808691756	0.71972478094973
6.7052663386267	0.71972515802996
6.6947846806610	0.71972552784616
6.6843357413601	0.71972589037240
6.6739193677649	0.71972624558506
6.6635354078684	0.71972659346283
6.6531837106081	0.71972693398667
6.6428641258586	0.71972726713981
6.6325765044248	0.71972759290774
6.6223206980340	0.71972791127818
6.6120965593295	0.71972822224104
6.6019039418630	0.71972852578847
6.5917427000879	0.71972882191479
6.5816126893524	0.71972911061647
6.5715137658922	0.71972939189215
6.5614457868243	0.71972966574257
6.5514086101399	0.71972993217061
6.5414020946978	0.71973019118122
6.5314261002179	0.71973044278143
6.5214804872743	0.71973068698031
6.5115651172893	0.71973092378898
6.5016798525266	0.71973115322055
6.4918245560849	0.71973137529013
6.4819990918919	0.71973159001479
6.4722033246978	0.71973179741357
6.4624371200690	0.71973199750740
6.4527003443823	0.71973219031914
6.4429928648184	0.71973237587353
6.4333145493562	0.71973255419715
6.4236652667667	0.71973272531843
6.4140448866068	0.71973288926761
6.4044532792138	0.71973304607673
6.3948903156997	0.71973319577958
6.3853558679446	0.71973333841170
6.3758498085921	0.71973347401035
6.3663720110427	0.71973360261449
6.3569223494487	0.71973372426473
6.3475006987084	0.71973383900335
6.3381069344609	0.71973394687423
6.3287409330800	0.71973404792287
6.3194025716695	0.71973414219632
6.3100917280572	0.71973422974318
6.3008082807902	0.71973431061358
6.2915521091291	0.71973438485913
6.2823230930427	0.71973445253292
6.2731211132036	0.71973451368948
6.2639460509820	0.71973456838476
6.2547977884415	0.71973461667609
6.2456762083333	0.71973465862216
6.2365811940919	0.71973469428302
6.2275126298297	0.71973472372001
6.2184704003319	0.71973474699576
6.2094543910522	0.71973476417416
6.2004644881075	0.71973477532033
6.1915005782734	0.71973478050058
6.1825625489792	0.71973477978242
6.1736502883031	0.71973477323448
6.1647636849681	0.71973476092652
6.1559026283368	0.71973474292941
6.1470670084068	0.71973471931506
6.1382567158067	0.71973469015644
6.1294716417910	0.71973465552752
6.1207116782360	0.71973461550325
6.1119767176351	0.71973457015954
6.1032666530945	0.71973451957321
6.0945813783289	0.71973446382202
6.0859207876573	0.71973440298455
6.0772847759984	0.71973433714027
6.0686732388664	0.71973426636942
6.0600860723671	0.71973419075307
6.0515231731934	0.71973411037303
6.0429844386212	0.71973402531182
6.0344697665056	0.71973393565271
6.0259790552764	0.71973384147960
6.0175122039342	0.71973374287706
6.0090691120465	0.71973363993029
6.0006496797438	0.71973353272506
5.9922538077154	0.71973342134770
5.9838813972056	0.71973330588511
5.9755323500100	0.71973318642466
5.9672065684713	0.71973306305421
5.9589039554760	0.71973293586210
5.9506244144502	0.71973280493705
5.9423678493558	0.71973267036821
5.9341341646873	0.71973253224510
5.9259232654675	0.71973239065755
5.9177350572444	0.71973224569574
5.9095694460871	0.71973209745012
5.9014263385827	0.71973194601140
5.8933056418321	0.71973179147054
5.8852072634472	0.71973163391868
5.8771311115468	0.71973147344716
5.8690770947533	0.71973131014746
5.8610451221896	0.71973114411119
5.8530351034752	0.71973097543007
5.8450469487229	0.71973080419587
5.8370805685358	0.71973063050043
5.8291358740035	0.71973045443558
5.8212127766990	0.71973027609317
5.8133111886756	0.71973009556502
5.8054310224632	0.71972991294287
5.7975721910656	0.71972972831839
5.7897346079567	0.71972954178315
5.7819181870781	0.71972935342856
5.7741228428351	0.71972916334589
5.7663484900942	0.71972897162622
5.7585950441798	0.71972877836042
5.7508624208709	0.71972858363914
5.7431505363985	0.71972838755275
5.7354593074421	0.71972819019134
5.7277886511272	0.71972799164470
5.7201384850219	0.71972779200229
5.7125087271341	0.71972759135322
5.7048992959087	0.71972738978621
5.6973101102242	0.71972718738958
5.6897410893908	0.71972698425123
5.6821921531463	0.71972678045861
5.6746632216544	0.71972657609870
5.6671542155009	0.71972637125800
5.6596650556919	0.71972616602247
5.6521956636501	0.71972596047755
5.6447459612126	0.71972575470812
5.6373158706281	0.71972554879847
5.6299053145540	0.71972534283231
5.6225142160540	0.71972513689269
5.6151424985952	0.71972493106206
5.6077900860456	0.71972472542218
5.6004569026714	0.71972452005412
5.5931428731343	0.71972431503827
5.5858479224893	0.71972411045427
5.5785719761816	0.71972390638103
5.5713149600446	0.71972370289670
5.5640768002970	0.71972350007864
5.5568574235403	0.71972329800341
5.5496567567568	0.71972309674674
5.5424747273063	0.71972289638356
5.5353112629247	0.71972269698789
5.5281662917204	0.71972249863292
5.5210397421731	0.71972230139093
5.5139315431304	0.71972210533329
5.5068416238060	0.71972191053046
5.4997699137773	0.71972171705195
5.4927163429828	0.71972152496631
5.4856808417200	0.71972133434111
5.4786633406433	0.71972114524296
5.4716637707611	0.71972095773743
5.4646820634342	0.71972077188910
5.4577181503732	0.71972058776150
5.4507719636364	0.71972040541711
5.4438434356274	0.71972022491735
5.4369324990932	0.71972004632258
5.4300390871219	0.71971986969205
5.4231631331404	0.71971969508391
5.4163045709124	0.71971952255521
5.4094633345363	0.71971935216186
5.4026393584430	0.71971918395862
5.3958325773938	0.71971901799913
5.3890429264785	0.71971885433582
5.3822703411131	0.71971869301999
5.3755147570378	0.71971853410173
5.3687761103152	0.71971837762994
5.3620543373278	0.71971822365232
5.3553493747767	0.71971807221533
5.3486611596789	0.71971792336424
5.3419896293656	0.71971777714306
5.3353347214807	0.71971763359456
5.3286963739780	0.71971749276026
5.3220745251198	0.71971735468043
5.3154691134752	0.71971721939406
5.3088800779175	0.71971708693886
5.3023073576229	0.71971695735127
5.2957508920685	0.71971683066643
5.2892106210303	0.71971670691820
5.2826864845815	0.71971658613911
5.2761784230905	0.71971646836041
5.2696863772192	0.71971635361202
5.2632102879213	0.71971624192255
5.2567500964405	0.71971613331928
5.2503057443082	0.71971602782817
5.2438771733427	0.71971592547384
5.2374643256464	0.71971582627958
5.2310671436050	0.71971573026735
5.2246855698850	0.71971563745774
5.2183195474326	0.71971554787004
5.2119690194715	0.71971546152215
5.2056339295016	0.71971537843065
5.1993142212973	0.71971529861076
5.1930098389052	0.71971522207634
5.1867207266436	0.71971514883993
5.1804468290997	0.71971507891267
5.1741880911288	0.71971501230439
5.1679444578521	0.71971494902354
5.1617158746556	0.71971488907724
5.1555022871883	0.71971483247124
5.1493036413604	0.71971477920995
5.1431198833419	0.71971472929642
5.1369509595613	0.71971468273239
5.1307968167037	0.71971463951820
5.1246574017094	0.71971459965290
5.1185326617722	0.71971456313416
5.1124225443383	0.71971452995836
5.1063269971044	0.71971450012051
5.1002459680163	0.71971447361430
5.0941794052676	0.71971445043211
5.0881272572980	0.71971443056500
5.0820894727920	0.71971441400271
5.0760660006773	0.71971440073367
5.0700567901235	0.71971439074501
5.0640617905405	0.71971438402257
5.0580809515775	0.71971438055089
5.0521142231210	0.71971438031325
5.0461615552937	0.71971438329161
5.0402228984533	0.71971438946671
5.0342982031906	0.71971439881800
5.0283874203287	0.71971441132369
5.0224905009214	0.71971442696072
5.0166073962517	0.71971444570484
5.0107380578305	0.71971446753053
5.0048824373957	0.71971449241108
4.9990404869101	0.71971452031855
4.9932121585610	0.71971455122383
4.9873974047579	0.71971458509659
4.9815961781323	0.71971462190535
4.9758084315353	0.71971466161745
4.9700341180371	0.71971470419908
4.9642731909256	0.71971474961528
4.9585256037049	0.71971479782997
4.9527913100942	0.71971484880595
4.9470702640264	0.71971490250489
4.9413624196473	0.71971495888740
4.9356677313138	0.71971501791298
4.9299861535932	0.71971507954008
4.9243176412615	0.71971514372609
4.9186621493027	0.71971521042735
4.9130196329072	0.71971527959920
4.9073900474709	0.71971535119595
4.9017733485939	0.71971542517090
4.8961694920790	0.71971550147639
4.8905784339315	0.71971558006379
4.8850001303569	0.71971566088351
4.8794345377604	0.71971574388503
4.8738816127459	0.71971582901692
4.8683413121143	0.71971591622682
4.8628135928629	0.71971600546152
4.8572984121841	0.71971609666691
4.8517957274640	0.71971618978804
4.8463054962819	0.71971628476913
4.8408276764088	0.71971638155358
4.8353622258065	0.71971648008398
4.8299091026261	0.71971658030215
4.8244682652076	0.71971668214915
4.8190396720784	0.71971678556529
4.8136232819525	0.71971689049014
4.8082190537289	0.71971699686259
4.8028269464915	0.71971710462083
4.7974469195071	0.71971721370237
4.7920789322251	0.71971732404410
4.7867229442759	0.71971743558226
4.7813789154705	0.71971754825248
4.7760468057989	0.71971766198981
4.7707265754297	0.71971777672875
4.7654181847083	0.71971789240321
4.7601215941569	0.71971800894661
4.7548367644726	0.71971812629185
4.7495636565272	0.71971824437135
4.7443022313657	0.71971836311707
4.7390524502055	0.71971848246053
4.7338142744355	0.71971860233281
4.7285876656151	0.71971872266463
4.7233725854735	0.71971884338631
4.7181689959081	0.71971896442781
4.7129768589844	0.71971908571878
4.7077961369347	0.71971920718856
4.7026267921569	0.71971932876618
4.6974687872140	0.71971945038044
4.6923220848333	0.71971957195988
4.6871866479049	0.71971969343283
4.6820624394815	0.71971981472742
4.6769494227769	0.71971993577162
4.6718475611657	0.71972005649325
4.6667568181818	0.71972017682000
4.6616771575183	0.71972029667946
4.6566085430258	0.71972041599916
4.6515509387122	0.71972053470657
4.6465043087415	0.71972065272911
4.6414686174330	0.71972076999424
4.6364438292607	0.71972088642939
4.6314299088522	0.71972100196207
4.6264268209877	0.71972111651984
4.6214345305997	0.71972123003037
4.6164530027718	0.71972134242142
4.6114822027380	0.71972145362092
4.6065220958820	0.71972156355695
4.6015726477360	0.71972167215777
4.5966338239804	0.71972177935187
4.5917055904426	0.71972188506799
4.5867879130967	0.71972198923510
4.5818807580621	0.71972209178249
4.5769840916031	0.71972219263975
4.5720978801281	0.71972229173679
4.5672220901889	0.71972238900392
4.5623566884797	0.71972248437180
4.5575016418364	0.71972257777152
4.5526569172361	0.71972266913462
4.5478224817961	0.71972275839306
4.5429983027731	0.71972284547932
4.5381843475628	0.71972293032637
4.5333805836988	0.71972301286773
4.5285869788520	0.71972309303747
4.5238035008299	0.71972317077023
4.5190301175761	0.71972324600129
4.5142667971691	0.71972331866652
4.5095135078219	0.71972338870249
4.5047702178813	0.71972345604641
4.5000368958271	0.71972352063622
4.4953135102714	0.71972358241057
4.4906000299581	0.71972364130889
4.4858964237618	0.71972369727135
4.4812026606876	0.71972375023894
4.4765187098701	0.71972380015348
4.4718445405728	0.71972384695761
4.4671801221875	0.71972389059488
4.4625254242334	0.71972393100969
4.4578804163569	0.71972396814738
4.4532450683304	0.71972400195424
4.4486193500519	0.71972403237750
4.4440032315446	0.71972405936539
4.4393966829557	0.71972408286713
4.4347996745562	0.71972410283300
4.4302121767401	0.71972411921430
4.4256341600236	0.71972413196343
4.4210655950450	0.71972414103388
4.4165064525633	0.71972414638025
4.4119567034584	0.71972414795829
4.4074163187298	0.71972414572489
4.4028852694963	0.71972413963816
4.3983635269953	0.71972412965739
4.3938510625824	0.71972411574309
4.3893478477306	0.71972409785702
4.3848538540295	0.71972407596221
4.3803690531853	0.71972405002297
4.3758934170194	0.71972402000492
4.3714269174686	0.71972398587500
4.3669695265841	0.71972394760150
4.3625212165309	0.71972390515406
4.3580819595871	0.71972385850371
4.3536517281441	0.71972380762289
4.3492304947048	0.71972375248544
4.3448182318841	0.71972369306664
4.3404149124077	0.71972362934324
4.3360205091119	0.71972356129345
4.3316349949429	0.71972348889696
4.3272583429561	0.71972341213499
4.3228905263158	0.71972333099026
4.3185315182944	0.71972324544703
4.3141812922723	0.71972315549113
4.3098398217366	0.71972306110995
4.3055070802815	0.71972296229245
4.3011830416069	0.71972285902923
4.2968676795184	0.71972275131245
4.2925609679267	0.71972263913595
4.2882628808468	0.71972252249517
4.2839733923978	0.71972240138724
4.2796924768023	0.71972227581093
4.2754201083856	0.71972214576672
4.2711562615757	0.71972201125675
4.2669009109024	0.71972187228489
4.2626540309967	0.71972172885672
4.2584155965909	0.71972158097956
4.2541855825174	0.71972142866243
4.2499639637085	0.71972127191614
4.2457507151961	0.71972111075325
4.2415458121109	0.71972094518807
4.2373492296820	0.71972077523670
4.2331609432364	0.71972060091703
4.2289809281986	0.71972042224873
4.2248091600902	0.71972023925328
4.2206456145291	0.71972005195397
4.2164902672293	0.71971986037590
4.2123430940003	0.71971966454599
4.2082040707468	0.71971946449300
4.2040731734680	0.71971926024749
4.1999503782572	0.71971905184191
4.1958356613016	0.71971883931049
4.1917289988814	0.71971862268935
4.1876303673697	0.71971840201645
4.1835397432319	0.71971817733158
4.1794571030252	0.71971794867641
4.1753824233983	0.71971771609444
4.1713156810909	0.71971747963104
4.1672568529330	0.71971723933345
4.1632059158450	0.71971699525073
4.1591628468368	0.71971674743384
4.1551276230076	0.71971649593556
4.1511002215453	0.71971624081055
4.1470806197261	0.71971598211530
4.1430687949143	0.71971571990815
4.1390647245616	0.71971545424932
4.1350683862069	0.71971518520082
4.1310797574755	0.71971491282654
4.1270988160793	0.71971463719218
4.1231255398157	0.71971435836527
4.1191599065677	0.71971407641517
4.1152018943034	0.71971379141305
4.1112514810752	0.71971350343188
4.1073086450199	0.71971321254643
4.1033733643581	0.71971291883326
4.0994456173937	0.71971262237072
4.0955253825137	0.71971232323891
4.0916126381875	0.71971202151971
4.0877073629670	0.71971171729675
4.0838095354856	0.71971141065536
4.0799191344584	0.71971110168265
4.0760361386812	0.71971079046740
4.0721605270307	0.71971047710009
4.0682922784638	0.71971016167291
4.0644313720174	0.71970984427968
4.0605777868075	0.71970952501590
4.0567315020298	0.71970920397870
4.0528924969582	0.71970888126681
4.0490607509454	0.71970855698059
4.0452362434219	0.71970823122194
4.0414189538959	0.71970790409436
4.0376088619529	0.71970757570287
4.0338059472551	0.71970724615402
4.0300101895416	0.71970691555585
4.0262215686274	0.71970658401790
4.0224400644036	0.71970625165113
4.0186656568365	0.71970591856795
4.0148983259676	0.71970558488219
4.0111380519133	0.71970525070902
4.0073848148643	0.71970491616501
4.0036385950855	0.71970458136803
3.9998993729153	0.71970424643725
3.9961671287657	0.71970391149315
3.9924418431216	0.71970357665740
3.9887234965407	0.71970324205292
3.9850120696531	0.71970290780381
3.9813075431607	0.71970257403531
3.9776098978373	0.71970224087379
3.9739191145281	0.71970190844672
3.9702351741491	0.71970157688259
3.9665580576872	0.71970124631094
3.9628877461996	0.71970091686229
3.9592242208135	0.71970058866810
3.9555674627260	0.71970026186076
3.9519174532033	0.71969993657351
3.9482741735809	0.71969961294044
3.9446376052632	0.71969929109646
3.9410077297226	0.71969897117719
3.9373845285001	0.71969865331901
3.9337679832043	0.71969833765895
3.9301580755113	0.71969802433469
3.9265547871644	0.71969771348449
3.9229580999738	0.71969740524715
3.9193679958164	0.71969709976199
3.9157844566353	0.71969679716877
3.9122074644395	0.71969649760768
3.9086370013038	0.71969620121923
3.9050730493682	0.71969590814430
3.9015155908381	0.71969561852398
3.8979646079834	0.71969533249961
3.8944200831385	0.71969505021269
3.8908819987021	0.71969477180482
3.8873503371369	0.71969449741767
3.8838250809690	0.71969422719292
3.8803062127880	0.71969396127219
3.8767937152463	0.71969369979701
3.8732875710594	0.71969344290875
3.8697877630050	0.71969319074856
3.8662942739231	0.71969294345732
3.8628070867156	0.71969270117560
3.8593261843460	0.71969246404354
3.8558515498392	0.71969223220086
3.8523831662812	0.71969200578677
3.8489210168186	0.71969178493989
3.8454650846588	0.71969156979822
3.8420153530693	0.71969136049907
3.8385718053777	0.71969115717895
3.8351344249712	0.71969095997358
3.8317031952965	0.71969076901776
3.8282780998595	0.71969058444535
3.8248591222251	0.71969040638916
3.8214462460166	0.71969023498092
3.8180394549159	0.71969007035117
3.8146387326632	0.71968991262923
3.8112440630562	0.71968976194310
3.8078554299505	0.71968961841940
3.8044728172589	0.71968948218330
3.8010962089514	0.71968935335843
3.7977255890550	0.71968923206681
3.7943609416530	0.71968911842880
3.7910022508852	0.71968901256298
3.7876495009476	0.71968891458611
3.7843026760919	0.71968882461303
3.7809617606256	0.71968874275659
3.7776267389113	0.71968866912755
3.7742975953670	0.71968860383453
3.7709743144654	0.71968854698392
3.7676568807339	0.71968849867978
3.7643452787544	0.71968845902376
3.7610394931627	0.71968842811503
3.7577395086488	0.71968840605019
3.7544453099562	0.71968839292316
3.7511568818819	0.71968838882513
3.7478742092762	0.71968839384445
3.7445972770422	0.71968840806654
3.7413260701360	0.71968843157382
3.7380605735661	0.71968846444557
3.7348007723932	0.71968850675791
3.7315466517301	0.71968855858365
3.7282981967417	0.71968861999221
3.7250553926441	0.71968869104955
3.7218182247052	0.71968877181803
3.7185866782436	0.71968886235638
3.7153607386293	0.71968896271952
3.7121403912828	0.71968907295853
3.7089256216751	0.71968919312053
3.7057164153276	0.71968932324855
3.7025127578115	0.71968946338149
3.6993146347483	0.71968961355398
3.6961220318087	0.71968977379625
3.6929349347130	0.71968994413410
3.6897533292308	0.71969012458874
3.6865772011805	0.71969031517671
3.6834065364295	0.71969051590975
3.6802413208937	0.71969072679473
3.6770815405372	0.71969094783351
3.6739271813725	0.71969117902285
3.6707782294600	0.71969142035429
3.6676346709078	0.71969167181407
3.6644964918714	0.71969193338297
3.6613636785540	0.71969220503624
3.6582362172056	0.71969248674345
3.6551140941234	0.71969277846845
3.6519972956511	0.71969308016914
3.6488858081792	0.71969339179749
3.6457796181442	0.71969371329930
3.6426787120292	0.71969404461417
3.6395830763628	0.71969438567535
3.6364926977196	0.71969473640963
3.6334075627197	0.71969509673721
3.6303276580286	0.71969546657158
3.6272529703569	0.71969584581943
3.6241834864603	0.71969623438050
3.6211191931393	0.71969663214745
3.6180600772387	0.71969703900577
3.6150061256481	0.71969745483365
3.6119573253012	0.71969787950182
3.6089136631756	0.71969831287347
3.6058751262930	0.71969875480412
3.6028417017185	0.71969920514144
3.5998133765610	0.71969966372521
3.5967901379724	0.71970013038712
3.5937719731479	0.71970060495067
3.5907588693257	0.71970108723106
3.5877508137865	0.71970157703501
3.5847477938539	0.71970207416070
3.5817497968937	0.71970257839755
3.5787568103140	0.71970308952617
3.5757688215649	0.71970360731820
3.5727858181385	0.71970413153615
3.5698077875685	0.71970466193331
3.5668347174301	0.71970519825356
3.5638665953400	0.71970574023132
3.5609034089559	0.71970628759131
3.5579451459767	0.71970684004851
3.5549917941421	0.71970739730795
3.5520433412322	0.71970795906463
3.5490997750681	0.71970852500332
3.5461610835108	0.71970909479850
3.5432272544616	0.71970966811413
3.5402982758621	0.71971024460359
3.5373741356932	0.71971082390950
3.5344548219759	0.71971140566356
3.5315403227706	0.71971198948647
3.5286306261770	0.71971257498773
3.5257257203340	0.71971316176552
3.5228255934195	0.71971374940655
3.5199302336503	0.71971433748593
3.5170396292820	0.71971492556702
3.5141537686086	0.71971551320127
3.5112726399625	0.71971609992808
3.5083962317145	0.71971668527469
3.5055245322732	0.71971726875597
3.5026575300853	0.71971784987433
3.4997952136353	0.71971842811953
3.4969375714452	0.71971900296857
3.4940845920746	0.71971957388551
3.4912362641202	0.71972014032135
3.4883925762160	0.71972070171384
3.4855535170329	0.71972125748737
3.4827190752788	0.71972180705281
3.4798892396982	0.71972234980736
3.4770639990721	0.71972288513437
3.4742433422181	0.71972341240323
3.4714272579898	0.71972393096921
3.4686157352771	0.71972444017327
3.4658087630058	0.71972493934198
3.4630063301375	0.71972542778728
3.4602084256694	0.71972590480640
3.4574150386345	0.71972636968166
3.4546261581009	0.71972682168036
3.4518417731721	0.71972726005458
3.4490618729867	0.71972768404106
3.4462864467180	0.71972809286101
3.4435154835745	0.71972848572000
3.4407489727993	0.71972886180777
3.4379869036697	0.71972922029810
3.4352292654979	0.71972956034863
3.4324760476300	0.71972988110072
3.4297272394463	0.71973018167929
3.4269828303612	0.71973046119267
3.4242428098230	0.71973071873243
3.4215071673134	0.71973095337324
3.4187758923480	0.71973116417270
3.4160489744758	0.71973135017119
3.4133264032791	0.71973151039171
3.4106081683732	0.71973164383974
3.4078942594066	0.71973174950304
3.4051846660609	0.71973182635155
3.4024793780502	0.71973187333720
3.3997783851213	0.71973188939373
3.3970816770538	0.71973187343659
3.3943892436594	0.71973182436275
3.3917010747822	0.71973174105053
3.3890171602984	0.71973162235947
3.3863374901163	0.71973146713015
3.3836620541761	0.71973127418407
3.3809908424495	0.71973104232344
3.3783238449403	0.71973077033106
3.3756610516834	0.71973045697016
3.3730024527453	0.71973010098422
3.3703480382237	0.71972970109684
3.3676977982476	0.71972925601159
3.3650517229768	0.71972876441179
3.3624098026021	0.71972822496045
3.3597720273451	0.71972763630004
3.3571383874580	0.71972699705236
3.3545088732237	0.71972630581838
3.3518834749553	0.71972556117809
3.3492621829963	0.71972476169035
3.3466449877205	0.71972390589271
3.3440318795315	0.71972299230129
3.3414228488631	0.71972201941059
3.3388178861789	0.71972098569336
3.3362169819720	0.71971988960045
3.3336201267653	0.71971872956062
3.3310273111111	0.71971750398045
