#Parameters = {thARC=0.2; nARC=2.25; thsub=1; p=1; nSub=3.25}
#"Wavelength / um"	"T (518) [Real Part]"
#---------------------------------------
14.989622900000	0.72596073260047
14.937342202292	0.72602182504029
14.885424925521	0.72608255374316
14.833867293419	0.72614292634562
14.782665581854	0.72620295042592
14.731816117936	0.72626263350393
14.681315279138	0.72632198304110
14.631159492435	0.72638100644038
14.581345233463	0.72643971104621
14.531869025691	0.72649810414448
14.482727439614	0.72655619296249
14.433917091960	0.72661398466890
14.385434644914	0.72667148637380
14.337276805356	0.72672870512856
14.289440324118	0.72678564792598
14.241921995249	0.72684232170015
14.194718655303	0.72689873332657
14.147827182633	0.72695488962206
14.101244496707	0.72701079734490
14.054967557431	0.72706646319471
14.008993364486	0.72712189381261
13.963318956684	0.72717709578119
13.917941411328	0.72723207562455
13.872857843591	0.72728683980836
13.828065405904	0.72734139473991
13.783561287356	0.72739574676820
13.739342713107	0.72744990218393
13.695406943810	0.72750386721964
13.651751275046	0.72755764804974
13.608373036768	0.72761125079061
13.565269592760	0.72766468150068
13.522438340099	0.72771794618051
13.479876708633	0.72777105077289
13.437582160466	0.72782400116296
13.395552189455	0.72787680317825
13.353784320713	0.72792946258890
13.312276110124	0.72798198510763
13.271025143869	0.72803437639000
13.230029037952	0.72808664203441
13.189285437747	0.72813878758234
13.148792017544	0.72819081851837
13.108546480105	0.72824274027041
13.068546556234	0.72829455820979
13.028790004346	0.72834627765143
12.989274610052	0.72839790385394
12.949998185745	0.72844944201986
12.910958570198	0.72850089729573
12.872153628167	0.72855227477229
12.833581250000	0.72860357948468
12.795239351259	0.72865481641252
12.757125872340	0.72870599048019
12.719238778108	0.72875710655692
12.681576057530	0.72880816945702
12.644135723323	0.72885918394003
12.606915811606	0.72891015471096
12.569914381551	0.72896108642043
12.533129515050	0.72901198366488
12.496559316382	0.72906285098679
12.460201911887	0.72911369287487
12.424055449648	0.72916451376424
12.388118099174	0.72921531803667
12.352388051092	0.72926611002080
12.316863516845	0.72931689399234
12.281542728390	0.72936767417425
12.246423937908	0.72941845473704
12.211505417515	0.72946923979893
12.176785458976	0.72952003342612
12.142262373431	0.72957083963299
12.107934491115	0.72962166238236
12.073800161095	0.72967250558570
12.039857751004	0.72972337310337
12.006105646776	0.72977426874489
11.972542252396	0.72982519626918
11.939165989646	0.72987615938476
11.905975297855	0.72992716175007
11.872968633663	0.72997820697364
11.840144470774	0.73002929861444
11.807501299724	0.73008044018205
11.775037627651	0.73013163513698
11.742751978065	0.73018288689088
11.710642890625	0.73023419880685
11.678708920919	0.73028557419970
11.646948640249	0.73033701633617
11.615360635413	0.73038852843524
11.583943508501	0.73044011366843
11.552695876686	0.73049177516001
11.521616372022	0.73054351598730
11.490703641242	0.73059533918097
11.459956345566	0.73064724772530
11.429373160503	0.73069924455847
11.398952775665	0.73075133257281
11.368693894577	0.73080351461515
11.338595234493	0.73085579348705
11.308655526217	0.73090817194509
11.278873513920	0.73096065270121
11.249247954972	0.73101323842295
11.219777619760	0.73106593173374
11.190461291527	0.73111873521325
11.161297766195	0.73117165139764
11.132285852209	0.73122468277983
11.103424370370	0.73127783180988
11.074712153676	0.73133110089521
11.046148047163	0.73138449240095
11.017730907755	0.73143800865023
10.989459604106	0.73149165192444
10.961333016453	0.73154542446361
10.933350036470	0.73159932846665
10.905509567115	0.73165336609170
10.877810522496	0.73170753945640
10.850251827723	0.73176185063821
10.822832418773	0.73181630167475
10.795551242348	0.73187089456405
10.768407255747	0.73192563126490
10.741399426729	0.73198051369717
10.714526733381	0.73203554374209
10.687788163993	0.73209072324255
10.661182716927	0.73214605400348
10.634709400497	0.73220153779210
10.608367232838	0.73225717633826
10.582155241793	0.73231297133473
10.556072464789	0.73236892443755
10.530117948718	0.73242503726634
10.504290749825	0.73248131140458
10.478589933590	0.73253774839995
10.453014574616	0.73259434976466
10.427563756522	0.73265111697575
10.402236571825	0.73270805147540
10.377032121841	0.73276515467127
10.351949516575	0.73282242793677
10.326987874612	0.73287987261145
10.302146323024	0.73293749000125
10.277423997257	0.73299528137886
10.252820041040	0.73305324798402
10.228333606278	0.73311139102382
10.203963852961	0.73316971167306
10.179709949066	0.73322821107453
10.155571070461	0.73328689033936
10.131546400811	0.73334575054729
10.107635131490	0.73340479274705
10.083836461487	0.73346401795662
10.060149597315	0.73352342716356
10.036573752929	0.73358302132536
10.013108149633	0.73364280136973
9.9897520159947	0.73370276819490
9.9665045877660	0.73376292266997
9.9433651077944	0.73382326563520
9.9203328259431	0.73388379790232
9.8974069990096	0.73394452025490
9.8745868906456	0.73400543344858
9.8518717712783	0.73406653821144
9.8292609180328	0.73412783524430
9.8067536146549	0.73418932522103
9.7843491514360	0.73425100878887
9.7620468251384	0.73431288656871
9.7398459389214	0.73437495915545
9.7177458022690	0.73443722711827
9.6957457309185	0.73449969100096
9.6738450467893	0.73456235132224
9.6520430779137	0.73462520857601
9.6303391583681	0.73468826323173
9.6087326282051	0.73475151573469
9.5872228333866	0.73481496650631
9.5658091257179	0.73487861594448
9.5444908627826	0.73494246442381
9.5232674078780	0.73500651229599
9.5021381299525	0.73507075989003
9.4811024035421	0.73513520751264
9.4601596087094	0.73519985544847
9.4393091309824	0.73526470396041
9.4185503612944	0.73532975328994
9.3978826959248	0.73539500365736
9.3773055364404	0.73546045526215
9.3568182896380	0.73552610828321
9.3364203674868	0.73559196287921
9.3161111870727	0.73565801918884
9.2958901705426	0.73572427733111
9.2757567450495	0.73579073740566
9.2557103426984	0.73585739949303
9.2357504004929	0.73592426365498
9.2158763602828	0.73599132993472
9.1960876687117	0.73605859835726
9.1763837771656	0.73612606892967
9.1567641417227	0.73619374164135
9.1372282231027	0.73626161646433
9.1177754866180	0.73632969335355
9.0984054021244	0.73639797224713
9.0791174439733	0.73646645306667
9.0599110909640	0.73653513571751
9.0407858262967	0.73660402008901
9.0217411375263	0.73667310605484
9.0027765165165	0.73674239347322
8.9838914593947	0.73681188218723
8.9650854665072	0.73688157202505
8.9463580423754	0.73695146280028
8.9277086956522	0.73702155431213
8.9091369390788	0.73709184634575
8.8906422894425	0.73716233867248
8.8722242675348	0.73723303105010
8.8538823981099	0.73730392322310
8.8356162098438	0.73737501492297
8.8174252352941	0.73744630586839
8.7993090108600	0.73751779576556
8.7812670767428	0.73758948430841
8.7632989769073	0.73766137117889
8.7454042590432	0.73773345604719
8.7275824745269	0.73780573857201
8.7098331783847	0.73787821840080
8.6921559292549	0.73795089517003
8.6745502893519	0.73802376850541
8.6570158244297	0.73809683802215
8.6395521037464	0.73817010332521
8.6221587000288	0.73824356400951
8.6048351894374	0.73831721966021
8.5875811515325	0.73839106985293
8.5703961692396	0.73846511415399
8.5532798288160	0.73853935212064
8.5362317198178	0.73861378330129
8.5192514350668	0.73868840723576
8.5023385706183	0.73876322345549
8.4854927257288	0.73883823148379
8.4687135028249	0.73891343083605
8.4520005074711	0.73898882101996
8.4353533483399	0.73906440153574
8.4187716371806	0.73914017187638
8.4022549887892	0.73921613152782
8.3858030209790	0.73929227996923
8.3694153545505	0.73936861667313
8.3530916132627	0.73944514110572
8.3368314238042	0.73952185272698
8.3206344157646	0.73959875099097
8.3045002216066	0.73967583534598
8.2884284766381	0.73975310523478
8.2724188189845	0.73983056009479
8.2564708895621	0.73990819935831
8.2405843320506	0.73998602245268
8.2247587928669	0.74006402880053
8.2089939211391	0.74014221781997
8.1932893686800	0.74022058892474
8.1776447899618	0.74029914152446
8.1620598420909	0.74037787502477
8.1465341847826	0.74045678882759
8.1310674803363	0.74053588233122
8.1156593936113	0.74061515493061
8.1003095920022	0.74069460601748
8.0850177454153	0.74077423498053
8.0697835262450	0.74085404120565
8.0546066093498	0.74093402407603
8.0394866720300	0.74101418297239
8.0244233940043	0.74109451727316
8.0094164573871	0.74117502635459
7.9944655466667	0.74125570959101
7.9795703486825	0.74133656635493
7.9647305526036	0.74141759601721
7.9499458499072	0.74149879794730
7.9352159343568	0.74158017151329
7.9205405019815	0.74166171608218
7.9059192510549	0.74174343101994
7.8913518820742	0.74182531569177
7.8768380977404	0.74190736946217
7.8623776029373	0.74198959169512
7.8479701047120	0.74207198175427
7.8336153122550	0.74215453900303
7.8193129368805	0.74223726280476
7.8050626920073	0.74232015252289
7.7908642931393	0.74240320752108
7.7767174578470	0.74248642716337
7.7626219057483	0.74256981081429
7.7485773584906	0.74265335783903
7.7345835397317	0.74273706760355
7.7206401751223	0.74282093947472
7.7067469922879	0.74290497282048
7.6929037208109	0.74298916700994
7.6791100922131	0.74307352141350
7.6653658399386	0.74315803540302
7.6516706993364	0.74324270835189
7.6380244076433	0.74332753963521
7.6244267039674	0.74341252862985
7.6108773292714	0.74349767471463
7.5973760263558	0.74358297727039
7.5839225398432	0.74366843568011
7.5705166161616	0.74375404932906
7.5571580035291	0.74383981760487
7.5438464519376	0.74392573989765
7.5305817131374	0.74401181560012
7.5173635406219	0.74409804410768
7.5041916896120	0.74418442481854
7.4910659170415	0.74427095713380
7.4779859815415	0.74435764045756
7.4649516434263	0.74444447419705
7.4519626646781	0.74453145776266
7.4390188089330	0.74461859056808
7.4261198414664	0.74470587203039
7.4132655291790	0.74479330157012
7.4004556405826	0.74488087861138
7.3876899457861	0.74496860258192
7.3749682164822	0.74505647291320
7.3622902259332	0.74514448904054
7.3496557489581	0.74523265040309
7.3370645619187	0.74532095644404
7.3245164427071	0.74540940661057
7.3120111707317	0.74549800035402
7.2995485269053	0.74558673712993
7.2871282936315	0.74567561639809
7.2747502547925	0.74576463762264
7.2624141957364	0.74585380027214
7.2501199032648	0.74594310381960
7.2378671656205	0.74603254774260
7.2256557724753	0.74612213152330
7.2134855149182	0.74621185464853
7.2013561854432	0.74630171660984
7.1892675779376	0.74639171690355
7.1772194876706	0.74648185503084
7.1652117112811	0.74657213049777
7.1532440467669	0.74666254281532
7.1413162934731	0.74675309149948
7.1294282520809	0.74684377607130
7.1175797245964	0.74693459605687
7.1057705143399	0.74702555098745
7.0940004259347	0.74711664039948
7.0822692652965	0.74720786383458
7.0705768396226	0.74729922083967
7.0589229573817	0.74739071096694
7.0473074283028	0.74748233377394
7.0357300633654	0.74757408882356
7.0241906747891	0.74766597568412
7.0126890760234	0.74775799392936
7.0012250817375	0.74785014313848
6.9897985078107	0.74794242289620
6.9784091713222	0.74803483279274
6.9670568905415	0.74812737242387
6.9557414849188	0.74822004139095
6.9444627750753	0.74831283930089
6.9332205827937	0.74840576576628
6.9220147310090	0.74849882040528
6.9108450437990	0.74859200284175
6.8997113463751	0.74868531270519
6.8886134650735	0.74877874963080
6.8775512273457	0.74887231325947
6.8665244617499	0.74896600323779
6.8555329979419	0.74905981921809
6.8445766666667	0.74915376085841
6.8336552997493	0.74924782782253
6.8227687300865	0.74934201977997
6.8119167916383	0.74943633640601
6.8010993194192	0.74953077738166
6.7903161494904	0.74962534239369
6.7795671189507	0.74972003113462
6.7688520659291	0.74981484330271
6.7581708295762	0.74990977860200
6.7475232500563	0.75000483674223
6.7369091685393	0.75010001743892
6.7263284271932	0.75019532041328
6.7157808691756	0.75029074539229
6.7052663386267	0.75038629210862
6.6947846806610	0.75048196030063
6.6843357413601	0.75057774971242
6.6739193677649	0.75067366009372
6.6635354078684	0.75076969119997
6.6531837106081	0.75086584279223
6.6428641258586	0.75096211463722
6.6325765044248	0.75105850650724
6.6223206980340	0.75115501818024
6.6120965593295	0.75125164943970
6.6019039418630	0.75134840007468
6.5917427000879	0.75144526987978
6.5816126893524	0.75154225865508
6.5715137658922	0.75163936620619
6.5614457868243	0.75173659234414
6.5514086101399	0.75183393688541
6.5414020946978	0.75193139965188
6.5314261002179	0.75202898047081
6.5214804872743	0.75212667917480
6.5115651172893	0.75222449560177
6.5016798525266	0.75232242959492
6.4918245560849	0.75242048100268
6.4819990918919	0.75251864967872
6.4722033246978	0.75261693548188
6.4624371200690	0.75271533827614
6.4527003443823	0.75281385793058
6.4429928648184	0.75291249431934
6.4333145493562	0.75301124732162
6.4236652667667	0.75311011682157
6.4140448866068	0.75320910270832
6.4044532792138	0.75330820487587
6.3948903156997	0.75340742322311
6.3853558679446	0.75350675765373
6.3758498085921	0.75360620807622
6.3663720110427	0.75370577440376
6.3569223494487	0.75380545655425
6.3475006987084	0.75390525445021
6.3381069344609	0.75400516801874
6.3287409330800	0.75410519719150
6.3194025716695	0.75420534190463
6.3100917280572	0.75430560209872
6.3008082807902	0.75440597771872
6.2915521091291	0.75450646871397
6.2823230930427	0.75460707503806
6.2731211132036	0.75470779664883
6.2639460509820	0.75480863350830
6.2547977884415	0.75490958558261
6.2456762083333	0.75501065284198
6.2365811940919	0.75511183526065
6.2275126298297	0.75521313281683
6.2184704003319	0.75531454549262
6.2094543910522	0.75541607327397
6.2004644881075	0.75551771615064
6.1915005782734	0.75561947411612
6.1825625489792	0.75572134716755
6.1736502883031	0.75582333530571
6.1647636849681	0.75592543853494
6.1559026283368	0.75602765686307
6.1470670084068	0.75612999030136
6.1382567158067	0.75623243886446
6.1294716417910	0.75633500257032
6.1207116782360	0.75643768144016
6.1119767176351	0.75654047549837
6.1032666530945	0.75664338477249
6.0945813783289	0.75674640929311
6.0859207876573	0.75684954909383
6.0772847759984	0.75695280421119
6.0686732388664	0.75705617468459
6.0600860723671	0.75715966055628
6.0515231731934	0.75726326187121
6.0429844386212	0.75736697867703
6.0344697665056	0.75747081102403
6.0259790552764	0.75757475896501
6.0175122039342	0.75767882255529
6.0090691120465	0.75778300185260
6.0006496797438	0.75788729691702
5.9922538077154	0.75799170781092
5.9838813972056	0.75809623459890
5.9755323500100	0.75820087734770
5.9672065684713	0.75830563612618
5.9589039554760	0.75841051100519
5.9506244144502	0.75851550205756
5.9423678493558	0.75862060935799
5.9341341646873	0.75872583298303
5.9259232654675	0.75883117301095
5.9177350572444	0.75893662952174
5.9095694460871	0.75904220259701
5.9014263385827	0.75914789231989
5.8933056418321	0.75925369877504
5.8852072634472	0.75935962204851
5.8771311115468	0.75946566222773
5.8690770947533	0.75957181940139
5.8610451221896	0.75967809365941
5.8530351034752	0.75978448509287
5.8450469487229	0.75989099379393
5.8370805685358	0.75999761985576
5.8291358740035	0.76010436337249
5.8212127766990	0.76021122443914
5.8133111886756	0.76031820315154
5.8054310224632	0.76042529960627
5.7975721910656	0.76053251390061
5.7897346079567	0.76063984613245
5.7819181870781	0.76074729640024
5.7741228428351	0.76085486480291
5.7663484900942	0.76096255143982
5.7585950441798	0.76107035641071
5.7508624208709	0.76117827981556
5.7431505363985	0.76128632175464
5.7354593074421	0.76139448232834
5.7277886511272	0.76150276163717
5.7201384850219	0.76161115978167
5.7125087271341	0.76171967686236
5.7048992959087	0.76182831297967
5.6973101102242	0.76193706823386
5.6897410893908	0.76204594272500
5.6821921531463	0.76215493655286
5.6746632216544	0.76226404981689
5.6671542155009	0.76237328261611
5.6596650556919	0.76248263504910
5.6521956636501	0.76259210721392
5.6447459612126	0.76270169920803
5.6373158706281	0.76281141112826
5.6299053145540	0.76292124307073
5.6225142160540	0.76303119513079
5.6151424985952	0.76314126740299
5.6077900860456	0.76325145998098
5.6004569026714	0.76336177295750
5.5931428731343	0.76347220642426
5.5858479224893	0.76358276047194
5.5785719761816	0.76369343519013
5.5713149600446	0.76380423066723
5.5640768002970	0.76391514699043
5.5568574235403	0.76402618424566
5.5496567567568	0.76413734251752
5.5424747273063	0.76424862188921
5.5353112629247	0.76436002244253
5.5281662917204	0.76447154425778
5.5210397421731	0.76458318741372
5.5139315431304	0.76469495198752
5.5068416238060	0.76480683805473
5.4997699137773	0.76491884568919
5.4927163429828	0.76503097496303
5.4856808417200	0.76514322594656
5.4786633406433	0.76525559870829
5.4716637707611	0.76536809331482
5.4646820634342	0.76548070983084
5.4577181503732	0.76559344831907
5.4507719636364	0.76570630884019
5.4438434356274	0.76581929145284
5.4369324990932	0.76593239621353
5.4300390871219	0.76604562317663
5.4231631331404	0.76615897239432
5.4163045709124	0.76627244391653
5.4094633345363	0.76638603779094
5.4026393584430	0.76649975406287
5.3958325773938	0.76661359277534
5.3890429264785	0.76672755396892
5.3822703411131	0.76684163768177
5.3755147570378	0.76695584394959
5.3687761103152	0.76707017280555
5.3620543373278	0.76718462428029
5.3553493747767	0.76729919840186
5.3486611596789	0.76741389519572
5.3419896293656	0.76752871468464
5.3353347214807	0.76764365688876
5.3286963739780	0.76775872182548
5.3220745251198	0.76787390950947
5.3154691134752	0.76798921995260
5.3088800779175	0.76810465316398
5.3023073576229	0.76822020914985
5.2957508920685	0.76833588791362
5.2892106210303	0.76845168945581
5.2826864845815	0.76856761377401
5.2761784230905	0.76868366086288
5.2696863772192	0.76879983071414
5.2632102879213	0.76891612331650
5.2567500964405	0.76903253865566
5.2503057443082	0.76914907671431
5.2438771733427	0.76926573747209
5.2374643256464	0.76938252090554
5.2310671436050	0.76949942698813
5.2246855698850	0.76961645569023
5.2183195474326	0.76973360697908
5.2119690194715	0.76985088081875
5.2056339295016	0.76996827717019
5.1993142212973	0.77008579599115
5.1930098389052	0.77020343723621
5.1867207266436	0.77032120085674
5.1804468290997	0.77043908680090
5.1741880911288	0.77055709501362
5.1679444578521	0.77067522543661
5.1617158746556	0.77079347800832
5.1555022871883	0.77091185266395
5.1493036413604	0.77103034933546
5.1431198833419	0.77114896795152
5.1369509595613	0.77126770843754
5.1307968167037	0.77138657071564
5.1246574017094	0.77150555470467
5.1185326617722	0.77162466032019
5.1124225443383	0.77174388747448
5.1063269971044	0.77186323607651
5.1002459680163	0.77198270603200
5.0941794052676	0.77210229724333
5.0881272572980	0.77222200960963
5.0820894727920	0.77234184302674
5.0760660006773	0.77246179738721
5.0700567901235	0.77258187258032
5.0640617905405	0.77270206849206
5.0580809515775	0.77282238500517
5.0521142231210	0.77294282199912
5.0461615552937	0.77306337935014
5.0402228984533	0.77318405693120
5.0342982031906	0.77330485461205
5.0283874203287	0.77342577225921
5.0224905009214	0.77354680973598
5.0166073962517	0.77366796690246
5.0107380578305	0.77378924361558
5.0048824373957	0.77391063972907
4.9990404869101	0.77403215509353
4.9932121585610	0.77415378955638
4.9873974047579	0.77427554296194
4.9815961781323	0.77439741515142
4.9758084315353	0.77451940596292
4.9700341180371	0.77464151523149
4.9642731909256	0.77476374278910
4.9585256037049	0.77488608846473
4.9527913100942	0.77500855208430
4.9470702640264	0.77513113347079
4.9413624196473	0.77525383244418
4.9356677313138	0.77537664882152
4.9299861535932	0.77549958241696
4.9243176412615	0.77562263304174
4.9186621493027	0.77574580050425
4.9130196329072	0.77586908461005
4.9073900474709	0.77599248516189
4.9017733485939	0.77611600195972
4.8961694920790	0.77623963480077
4.8905784339315	0.77636338347956
4.8850001303569	0.77648724778788
4.8794345377604	0.77661122751492
4.8738816127459	0.77673532244722
4.8683413121143	0.77685953236874
4.8628135928629	0.77698385706088
4.8572984121841	0.77710829630255
4.8517957274640	0.77723284987014
4.8463054962819	0.77735751753763
4.8408276764088	0.77748229907658
4.8353622258065	0.77760719425618
4.8299091026261	0.77773220284330
4.8244682652076	0.77785732460252
4.8190396720784	0.77798255929616
4.8136232819525	0.77810790668434
4.8082190537289	0.77823336652501
4.8028269464915	0.77835893857400
4.7974469195071	0.77848462258507
4.7920789322251	0.77861041830992
4.7867229442759	0.77873632549827
4.7813789154705	0.77886234389789
4.7760468057989	0.77898847325466
4.7707265754297	0.77911471331258
4.7654181847083	0.77924106381386
4.7601215941569	0.77936752449894
4.7548367644726	0.77949409510656
4.7495636565272	0.77962077537377
4.7443022313657	0.77974756503602
4.7390524502055	0.77987446382720
4.7338142744355	0.78000147147966
4.7285876656151	0.78012858772432
4.7233725854735	0.78025581229066
4.7181689959081	0.78038314490679
4.7129768589844	0.78051058529955
4.7077961369347	0.78063813319448
4.7026267921569	0.78076578831594
4.6974687872140	0.78089355038713
4.6923220848333	0.78102141913015
4.6871866479049	0.78114939426609
4.6820624394815	0.78127747551501
4.6769494227769	0.78140566259607
4.6718475611657	0.78153395522754
4.6667568181818	0.78166235312687
4.6616771575183	0.78179085601076
4.6566085430258	0.78191946359520
4.6515509387122	0.78204817559552
4.6465043087415	0.78217699172649
4.6414686174330	0.78230591170231
4.6364438292607	0.78243493523673
4.6314299088522	0.78256406204308
4.6264268209877	0.78269329183433
4.6214345305997	0.78282262432315
4.6164530027718	0.78295205922199
4.6114822027380	0.78308159624310
4.6065220958820	0.78321123509862
4.6015726477360	0.78334097550064
4.5966338239804	0.78347081716123
4.5917055904426	0.78360075979255
4.5867879130967	0.78373080310686
4.5818807580621	0.78386094681661
4.5769840916031	0.78399119063451
4.5720978801281	0.78412153427356
4.5672220901889	0.78425197744712
4.5623566884797	0.78438251986899
4.5575016418364	0.78451316125347
4.5526569172361	0.78464390131538
4.5478224817961	0.78477473977018
4.5429983027731	0.78490567633399
4.5381843475628	0.78503671072368
4.5333805836988	0.78516784265688
4.5285869788520	0.78529907185213
4.5238035008299	0.78543039802884
4.5190301175761	0.78556182090744
4.5142667971691	0.78569334020937
4.5095135078219	0.78582495565719
4.5047702178813	0.78595666697463
4.5000368958271	0.78608847388662
4.4953135102714	0.78622037611940
4.4906000299581	0.78635237340056
4.4858964237618	0.78648446545907
4.4812026606876	0.78661665202538
4.4765187098701	0.78674893283149
4.4718445405728	0.78688130761094
4.4671801221875	0.78701377609897
4.4625254242334	0.78714633803249
4.4578804163569	0.78727899315019
4.4532450683304	0.78741174119257
4.4486193500519	0.78754458190204
4.4440032315446	0.78767751502292
4.4393966829557	0.78781054030155
4.4347996745562	0.78794365748633
4.4302121767401	0.78807686632775
4.4256341600236	0.78821016657849
4.4210655950450	0.78834355799345
4.4165064525633	0.78847704032981
4.4119567034584	0.78861061334710
4.4074163187298	0.78874427680722
4.4028852694963	0.78887803047455
4.3983635269953	0.78901187411594
4.3938510625824	0.78914580750080
4.3893478477306	0.78927983040117
4.3848538540295	0.78941394259173
4.3803690531853	0.78954814384988
4.3758934170194	0.78968243395576
4.3714269174686	0.78981681269237
4.3669695265841	0.78995127984552
4.3625212165309	0.79008583520397
4.3580819595871	0.79022047855942
4.3536517281441	0.79035520970660
4.3492304947048	0.79049002844327
4.3448182318841	0.79062493457032
4.3404149124077	0.79075992789175
4.3360205091119	0.79089500821479
4.3316349949429	0.79103017534989
4.3272583429561	0.79116542911079
4.3228905263158	0.79130076931453
4.3185315182944	0.79143619578154
4.3141812922723	0.79157170833563
4.3098398217366	0.79170730680409
4.3055070802815	0.79184299101765
4.3011830416069	0.79197876081060
4.2968676795184	0.79211461602077
4.2925609679267	0.79225055648958
4.2882628808468	0.79238658206209
4.2839733923978	0.79252269258703
4.2796924768023	0.79265888791680
4.2754201083856	0.79279516790757
4.2711562615757	0.79293153241924
4.2669009109024	0.79306798131550
4.2626540309967	0.79320451446389
4.2584155965909	0.79334113173575
4.2541855825174	0.79347783300633
4.2499639637085	0.79361461815477
4.2457507151961	0.79375148706412
4.2415458121109	0.79388843962140
4.2373492296820	0.79402547571757
4.2331609432364	0.79416259524761
4.2289809281986	0.79429979811048
4.2248091600902	0.79443708420918
4.2206456145291	0.79457445345074
4.2164902672293	0.79471190574628
4.2123430940003	0.79484944101096
4.2082040707468	0.79498705916403
4.2040731734680	0.79512476012886
4.1999503782572	0.79526254383290
4.1958356613016	0.79540041020773
4.1917289988814	0.79553835918905
4.1876303673697	0.79567639071669
4.1835397432319	0.79581450473461
4.1794571030252	0.79595270119091
4.1753824233983	0.79609098003782
4.1713156810909	0.79622934123172
4.1672568529330	0.79636778473312
4.1632059158450	0.79650631050666
4.1591628468368	0.79664491852111
4.1551276230076	0.79678360874935
4.1511002215453	0.79692238116840
4.1470806197261	0.79706123575936
4.1430687949143	0.79720017250743
4.1390647245616	0.79733919140189
4.1350683862069	0.79747829243609
4.1310797574755	0.79761747560743
4.1270988160793	0.79775674091732
4.1231255398157	0.79789608837122
4.1191599065677	0.79803551797853
4.1152018943034	0.79817502975267
4.1112514810752	0.79831462371096
4.1073086450199	0.79845429987465
4.1033733643581	0.79859405826888
4.0994456173937	0.79873389892265
4.0955253825137	0.79887382186876
4.0916126381875	0.79901382714383
4.0877073629670	0.79915391478821
4.0838095354856	0.79929408484598
4.0799191344584	0.79943433736488
4.0760361386812	0.79957467239630
4.0721605270307	0.79971508999522
4.0682922784638	0.79985559022014
4.0644313720174	0.79999617313309
4.0605777868075	0.80013683879952
4.0567315020298	0.80027758728828
4.0528924969582	0.80041841867158
4.0490607509454	0.80055933302490
4.0452362434219	0.80070033042694
4.0414189538959	0.80084141095959
4.0376088619529	0.80098257470782
4.0338059472551	0.80112382175965
4.0300101895416	0.80126515220610
4.0262215686274	0.80140656614106
4.0224400644036	0.80154806366127
4.0186656568365	0.80168964486625
4.0148983259676	0.80183130985818
4.0111380519133	0.80197305874188
4.0073848148643	0.80211489162467
4.0036385950855	0.80225680861635
3.9998993729153	0.80239880982906
3.9961671287657	0.80254089537726
3.9924418431216	0.80268306537756
3.9887234965407	0.80282531994870
3.9850120696531	0.80296765921141
3.9813075431607	0.80311008328835
3.9776098978373	0.80325259230399
3.9739191145281	0.80339518638450
3.9702351741491	0.80353786565771
3.9665580576872	0.80368063025290
3.9628877461996	0.80382348030081
3.9592242208135	0.80396641593343
3.9555674627260	0.80410943728395
3.9519174532033	0.80425254448664
3.9482741735809	0.80439573767669
3.9446376052632	0.80453901699017
3.9410077297226	0.80468238256381
3.9373845285001	0.80482583453496
3.9337679832043	0.80496937304142
3.9301580755113	0.80511299822134
3.9265547871644	0.80525671021304
3.9229580999738	0.80540050915494
3.9193679958164	0.80554439518538
3.9157844566353	0.80568836844248
3.9122074644395	0.80583242906403
3.9086370013038	0.80597657718733
3.9050730493682	0.80612081294903
3.9015155908381	0.80626513648500
3.8979646079834	0.80640954793017
3.8944200831385	0.80655404741838
3.8908819987021	0.80669863508223
3.8873503371369	0.80684331105291
3.8838250809690	0.80698807546002
3.8803062127880	0.80713292843147
3.8767937152463	0.80727787009323
3.8732875710594	0.80742290056923
3.8697877630050	0.80756801998115
3.8662942739231	0.80771322844824
3.8628070867156	0.80785852608718
3.8593261843460	0.80800391301188
3.8558515498392	0.80814938933328
3.8523831662812	0.80829495515918
3.8489210168186	0.80844061059406
3.8454650846588	0.80858635573890
3.8420153530693	0.80873219069095
3.8385718053777	0.80887811554354
3.8351344249712	0.80902413038594
3.8317031952965	0.80917023530307
3.8282780998595	0.80931643037536
3.8248591222251	0.80946271567854
3.8214462460166	0.80960909128340
3.8180394549159	0.80975555725559
3.8146387326632	0.80990211365541
3.8112440630562	0.81004876053762
3.8078554299505	0.81019549795117
3.8044728172589	0.81034232593900
3.8010962089514	0.81048924453783
3.7977255890550	0.81063625377790
3.7943609416530	0.81078335368278
3.7910022508852	0.81093054426911
3.7876495009476	0.81107782554636
3.7843026760919	0.81122519751661
3.7809617606256	0.81137266017429
3.7776267389113	0.81152021350596
3.7742975953670	0.81166785749005
3.7709743144654	0.81181559209659
3.7676568807339	0.81196341728701
3.7643452787544	0.81211133301382
3.7610394931627	0.81225933922043
3.7577395086488	0.81240743584080
3.7544453099562	0.81255562279927
3.7511568818819	0.81270390001022
3.7478742092762	0.81285226737784
3.7445972770422	0.81300072479586
3.7413260701360	0.81314927214725
3.7380605735661	0.81329790930399
3.7348007723932	0.81344663612674
3.7315466517301	0.81359545246460
3.7282981967417	0.81374435815480
3.7250553926441	0.81389335302243
3.7218182247052	0.81404243688014
3.7185866782436	0.81419160952786
3.7153607386293	0.81434087075249
3.7121403912828	0.81449022032761
3.7089256216751	0.81463965801321
3.7057164153276	0.81478918355532
3.7025127578115	0.81493879668579
3.6993146347483	0.81508849712191
3.6961220318087	0.81523828456613
3.6929349347130	0.81538815870577
3.6897533292308	0.81553811921267
3.6865772011805	0.81568816574288
3.6834065364295	0.81583829793637
3.6802413208937	0.81598851541665
3.6770815405372	0.81613881779053
3.6739271813725	0.81628920464768
3.6707782294600	0.81643967556042
3.6676346709078	0.81659023008330
3.6644964918714	0.81674086775281
3.6613636785540	0.81689158808703
3.6582362172056	0.81704239058527
3.6551140941234	0.81719327472778
3.6519972956511	0.81734423997536
3.6488858081792	0.81749528576903
3.6457796181442	0.81764641152967
3.6426787120292	0.81779761665771
3.6395830763628	0.81794890053270
3.6364926977196	0.81810026251304
3.6334075627197	0.81825170193556
3.6303276580286	0.81840321811519
3.6272529703569	0.81855481034458
3.6241834864603	0.81870647789376
3.6211191931393	0.81885822000973
3.6180600772387	0.81901003591615
3.6150061256481	0.81916192481292
3.6119573253012	0.81931388587581
3.6089136631756	0.81946591825612
3.6058751262930	0.81961802108028
3.6028417017185	0.81977019344944
3.5998133765610	0.81992243443916
3.5967901379724	0.82007474309895
3.5937719731479	0.82022711845193
3.5907588693257	0.82037955949444
3.5877508137865	0.82053206519562
3.5847477938539	0.82068463449705
3.5817497968937	0.82083726631236
3.5787568103140	0.82098995952678
3.5757688215649	0.82114271299681
3.5727858181385	0.82129552554979
3.5698077875685	0.82144839598349
3.5668347174301	0.82160132306572
3.5638665953400	0.82175430553393
3.5609034089559	0.82190734209479
3.5579451459767	0.82206043142378
3.5549917941421	0.82221357216481
3.5520433412322	0.82236676292976
3.5490997750681	0.82252000229811
3.5461610835108	0.82267328881651
3.5432272544616	0.82282662099834
3.5402982758621	0.82297999732333
3.5373741356932	0.82313341623714
3.5344548219759	0.82328687615089
3.5315403227706	0.82344037544080
3.5286306261770	0.82359391244771
3.5257257203340	0.82374748547671
3.5228255934195	0.82390109279667
3.5199302336503	0.82405473263983
3.5170396292820	0.82420840320137
3.5141537686086	0.82436210263899
3.5112726399625	0.82451582907246
3.5083962317145	0.82466958058318
3.5055245322732	0.82482335521380
3.5026575300853	0.82497715096770
3.4997952136353	0.82513096580865
3.4969375714452	0.82528479766029
3.4940845920746	0.82543864440573
3.4912362641202	0.82559250388713
3.4883925762160	0.82574637390523
3.4855535170329	0.82590025221891
3.4827190752788	0.82605413654477
3.4798892396982	0.82620802455667
3.4770639990721	0.82636191388530
3.4742433422181	0.82651580211773
3.4714272579898	0.82666968679695
3.4686157352771	0.82682356542148
3.4658087630058	0.82697743544486
3.4630063301375	0.82713129427523
3.4602084256694	0.82728513927491
3.4574150386345	0.82743896775993
3.4546261581009	0.82759277699956
3.4518417731721	0.82774656421591
3.4490618729867	0.82790032658347
3.4462864467180	0.82805406122862
3.4435154835745	0.82820776522926
3.4407489727993	0.82836143561430
3.4379869036697	0.82851506936322
3.4352292654979	0.82866866340567
3.4324760476300	0.82882221462097
3.4297272394463	0.82897571983768
3.4269828303612	0.82912917583315
3.4242428098230	0.82928257933311
3.4215071673134	0.82943592701116
3.4187758923480	0.82958921548838
3.4160489744758	0.82974244133284
3.4133264032791	0.82989560105920
3.4106081683732	0.83004869112823
3.4078942594066	0.83020170794638
3.4051846660609	0.83035464786534
3.4024793780502	0.83050750718160
3.3997783851213	0.83066028213598
3.3970816770538	0.83081296891323
3.3943892436594	0.83096556364158
3.3917010747822	0.83111806239226
3.3890171602984	0.83127046117913
3.3863374901163	0.83142275595819
3.3836620541761	0.83157494262716
3.3809908424495	0.83172701702506
3.3783238449403	0.83187897493176
3.3756610516834	0.83203081206755
3.3730024527453	0.83218252409272
3.3703480382237	0.83233410660712
3.3676977982476	0.83248555514974
3.3650517229768	0.83263686519828
3.3624098026021	0.83278803216873
3.3597720273451	0.83293905141495
3.3571383874580	0.83308991822823
3.3545088732237	0.83324062783691
3.3518834749553	0.83339117540593
3.3492621829963	0.83354155603642
3.3466449877205	0.83369176476532
3.3440318795315	0.83384179656491
3.3414228488631	0.83399164634246
3.3388178861789	0.83414130893981
3.3362169819720	0.83429077913295
3.3336201267653	0.83444005163161
3.3310273111111	0.83458912107893
