#Parameters = {thARC=0.8; nARC=2.25; thsub=1; p=1; nSub=3.25}
#"Wavelength / um"	"T (521) [Real Part]"
#---------------------------------------
14.989622900000	0.81290681502633
14.937342202292	0.81349849859445
14.885424925521	0.81409123340717
14.833867293419	0.81468500519864
14.782665581854	0.81527979961413
14.731816117936	0.81587560220994
14.681315279138	0.81647239845344
14.631159492435	0.81707017372300
14.581345233463	0.81766891330801
14.531869025691	0.81826860240889
14.482727439614	0.81886922613703
14.433917091960	0.81947076951485
14.385434644914	0.82007321747575
14.337276805356	0.82067655486419
14.289440324118	0.82128076643562
14.241921995249	0.82188583685659
14.194718655303	0.82249175070470
14.147827182633	0.82309849246868
14.101244496707	0.82370604654838
14.054967557431	0.82431439725488
14.008993364486	0.82492352881047
13.963318956684	0.82553342534873
13.917941411328	0.82614407091458
13.872857843591	0.82675544946438
13.828065405904	0.82736754486594
13.783561287356	0.82798034089865
13.739342713107	0.82859382125353
13.695406943810	0.82920796953334
13.651751275046	0.82982276925267
13.608373036768	0.83043820383801
13.565269592760	0.83105425662793
13.522438340099	0.83167091087313
13.479876708633	0.83228814973662
13.437582160466	0.83290595629377
13.395552189455	0.83352431353256
13.353784320713	0.83414320435361
13.312276110124	0.83476261157044
13.271025143869	0.83538251790953
13.230029037952	0.83600290601058
13.189285437747	0.83662375842663
13.148792017544	0.83724505762425
13.108546480105	0.83786678598377
13.068546556234	0.83848892579943
13.028790004346	0.83911145927964
12.989274610052	0.83973436854716
12.949998185745	0.84035763563936
12.910958570198	0.84098124250843
12.872153628167	0.84160517102165
12.833581250000	0.84222940296161
12.795239351259	0.84285392002651
12.757125872340	0.84347870383043
12.719238778108	0.84410373590360
12.681576057530	0.84472899769268
12.644135723323	0.84535447056111
12.606915811606	0.84598013578936
12.569914381551	0.84660597457532
12.533129515050	0.84723196803457
12.496559316382	0.84785809720078
12.460201911887	0.84848434302602
12.424055449648	0.84911068638114
12.388118099174	0.84973710805617
12.352388051092	0.85036358876066
12.316863516845	0.85099010912412
12.281542728390	0.85161664969638
12.246423937908	0.85224319094808
12.211505417515	0.85286971327102
12.176785458976	0.85349619697866
12.142262373431	0.85412262230657
12.107934491115	0.85474896941284
12.073800161095	0.85537521837864
12.039857751004	0.85600134920864
12.006105646776	0.85662734183154
11.972542252396	0.85725317610060
11.939165989646	0.85787883179412
11.905975297855	0.85850428861602
11.872968633663	0.85912952619637
11.840144470774	0.85975452409195
11.807501299724	0.86037926178684
11.775037627651	0.86100371869299
11.742751978065	0.86162787415084
11.710642890625	0.86225170742992
11.678708920919	0.86287519772947
11.646948640249	0.86349832417911
11.615360635413	0.86412106583946
11.583943508501	0.86474340170281
11.552695876686	0.86536531069383
11.521616372022	0.86598677167023
11.490703641242	0.86660776342348
11.459956345566	0.86722826467953
11.429373160503	0.86784825409954
11.398952775665	0.86846771028064
11.368693894577	0.86908661175667
11.338595234493	0.86970493699897
11.308655526217	0.87032266441719
11.278873513920	0.87093977236003
11.249247954972	0.87155623911614
11.219777619760	0.87217204291489
11.190461291527	0.87278716192723
11.161297766195	0.87340157426658
11.132285852209	0.87401525798966
11.103424370370	0.87462819109743
11.074712153676	0.87524035153592
11.046148047163	0.87585171719725
11.017730907755	0.87646226592046
10.989459604106	0.87707197549253
10.961333016453	0.87768082364931
10.933350036470	0.87828878807649
10.905509567115	0.87889584641062
10.877810522496	0.87950197624010
10.850251827723	0.88010715510619
10.822832418773	0.88071136050406
10.795551242348	0.88131456988384
10.768407255747	0.88191676065168
10.741399426729	0.88251791017082
10.714526733381	0.88311799576271
10.687788163993	0.88371699470810
10.661182716927	0.88431488424818
10.634709400497	0.88491164158569
10.608367232838	0.88550724388609
10.582155241793	0.88610166827877
10.556072464789	0.88669489185814
10.530117948718	0.88728689168492
10.504290749825	0.88787764478730
10.478589933590	0.88846712816219
10.453014574616	0.88905531877645
10.427563756522	0.88964219356815
10.402236571825	0.89022772944785
10.377032121841	0.89081190329988
10.351949516575	0.89139469198362
10.326987874612	0.89197607233486
10.302146323024	0.89255602116709
10.277423997257	0.89313451527286
10.252820041040	0.89371153142513
10.228333606278	0.89428704637867
10.203963852961	0.89486103687140
10.179709949066	0.89543347962581
10.155571070461	0.89600435135041
10.131546400811	0.89657362874109
10.107635131490	0.89714128848263
10.083836461487	0.89770730725010
10.060149597315	0.89827166171038
10.036573752929	0.89883432852359
10.013108149633	0.89939528434463
9.9897520159947	0.89995450582469
9.9665045877660	0.90051196961271
9.9433651077944	0.90106765235702
9.9203328259431	0.90162153070678
9.8974069990096	0.90217358131362
9.8745868906456	0.90272378083320
9.8518717712783	0.90327210592677
9.8292609180328	0.90381853326277
9.8067536146549	0.90436303951849
9.7843491514360	0.90490560138164
9.7620468251384	0.90544619555201
9.7398459389214	0.90598479874312
9.7177458022690	0.90652138768388
9.6957457309185	0.90705593912025
9.6738450467893	0.90758842981692
9.6520430779137	0.90811883655904
9.6303391583681	0.90864713615385
9.6087326282051	0.90917330543250
9.5872228333866	0.90969732125167
9.5658091257179	0.91021916049539
9.5444908627826	0.91073880007672
9.5232674078780	0.91125621693957
9.5021381299525	0.91177138806041
9.4811024035421	0.91228429045009
9.4601596087094	0.91279490115560
9.4393091309824	0.91330319726187
9.4185503612944	0.91380915589356
9.3978826959248	0.91431275421693
9.3773055364404	0.91481396944158
9.3568182896380	0.91531277882233
9.3364203674868	0.91580915966106
9.3161111870727	0.91630308930851
9.2958901705426	0.91679454516620
9.2757567450495	0.91728350468822
9.2557103426984	0.91776994538316
9.2357504004929	0.91825384481593
9.2158763602828	0.91873518060968
9.1960876687117	0.91921393044766
9.1763837771656	0.91969007207514
9.1567641417227	0.92016358330126
9.1372282231027	0.92063444200100
9.1177754866180	0.92110262611704
9.0984054021244	0.92156811366168
9.0791174439733	0.92203088271878
9.0599110909640	0.92249091144566
9.0407858262967	0.92294817807504
9.0217411375263	0.92340266091696
9.0027765165165	0.92385433836073
8.9838914593947	0.92430318887683
8.9650854665072	0.92474919101891
8.9463580423754	0.92519232342567
8.9277086956522	0.92563256482285
8.9091369390788	0.92606989402514
8.8906422894425	0.92650428993815
8.8722242675348	0.92693573156037
8.8538823981099	0.92736419798508
8.8356162098438	0.92778966840234
8.8174252352941	0.92821212210092
8.7993090108600	0.92863153847023
8.7812670767428	0.92904789700234
8.7632989769073	0.92946117729383
8.7454042590432	0.92987135904784
8.7275824745269	0.93027842207592
8.7098331783847	0.93068234630006
8.6921559292549	0.93108311175456
8.6745502893519	0.93148069858804
8.6570158244297	0.93187508706531
8.6395521037464	0.93226625756934
8.6221587000288	0.93265419060320
8.6048351894374	0.93303886679196
8.5875811515325	0.93342026688461
8.5703961692396	0.93379837175601
8.5532798288160	0.93417316240877
8.5362317198178	0.93454461997519
8.5192514350668	0.93491272571911
8.5023385706183	0.93527746103787
8.4854927257288	0.93563880746413
8.4687135028249	0.93599674666782
8.4520005074711	0.93635126045797
8.4353533483399	0.93670233078459
8.4187716371806	0.93704993974052
8.4022549887892	0.93739406956331
8.3858030209790	0.93773470263704
8.3694153545505	0.93807182149415
8.3530916132627	0.93840540881727
8.3368314238042	0.93873544744106
8.3206344157646	0.93906192035395
8.3045002216066	0.93938481070003
8.2884284766381	0.93970410178074
8.2724188189845	0.94001977705670
8.2564708895621	0.94033182014945
8.2405843320506	0.94064021484319
8.2247587928669	0.94094494508656
8.2089939211391	0.94124599499431
8.1932893686800	0.94154334884903
8.1776447899618	0.94183699110289
8.1620598420909	0.94212690637924
8.1465341847826	0.94241307947436
8.1310674803363	0.94269549535909
8.1156593936113	0.94297413918043
8.1003095920022	0.94324899626325
8.0850177454153	0.94352005211181
8.0697835262450	0.94378729241144
8.0546066093498	0.94405070303004
8.0394866720300	0.94431027001971
8.0244233940043	0.94456597961826
8.0094164573871	0.94481781825074
7.9944655466667	0.94506577253097
7.9795703486825	0.94530982926302
7.9647305526036	0.94554997544268
7.9499458499072	0.94578619825894
7.9352159343568	0.94601848509540
7.9205405019815	0.94624682353174
7.9059192510549	0.94647120134504
7.8913518820742	0.94669160651125
7.8768380977404	0.94690802720648
7.8623776029373	0.94712045180839
7.8479701047120	0.94732886889748
7.8336153122550	0.94753326725840
7.8193129368805	0.94773363588124
7.8050626920073	0.94792996396278
7.7908642931393	0.94812224090771
7.7767174578470	0.94831045632985
7.7626219057483	0.94849460005338
7.7485773584906	0.94867466211396
7.7345835397317	0.94885063275988
7.7206401751223	0.94902250245322
7.7067469922879	0.94919026187093
7.6929037208109	0.94935390190588
7.6791100922131	0.94951341366797
7.6653658399386	0.94966878848512
7.6516706993364	0.94982001790426
7.6380244076433	0.94996709369237
7.6244267039674	0.95011000783738
7.6108773292714	0.95024875254912
7.5973760263558	0.95038332026023
7.5839225398432	0.95051370362706
7.5705166161616	0.95063989553047
7.5571580035291	0.95076188907673
7.5438464519376	0.95087967759826
7.5305817131374	0.95099325465446
7.5173635406219	0.95110261403242
7.5041916896120	0.95120774974768
7.4910659170415	0.95130865604492
7.4779859815415	0.95140532739860
7.4649516434263	0.95149775851367
7.4519626646781	0.95158594432612
7.4390188089330	0.95166988000361
7.4261198414664	0.95174956094605
7.4132655291790	0.95182498278609
7.4004556405826	0.95189614138967
7.3876899457861	0.95196303285648
7.3749682164822	0.95202565352042
7.3622902259332	0.95208399995004
7.3496557489581	0.95213806894891
7.3370645619187	0.95218785755601
7.3245164427071	0.95223336304609
7.3120111707317	0.95227458292995
7.2995485269053	0.95231151495474
7.2871282936315	0.95234415710422
7.2747502547925	0.95237250759900
7.2624141957364	0.95239656489672
7.2501199032648	0.95241632769224
7.2378671656205	0.95243179491778
7.2256557724753	0.95244296574303
7.2134855149182	0.95244983957525
7.2013561854432	0.95245241605932
7.1892675779376	0.95245069507777
7.1772194876706	0.95244467675079
7.1652117112811	0.95243436143620
7.1532440467669	0.95241974972940
7.1413162934731	0.95240084246326
7.1294282520809	0.95237764070806
7.1175797245964	0.95235014577131
7.1057705143399	0.95231835919759
7.0940004259347	0.95228228276834
7.0822692652965	0.95224191850170
7.0705768396226	0.95219726865215
7.0589229573817	0.95214833571033
7.0473074283028	0.95209512240268
7.0357300633654	0.95203763169109
7.0241906747891	0.95197586677258
7.0126890760234	0.95190983107887
7.0012250817375	0.95183952827600
6.9897985078107	0.95176496226382
6.9784091713222	0.95168613717557
6.9670568905415	0.95160305737736
6.9557414849188	0.95151572746763
6.9444627750753	0.95142415227659
6.9332205827937	0.95132833686568
6.9220147310090	0.95122828652689
6.9108450437990	0.95112400678217
6.8997113463751	0.95101550338277
6.8886134650735	0.95090278230852
6.8775512273457	0.95078584976711
6.8665244617499	0.95066471219340
6.8555329979419	0.95053937624858
6.8445766666667	0.95040984881945
6.8336552997493	0.95027613701752
6.8227687300865	0.95013824817825
6.8119167916383	0.94999618986010
6.8010993194192	0.94984996984371
6.7903161494904	0.94969959613090
6.7795671189507	0.94954507694380
6.7688520659291	0.94938642072385
6.7581708295762	0.94922363613079
6.7475232500563	0.94905673204169
6.7369091685393	0.94888571754986
6.7263284271932	0.94871060196383
6.7157808691756	0.94853139480624
6.7052663386267	0.94834810581272
6.6947846806610	0.94816074493079
6.6843357413601	0.94796932231870
6.6739193677649	0.94777384834424
6.6635354078684	0.94757433358355
6.6531837106081	0.94737078881990
6.6428641258586	0.94716322504244
6.6325765044248	0.94695165344497
6.6223206980340	0.94673608542464
6.6120965593295	0.94651653258063
6.6019039418630	0.94629300671285
6.5917427000879	0.94606551982060
6.5816126893524	0.94583408410121
6.5715137658922	0.94559871194862
6.5614457868243	0.94535941595206
6.5514086101399	0.94511620889453
6.5414020946978	0.94486910375147
6.5314261002179	0.94461811368921
6.5214804872743	0.94436325206358
6.5115651172893	0.94410453241836
6.5016798525266	0.94384196848379
6.4918245560849	0.94357557417509
6.4819990918919	0.94330536359084
6.4722033246978	0.94303135101150
6.4624371200690	0.94275355089780
6.4527003443823	0.94247197788915
6.4429928648184	0.94218664680207
6.4333145493562	0.94189757262854
6.4236652667667	0.94160477053438
6.4140448866068	0.94130825585762
6.4044532792138	0.94100804410681
6.3948903156997	0.94070415095940
6.3853558679446	0.94039659226000
6.3758498085921	0.94008538401869
6.3663720110427	0.93977054240936
6.3569223494487	0.93945208376793
6.3475006987084	0.93913002459065
6.3381069344609	0.93880438153233
6.3287409330800	0.93847517140461
6.3194025716695	0.93814241117418
6.3100917280572	0.93780611796099
6.3008082807902	0.93746630903650
6.2915521091291	0.93712300182183
6.2823230930427	0.93677621388601
6.2731211132036	0.93642596294414
6.2639460509820	0.93607226685554
6.2547977884415	0.93571514362196
6.2456762083333	0.93535461138574
6.2365811940919	0.93499068842791
6.2275126298297	0.93462339316642
6.2184704003319	0.93425274415419
6.2094543910522	0.93387876007730
6.2004644881075	0.93350145975311
6.1915005782734	0.93312086212836
6.1825625489792	0.93273698627729
6.1736502883031	0.93234985139977
6.1647636849681	0.93195947681938
6.1559026283368	0.93156588198153
6.1470670084068	0.93116908645153
6.1382567158067	0.93076910991271
6.1294716417910	0.93036597216450
6.1207116782360	0.92995969312051
6.1119767176351	0.92955029280662
6.1032666530945	0.92913779135905
6.0945813783289	0.92872220902245
6.0859207876573	0.92830356614797
6.0772847759984	0.92788188319134
6.0686732388664	0.92745718071094
6.0600860723671	0.92702947936588
6.0515231731934	0.92659879991404
6.0429844386212	0.92616516321020
6.0344697665056	0.92572859020406
6.0259790552764	0.92528910193833
6.0175122039342	0.92484671954681
6.0090691120465	0.92440146425248
6.0006496797438	0.92395335736551
5.9922538077154	0.92350242028142
5.9838813972056	0.92304867447910
5.9755323500100	0.92259214151891
5.9672065684713	0.92213284304078
5.9589039554760	0.92167080076225
5.9506244144502	0.92120603647662
5.9423678493558	0.92073857205099
5.9341341646873	0.92026842942437
5.9259232654675	0.91979563060582
5.9177350572444	0.91932019767248
5.9095694460871	0.91884215276774
5.9014263385827	0.91836151809932
5.8933056418321	0.91787831593741
5.8852072634472	0.91739256861275
5.8771311115468	0.91690429851484
5.8690770947533	0.91641352808996
5.8610451221896	0.91592027983942
5.8530351034752	0.91542457631764
5.8450469487229	0.91492644013031
5.8370805685358	0.91442589393257
5.8291358740035	0.91392296042715
5.8212127766990	0.91341766236259
5.8133111886756	0.91291002253133
5.8054310224632	0.91240006376802
5.7975721910656	0.91188780894758
5.7897346079567	0.91137328098353
5.7819181870781	0.91085650282611
5.7741228428351	0.91033749746054
5.7663484900942	0.90981628790525
5.7585950441798	0.90929289721010
5.7508624208709	0.90876734845463
5.7431505363985	0.90823966474632
5.7354593074421	0.90770986921887
5.7277886511272	0.90717798503045
5.7201384850219	0.90664403536198
5.7125087271341	0.90610804341546
5.7048992959087	0.90557003241221
5.6973101102242	0.90503002559127
5.6897410893908	0.90448804620764
5.6821921531463	0.90394411753069
5.6746632216544	0.90339826284243
5.6671542155009	0.90285050543593
5.6596650556919	0.90230086861366
5.6521956636501	0.90174937568587
5.6447459612126	0.90119604996898
5.6373158706281	0.90064091478398
5.6299053145540	0.90008399345486
5.6225142160540	0.89952530930702
5.6151424985952	0.89896488566569
5.6077900860456	0.89840274585443
5.6004569026714	0.89783891319352
5.5931428731343	0.89727341099851
5.5858479224893	0.89670626257865
5.5785719761816	0.89613749123541
5.5713149600446	0.89556712026097
5.5640768002970	0.89499517293678
5.5568574235403	0.89442167253207
5.5496567567568	0.89384664230240
5.5424747273063	0.89327010548823
5.5353112629247	0.89269208531348
5.5281662917204	0.89211260498416
5.5210397421731	0.89153168768690
5.5139315431304	0.89094935658762
5.5068416238060	0.89036563483015
5.4997699137773	0.88978054553486
5.4927163429828	0.88919411179730
5.4856808417200	0.88860635668691
5.4786633406433	0.88801730324567
5.4716637707611	0.88742697448680
5.4646820634342	0.88683539339347
5.4577181503732	0.88624258291752
5.4507719636364	0.88564856597822
5.4438434356274	0.88505336546100
5.4369324990932	0.88445700421619
5.4300390871219	0.88385950505786
5.4231631331404	0.88326089076256
5.4163045709124	0.88266118406816
5.4094633345363	0.88206040767262
5.4026393584430	0.88145858423291
5.3958325773938	0.88085573636377
5.3890429264785	0.88025188663662
5.3822703411131	0.87964705757844
5.3755147570378	0.87904127167065
5.3687761103152	0.87843455134800
5.3620543373278	0.87782691899750
5.3553493747767	0.87721839695739
5.3486611596789	0.87660900751603
5.3419896293656	0.87599877291088
5.3353347214807	0.87538771532751
5.3286963739780	0.87477585689854
5.3220745251198	0.87416321970268
5.3154691134752	0.87354982576375
5.3088800779175	0.87293569704966
5.3023073576229	0.87232085547154
5.2957508920685	0.87170532288273
5.2892106210303	0.87108912107789
5.2826864845815	0.87047227179209
5.2761784230905	0.86985479669989
5.2696863772192	0.86923671741447
5.2632102879213	0.86861805548678
5.2567500964405	0.86799883240466
5.2503057443082	0.86737906959200
5.2438771733427	0.86675878840792
5.2374643256464	0.86613801014596
5.2310671436050	0.86551675603329
5.2246855698850	0.86489504722989
5.2183195474326	0.86427290482781
5.2119690194715	0.86365034985039
5.2056339295016	0.86302740325154
5.1993142212973	0.86240408591499
5.1930098389052	0.86178041865357
5.1867207266436	0.86115642220853
5.1804468290997	0.86053211724880
5.1741880911288	0.85990752437040
5.1679444578521	0.85928266409566
5.1617158746556	0.85865755687266
5.1555022871883	0.85803222307458
5.1493036413604	0.85740668299903
5.1431198833419	0.85678095686748
5.1369509595613	0.85615506482465
5.1307968167037	0.85552902693791
5.1246574017094	0.85490286319673
5.1185326617722	0.85427659351213
5.1124225443383	0.85365023771609
5.1063269971044	0.85302381556104
5.1002459680163	0.85239734671935
5.0941794052676	0.85177085078281
5.0881272572980	0.85114434726212
5.0820894727920	0.85051785558643
5.0760660006773	0.84989139510285
5.0700567901235	0.84926498507600
5.0640617905405	0.84863864468756
5.0580809515775	0.84801239303582
5.0521142231210	0.84738624913529
5.0461615552937	0.84676023191624
5.0402228984533	0.84613436022435
5.0342982031906	0.84550865282030
5.0283874203287	0.84488312837937
5.0224905009214	0.84425780549111
5.0166073962517	0.84363270265898
5.0107380578305	0.84300783829999
5.0048824373957	0.84238323074439
4.9990404869101	0.84175889823533
4.9932121585610	0.84113485892856
4.9873974047579	0.84051113089216
4.9815961781323	0.83988773210619
4.9758084315353	0.83926468046247
4.9700341180371	0.83864199376431
4.9642731909256	0.83801968972622
4.9585256037049	0.83739778597369
4.9527913100942	0.83677630004298
4.9470702640264	0.83615524938083
4.9413624196473	0.83553465134432
4.9356677313138	0.83491452320064
4.9299861535932	0.83429488212688
4.9243176412615	0.83367574520986
4.9186621493027	0.83305712944596
4.9130196329072	0.83243905174098
4.9073900474709	0.83182152890993
4.9017733485939	0.83120457767695
4.8961694920790	0.83058821467514
4.8905784339315	0.82997245644642
4.8850001303569	0.82935731944147
4.8794345377604	0.82874282001958
4.8738816127459	0.82812897444857
4.8683413121143	0.82751579890469
4.8628135928629	0.82690330947255
4.8572984121841	0.82629152214507
4.8517957274640	0.82568045282338
4.8463054962819	0.82507011731679
4.8408276764088	0.82446053134277
4.8353622258065	0.82385171052685
4.8299091026261	0.82324367040267
4.8244682652076	0.82263642641189
4.8190396720784	0.82202999390426
4.8136232819525	0.82142438813752
4.8082190537289	0.82081962427750
4.8028269464915	0.82021571739808
4.7974469195071	0.81961268248121
4.7920789322251	0.81901053441699
4.7867229442759	0.81840928800363
4.7813789154705	0.81780895794757
4.7760468057989	0.81720955886348
4.7707265754297	0.81661110527434
4.7654181847083	0.81601361161151
4.7601215941569	0.81541709221480
4.7548367644726	0.81482156133255
4.7495636565272	0.81422703312170
4.7443022313657	0.81363352164793
4.7390524502055	0.81304104088572
4.7338142744355	0.81244960471848
4.7285876656151	0.81185922693865
4.7233725854735	0.81126992124783
4.7181689959081	0.81068170125692
4.7129768589844	0.81009458048623
4.7077961369347	0.80950857236565
4.7026267921569	0.80892369023474
4.6974687872140	0.80833994734298
4.6923220848333	0.80775735684982
4.6871866479049	0.80717593182492
4.6820624394815	0.80659568524831
4.6769494227769	0.80601663001052
4.6718475611657	0.80543877891283
4.6667568181818	0.80486214466740
4.6616771575183	0.80428673989748
4.6566085430258	0.80371257713765
4.6515509387122	0.80313966883394
4.6465043087415	0.80256802734413
4.6414686174330	0.80199766493789
4.6364438292607	0.80142859379704
4.6314299088522	0.80086082601578
4.6264268209877	0.80029437360087
4.6214345305997	0.79972924847192
4.6164530027718	0.79916546246161
4.6114822027380	0.79860302731591
4.6065220958820	0.79804195469434
4.6015726477360	0.79748225617026
4.5966338239804	0.79692394323107
4.5917055904426	0.79636702727848
4.5867879130967	0.79581151962884
4.5818807580621	0.79525743151330
4.5769840916031	0.79470477407818
4.5720978801281	0.79415355838521
4.5672220901889	0.79360379541178
4.5623566884797	0.79305549605129
4.5575016418364	0.79250867111339
4.5526569172361	0.79196333132428
4.5478224817961	0.79141948732702
4.5429983027731	0.79087714968183
4.5381843475628	0.79033632886638
4.5333805836988	0.78979703527609
4.5285869788520	0.78925927922447
4.5238035008299	0.78872307094342
4.5190301175761	0.78818842058351
4.5142667971691	0.78765533821437
4.5095135078219	0.78712383382495
4.5047702178813	0.78659391732388
4.5000368958271	0.78606559853977
4.4953135102714	0.78553888722159
4.4906000299581	0.78501379303895
4.4858964237618	0.78449032558246
4.4812026606876	0.78396849436408
4.4765187098701	0.78344830881745
4.4718445405728	0.78292977829821
4.4671801221875	0.78241291208442
4.4625254242334	0.78189771937682
4.4578804163569	0.78138420929924
4.4532450683304	0.78087239089894
4.4486193500519	0.78036227314696
4.4440032315446	0.77985386493847
4.4393966829557	0.77934717509315
4.4347996745562	0.77884221235556
4.4302121767401	0.77833898539545
4.4256341600236	0.77783750280821
4.4210655950450	0.77733777311516
4.4165064525633	0.77683980476394
4.4119567034584	0.77634360612894
4.4074163187298	0.77584918551158
4.4028852694963	0.77535655114075
4.3983635269953	0.77486571117316
4.3938510625824	0.77437667369373
4.3893478477306	0.77388944671595
4.3848538540295	0.77340403818229
4.3803690531853	0.77292045596455
4.3758934170194	0.77243870786426
4.3714269174686	0.77195880161307
4.3669695265841	0.77148074487311
4.3625212165309	0.77100454523740
4.3580819595871	0.77053021023024
4.3536517281441	0.77005774730757
4.3492304947048	0.76958716385739
4.3448182318841	0.76911846720012
4.3404149124077	0.76865166458903
4.3360205091119	0.76818676321060
4.3316349949429	0.76772377018491
4.3272583429561	0.76726269256606
4.3228905263158	0.76680353734254
4.3185315182944	0.76634631143763
4.3141812922723	0.76589102170980
4.3098398217366	0.76543767495311
4.3055070802815	0.76498627789759
4.3011830416069	0.76453683720963
4.2968676795184	0.76408935949242
4.2925609679267	0.76364385128628
4.2882628808468	0.76320031906911
4.2839733923978	0.76275876925679
4.2796924768023	0.76231920820352
4.2754201083856	0.76188164220228
4.2711562615757	0.76144607748518
4.2669009109024	0.76101252022389
4.2626540309967	0.76058097653004
4.2584155965909	0.76015145245557
4.2541855825174	0.75972395399318
4.2499639637085	0.75929848707671
4.2457507151961	0.75887505758151
4.2415458121109	0.75845367132488
4.2373492296820	0.75803433406644
4.2331609432364	0.75761705150852
4.2289809281986	0.75720182929658
4.2248091600902	0.75678867301957
4.2206456145291	0.75637758821037
4.2164902672293	0.75596858034615
4.2123430940003	0.75556165484875
4.2082040707468	0.75515681708512
4.2040731734680	0.75475407236769
4.1999503782572	0.75435342595472
4.1958356613016	0.75395488305077
4.1917289988814	0.75355844880703
4.1876303673697	0.75316412832173
4.1835397432319	0.75277192664051
4.1794571030252	0.75238184875686
4.1753824233983	0.75199389961243
4.1713156810909	0.75160808409748
4.1672568529330	0.75122440705123
4.1632059158450	0.75084287326225
4.1591628468368	0.75046348746886
4.1551276230076	0.75008625435947
4.1511002215453	0.74971117857302
4.1470806197261	0.74933826469931
4.1430687949143	0.74896751727939
4.1390647245616	0.74859894080594
4.1350683862069	0.74823253972367
4.1310797574755	0.74786831842965
4.1270988160793	0.74750628127370
4.1231255398157	0.74714643255877
4.1191599065677	0.74678877654132
4.1152018943034	0.74643331743165
4.1112514810752	0.74608005939431
4.1073086450199	0.74572900654843
4.1033733643581	0.74538016296810
4.0994456173937	0.74503353268275
4.0955253825137	0.74468911967749
4.0916126381875	0.74434692789345
4.0877073629670	0.74400696122818
4.0838095354856	0.74366922353598
4.0799191344584	0.74333371862826
4.0760361386812	0.74300045027389
4.0721605270307	0.74266942219956
4.0682922784638	0.74234063809012
4.0644313720174	0.74201410158890
4.0605777868075	0.74168981629813
4.0567315020298	0.74136778577919
4.0528924969582	0.74104801355302
4.0490607509454	0.74073050310043
4.0452362434219	0.74041525786246
4.0414189538959	0.74010228124065
4.0376088619529	0.73979157659746
4.0338059472551	0.73948314725655
4.0300101895416	0.73917699650311
4.0262215686274	0.73887312758419
4.0224400644036	0.73857154370905
4.0186656568365	0.73827224804944
4.0148983259676	0.73797524373994
4.0111380519133	0.73768053387828
4.0073848148643	0.73738812152566
4.0036385950855	0.73709800970704
3.9998993729153	0.73681020141146
3.9961671287657	0.73652469959236
3.9924418431216	0.73624150716788
3.9887234965407	0.73596062702114
3.9850120696531	0.73568206200058
3.9813075431607	0.73540581492022
3.9776098978373	0.73513188855997
3.9739191145281	0.73486028566593
3.9702351741491	0.73459100895068
3.9665580576872	0.73432406109353
3.9628877461996	0.73405944474087
3.9592242208135	0.73379716250638
3.9555674627260	0.73353721697138
3.9519174532033	0.73327961068503
3.9482741735809	0.73302434616468
3.9446376052632	0.73277142589609
3.9410077297226	0.73252085233368
3.9373845285001	0.73227262790088
3.9337679832043	0.73202675499030
3.9301580755113	0.73178323596403
3.9265547871644	0.73154207315390
3.9229580999738	0.73130326886171
3.9193679958164	0.73106682535951
3.9157844566353	0.73083274488982
3.9122074644395	0.73060102966588
3.9086370013038	0.73037168187191
3.9050730493682	0.73014470366330
3.9015155908381	0.72992009716691
3.8979646079834	0.72969786448123
3.8944200831385	0.72947800767668
3.8908819987021	0.72926052879577
3.8873503371369	0.72904542985335
3.8838250809690	0.72883271283683
3.8803062127880	0.72862237970640
3.8767937152463	0.72841443239522
3.8732875710594	0.72820887280963
3.8697877630050	0.72800570282939
3.8662942739231	0.72780492430782
3.8628070867156	0.72760653907204
3.8593261843460	0.72741054892318
3.8558515498392	0.72721695563651
3.8523831662812	0.72702576096167
3.8489210168186	0.72683696662285
3.8454650846588	0.72665057431897
3.8420153530693	0.72646658572382
3.8385718053777	0.72628500248628
3.8351344249712	0.72610582623048
3.8317031952965	0.72592905855592
3.8282780998595	0.72575470103771
3.8248591222251	0.72558275522663
3.8214462460166	0.72541322264938
3.8180394549159	0.72524610480865
3.8146387326632	0.72508140318332
3.8112440630562	0.72491911922858
3.8078554299505	0.72475925437606
3.8044728172589	0.72460181003398
3.8010962089514	0.72444678758727
3.7977255890550	0.72429418839771
3.7943609416530	0.72414401380403
3.7910022508852	0.72399626512204
3.7876495009476	0.72385094364474
3.7843026760919	0.72370805064246
3.7809617606256	0.72356758736290
3.7776267389113	0.72342955503131
3.7742975953670	0.72329395485051
3.7709743144654	0.72316078800105
3.7676568807339	0.72303005564127
3.7643452787544	0.72290175890737
3.7610394931627	0.72277589891351
3.7577395086488	0.72265247675191
3.7544453099562	0.72253149349286
3.7511568818819	0.72241295018484
3.7478742092762	0.72229684785457
3.7445972770422	0.72218318750706
3.7413260701360	0.72207197012568
3.7380605735661	0.72196319667219
3.7348007723932	0.72185686808681
3.7315466517301	0.72175298528824
3.7282981967417	0.72165154917372
3.7250553926441	0.72155256061903
3.7218182247052	0.72145602047856
3.7185866782436	0.72136192958529
3.7153607386293	0.72127028875084
3.7121403912828	0.72118109876548
3.7089256216751	0.72109436039814
3.7057164153276	0.72101007439639
3.7025127578115	0.72092824148648
3.6993146347483	0.72084886237331
3.6961220318087	0.72077193774043
3.6929349347130	0.72069746825002
3.6897533292308	0.72062545454290
3.6865772011805	0.72055589723846
3.6834065364295	0.72048879693468
3.6802413208937	0.72042415420805
3.6770815405372	0.72036196961358
3.6739271813725	0.72030224368474
3.6707782294600	0.72024497693339
3.6676346709078	0.72019016984978
3.6644964918714	0.72013782290245
3.6613636785540	0.72008793653816
3.6582362172056	0.72004051118190
3.6551140941234	0.71999554723671
3.6519972956511	0.71995304508371
3.6488858081792	0.71991300508195
3.6457796181442	0.71987542756833
3.6426787120292	0.71984031285756
3.6395830763628	0.71980766124200
3.6364926977196	0.71977747299161
3.6334075627197	0.71974974835383
3.6303276580286	0.71972448755344
3.6272529703569	0.71970169079250
3.6241834864603	0.71968135825018
3.6211191931393	0.71966349008266
3.6180600772387	0.71964808642300
3.6150061256481	0.71963514738101
3.6119573253012	0.71962467304307
3.6089136631756	0.71961666347206
3.6058751262930	0.71961111870712
3.6028417017185	0.71960803876357
3.5998133765610	0.71960742363271
3.5967901379724	0.71960927328167
3.5937719731479	0.71961358765323
3.5907588693257	0.71962036666565
3.5877508137865	0.71962961021248
3.5847477938539	0.71964131816240
3.5817497968937	0.71965549035900
3.5787568103140	0.71967212662061
3.5757688215649	0.71969122674006
3.5727858181385	0.71971279048453
3.5698077875685	0.71973681759529
3.5668347174301	0.71976330778750
3.5638665953400	0.71979226075002
3.5609034089559	0.71982367614513
3.5579451459767	0.71985755360833
3.5549917941421	0.71989389274809
3.5520433412322	0.71993269314564
3.5490997750681	0.71997395435468
3.5461610835108	0.72001767590117
3.5432272544616	0.72006385728302
3.5402982758621	0.72011249796989
3.5373741356932	0.72016359740289
3.5344548219759	0.72021715499429
3.5315403227706	0.72027317012731
3.5286306261770	0.72033164215575
3.5257257203340	0.72039257040378
3.5228255934195	0.72045595416560
3.5199302336503	0.72052179270516
3.5170396292820	0.72059008525587
3.5141537686086	0.72066083102027
3.5112726399625	0.72073402916976
3.5083962317145	0.72080967884421
3.5055245322732	0.72088777915172
3.5026575300853	0.72096832916825
3.4997952136353	0.72105132793729
3.4969375714452	0.72113677446954
3.4940845920746	0.72122466774257
3.4912362641202	0.72131500670044
3.4883925762160	0.72140779025341
3.4855535170329	0.72150301727754
3.4827190752788	0.72160068661435
3.4798892396982	0.72170079707043
3.4770639990721	0.72180334741711
3.4742433422181	0.72190833639009
3.4714272579898	0.72201576268899
3.4686157352771	0.72212562497706
3.4658087630058	0.72223792188075
3.4630063301375	0.72235265198931
3.4602084256694	0.72246981385441
3.4574150386345	0.72258940598975
3.4546261581009	0.72271142687063
3.4518417731721	0.72283587493355
3.4490618729867	0.72296274857582
3.4462864467180	0.72309204615512
3.4435154835745	0.72322376598908
3.4407489727993	0.72335790635486
3.4379869036697	0.72349446548872
3.4352292654979	0.72363344158560
3.4324760476300	0.72377483279865
3.4297272394463	0.72391863723883
3.4269828303612	0.72406485297442
3.4242428098230	0.72421347803061
3.4215071673134	0.72436451038904
3.4187758923480	0.72451794798732
3.4160489744758	0.72467378871860
3.4133264032791	0.72483203043107
3.4106081683732	0.72499267092755
3.4078942594066	0.72515570796497
3.4051846660609	0.72532113925389
3.4024793780502	0.72548896245807
3.3997783851213	0.72565917519397
3.3970816770538	0.72583177503024
3.3943892436594	0.72600675948725
3.3917010747822	0.72618412603662
3.3890171602984	0.72636387210071
3.3863374901163	0.72654599505210
3.3836620541761	0.72673049221316
3.3809908424495	0.72691736085545
3.3783238449403	0.72710659819931
3.3756610516834	0.72729820141331
3.3730024527453	0.72749216761373
3.3703480382237	0.72768849386406
3.3676977982476	0.72788717717451
3.3650517229768	0.72808821450146
3.3624098026021	0.72829160274694
3.3597720273451	0.72849733875815
3.3571383874580	0.72870541932689
3.3545088732237	0.72891584118907
3.3518834749553	0.72912860102417
3.3492621829963	0.72934369545470
3.3466449877205	0.72956112104569
3.3440318795315	0.72978087430417
3.3414228488631	0.73000295167858
3.3388178861789	0.73022734955831
3.3362169819720	0.73045406427312
3.3336201267653	0.73068309209262
3.3310273111111	0.73091442922570
