#Parameters = {thARC=0.2; nARC=2.5; thsub=1; p=1; nSub=3.25}
#"Wavelength / um"	"T (524) [Real Part]"
#---------------------------------------
14.989622900000	0.72602639897324
14.937342202292	0.72608960757398
14.885424925521	0.72615240851078
14.833867293419	0.72621480988622
14.782665581854	0.72627681974369
14.731816117936	0.72633844606726
14.681315279138	0.72639969678155
14.631159492435	0.72646057975167
14.581345233463	0.72652110278306
14.531869025691	0.72658127362147
14.482727439614	0.72664109995281
14.433917091960	0.72670058940311
14.385434644914	0.72675974953848
14.337276805356	0.72681858786495
14.289440324118	0.72687711182855
14.241921995249	0.72693532881512
14.194718655303	0.72699324615039
14.147827182633	0.72705087109987
14.101244496707	0.72710821086886
14.054967557431	0.72716527260239
14.008993364486	0.72722206338525
13.963318956684	0.72727859024195
13.917941411328	0.72733486013673
13.872857843591	0.72739087997355
13.828065405904	0.72744665659613
13.783561287356	0.72750219678794
13.739342713107	0.72755750727224
13.695406943810	0.72761259471207
13.651751275046	0.72766746571034
13.608373036768	0.72772212680985
13.565269592760	0.72777658449330
13.522438340099	0.72783084518341
13.479876708633	0.72788491524290
13.437582160466	0.72793880097464
13.395552189455	0.72799250862164
13.353784320713	0.72804604436718
13.312276110124	0.72809941433484
13.271025143869	0.72815262458866
13.230029037952	0.72820568113313
13.189285437747	0.72825858991339
13.148792017544	0.72831135681525
13.108546480105	0.72836398766535
13.068546556234	0.72841648823124
13.028790004346	0.72846886422152
12.989274610052	0.72852112128594
12.949998185745	0.72857326501552
12.910958570198	0.72862530094273
12.872153628167	0.72867723454158
12.833581250000	0.72872907122776
12.795239351259	0.72878081635881
12.757125872340	0.72883247523427
12.719238778108	0.72888405309580
12.681576057530	0.72893555512739
12.644135723323	0.72898698645547
12.606915811606	0.72903835214911
12.569914381551	0.72908965722020
12.533129515050	0.72914090662359
12.496559316382	0.72919210525729
12.460201911887	0.72924325796269
12.424055449648	0.72929436952466
12.388118099174	0.72934544467184
12.352388051092	0.72939648807675
12.316863516845	0.72944750435606
12.281542728390	0.72949849807076
12.246423937908	0.72954947372636
12.211505417515	0.72960043577311
12.176785458976	0.72965138860622
12.142262373431	0.72970233656607
12.107934491115	0.72975328393845
12.073800161095	0.72980423495474
12.039857751004	0.72985519379219
12.006105646776	0.72990616457411
11.972542252396	0.72995715137013
11.939165989646	0.73000815819644
11.905975297855	0.73005918901599
11.872968633663	0.73011024773880
11.840144470774	0.73016133822213
11.807501299724	0.73021246427081
11.775037627651	0.73026362963741
11.742751978065	0.73031483802256
11.710642890625	0.73036609307519
11.678708920919	0.73041739839276
11.646948640249	0.73046875752158
11.615360635413	0.73052017395700
11.583943508501	0.73057165114376
11.552695876686	0.73062319247620
11.521616372022	0.73067480129856
11.490703641242	0.73072648090525
11.459956345566	0.73077823454114
11.429373160503	0.73083006540181
11.398952775665	0.73088197663385
11.368693894577	0.73093397133516
11.338595234493	0.73098605255520
11.308655526217	0.73103822329531
11.278873513920	0.73109048650899
11.249247954972	0.73114284510220
11.219777619760	0.73119530193362
11.190461291527	0.73124785981499
11.161297766195	0.73130052151138
11.132285852209	0.73135328974152
11.103424370370	0.73140616717804
11.074712153676	0.73145915644785
11.046148047163	0.73151226013239
11.017730907755	0.73156548076795
10.989459604106	0.73161882084600
10.961333016453	0.73167228281345
10.933350036470	0.73172586907301
10.905509567115	0.73177958198347
10.877810522496	0.73183342386005
10.850251827723	0.73188739697464
10.822832418773	0.73194150355620
10.795551242348	0.73199574579103
10.768407255747	0.73205012582310
10.741399426729	0.73210464575437
10.714526733381	0.73215930764509
10.687788163993	0.73221411351414
10.661182716927	0.73226906533937
10.634709400497	0.73232416505787
10.608367232838	0.73237941456634
10.582155241793	0.73243481572141
10.556072464789	0.73249037033993
10.530117948718	0.73254608019933
10.504290749825	0.73260194703793
10.478589933590	0.73265797255528
10.453014574616	0.73271415841248
10.427563756522	0.73277050623249
10.402236571825	0.73282701760051
10.377032121841	0.73288369406425
10.351949516575	0.73294053713428
10.326987874612	0.73299754828439
10.302146323024	0.73305472895189
10.277423997257	0.73311208053792
10.252820041040	0.73316960440784
10.228333606278	0.73322730189153
10.203963852961	0.73328517428368
10.179709949066	0.73334322284421
10.155571070461	0.73340144879853
10.131546400811	0.73345985333790
10.107635131490	0.73351843761975
10.083836461487	0.73357720276804
10.060149597315	0.73363614987355
10.036573752929	0.73369527999425
10.013108149633	0.73375459415560
9.9897520159947	0.73381409335092
9.9665045877660	0.73387377854167
9.9433651077944	0.73393365065784
9.9203328259431	0.73399371059824
9.8974069990096	0.73405395923084
9.8745868906456	0.73411439739310
9.8518717712783	0.73417502589233
9.8292609180328	0.73423584550595
9.8067536146549	0.73429685698192
9.7843491514360	0.73435806103896
9.7620468251384	0.73441945836697
9.7398459389214	0.73448104962732
9.7177458022690	0.73454283545315
9.6957457309185	0.73460481644976
9.6738450467893	0.73466699319488
9.6520430779137	0.73472936623905
9.6303391583681	0.73479193610588
9.6087326282051	0.73485470329245
9.5872228333866	0.73491766826955
9.5658091257179	0.73498083148210
9.5444908627826	0.73504419334940
9.5232674078780	0.73510775426546
9.5021381299525	0.73517151459937
9.4811024035421	0.73523547469556
9.4601596087094	0.73529963487416
9.4393091309824	0.73536399543132
9.4185503612944	0.73542855663949
9.3978826959248	0.73549331874779
9.3773055364404	0.73555828198227
9.3568182896380	0.73562344654629
9.3364203674868	0.73568881262078
9.3161111870727	0.73575438036456
9.2958901705426	0.73582014991470
9.2757567450495	0.73588612138677
9.2557103426984	0.73595229487519
9.2357504004929	0.73601867045352
9.2158763602828	0.73608524817480
9.1960876687117	0.73615202807179
9.1763837771656	0.73621901015736
9.1567641417227	0.73628619442473
9.1372282231027	0.73635358084781
9.1177754866180	0.73642116938149
9.0984054021244	0.73648895996192
9.0791174439733	0.73655695250685
9.0599110909640	0.73662514691592
9.0407858262967	0.73669354307092
9.0217411375263	0.73676214083613
9.0027765165165	0.73683094005860
8.9838914593947	0.73689994056843
8.9650854665072	0.73696914217908
8.9463580423754	0.73703854468765
8.9277086956522	0.73710814787517
8.9091369390788	0.73717795150690
8.8906422894425	0.73724795533260
8.8722242675348	0.73731815908681
8.8538823981099	0.73738856248918
8.8356162098438	0.73745916524468
8.8174252352941	0.73752996704392
8.7993090108600	0.73760096756346
8.7812670767428	0.73767216646600
8.7632989769073	0.73774356340076
8.7454042590432	0.73781515800367
8.7275824745269	0.73788694989767
8.7098331783847	0.73795893869302
8.6921559292549	0.73803112398751
8.6745502893519	0.73810350536674
8.6570158244297	0.73817608240443
8.6395521037464	0.73824885466263
8.6221587000288	0.73832182169201
8.6048351894374	0.73839498303213
8.5875811515325	0.73846833821167
8.5703961692396	0.73854188674869
8.5532798288160	0.73861562815093
8.5362317198178	0.73868956191602
8.5192514350668	0.73876368753172
8.5023385706183	0.73883800447623
8.4854927257288	0.73891251221839
8.4687135028249	0.73898721021794
8.4520005074711	0.73906209792575
8.4353533483399	0.73913717478411
8.4187716371806	0.73921244022691
8.4022549887892	0.73928789367992
8.3858030209790	0.73936353456103
8.3694153545505	0.73943936228046
8.3530916132627	0.73951537624100
8.3368314238042	0.73959157583826
8.3206344157646	0.73966796046089
8.3045002216066	0.73974452949080
8.2884284766381	0.73982128230339
8.2724188189845	0.73989821826780
8.2564708895621	0.73997533674708
8.2405843320506	0.74005263709847
8.2247587928669	0.74013011867357
8.2089939211391	0.74020778081858
8.1932893686800	0.74028562287451
8.1776447899618	0.74036364417741
8.1620598420909	0.74044184405855
8.1465341847826	0.74052022184465
8.1310674803363	0.74059877685807
8.1156593936113	0.74067750841703
8.1003095920022	0.74075641583582
8.0850177454153	0.74083549842497
8.0697835262450	0.74091475549149
8.0546066093498	0.74099418633903
8.0394866720300	0.74107379026809
8.0244233940043	0.74115356657621
8.0094164573871	0.74123351455817
7.9944655466667	0.74131363350618
7.9795703486825	0.74139392271005
7.9647305526036	0.74147438145737
7.9499458499072	0.74155500903372
7.9352159343568	0.74163580472285
7.9205405019815	0.74171676780681
7.9059192510549	0.74179789756620
7.8913518820742	0.74187919328028
7.8768380977404	0.74196065422718
7.8623776029373	0.74204227968405
7.8479701047120	0.74212406892724
7.8336153122550	0.74220602123247
7.8193129368805	0.74228813587498
7.8050626920073	0.74237041212971
7.7908642931393	0.74245284927144
7.7767174578470	0.74253544657494
7.7626219057483	0.74261820331518
7.7485773584906	0.74270111876742
7.7345835397317	0.74278419220740
7.7206401751223	0.74286742291147
7.7067469922879	0.74295081015675
7.6929037208109	0.74303435322127
7.6791100922131	0.74311805138412
7.6653658399386	0.74320190392557
7.6516706993364	0.74328591012724
7.6380244076433	0.74337006927222
7.6244267039674	0.74345438064519
7.6108773292714	0.74353884353261
7.5973760263558	0.74362345722276
7.5839225398432	0.74370822100595
7.5705166161616	0.74379313417463
7.5571580035291	0.74387819602346
7.5438464519376	0.74396340584950
7.5305817131374	0.74404876295231
7.5173635406219	0.74413426663406
7.5041916896120	0.74421991619963
7.4910659170415	0.74430571095677
7.4779859815415	0.74439165021617
7.4649516434263	0.74447773329159
7.4519626646781	0.74456395949998
7.4390188089330	0.74465032816156
7.4261198414664	0.74473683859993
7.4132655291790	0.74482349014218
7.4004556405826	0.74491028211901
7.3876899457861	0.74499721386477
7.3749682164822	0.74508428471763
7.3622902259332	0.74517149401962
7.3496557489581	0.74525884111674
7.3370645619187	0.74534632535904
7.3245164427071	0.74543394610074
7.3120111707317	0.74552170270027
7.2995485269053	0.74560959452041
7.2871282936315	0.74569762092830
7.2747502547925	0.74578578129560
7.2624141957364	0.74587407499850
7.2501199032648	0.74596250141785
7.2378671656205	0.74605105993918
7.2256557724753	0.74613974995284
7.2134855149182	0.74622857085400
7.2013561854432	0.74631752204278
7.1892675779376	0.74640660292425
7.1772194876706	0.74649581290859
7.1652117112811	0.74658515141104
7.1532440467669	0.74667461785205
7.1413162934731	0.74676421165730
7.1294282520809	0.74685393225777
7.1175797245964	0.74694377908977
7.1057705143399	0.74703375159504
7.0940004259347	0.74712384922074
7.0822692652965	0.74721407141957
7.0705768396226	0.74730441764976
7.0589229573817	0.74739488737514
7.0473074283028	0.74748548006521
7.0357300633654	0.74757619519511
7.0241906747891	0.74766703224574
7.0126890760234	0.74775799070375
7.0012250817375	0.74784907006161
6.9897985078107	0.74794026981761
6.9784091713222	0.74803158947592
6.9670568905415	0.74812302854660
6.9557414849188	0.74821458654568
6.9444627750753	0.74830626299510
6.9332205827937	0.74839805742284
6.9220147310090	0.74848996936285
6.9108450437990	0.74858199835516
6.8997113463751	0.74867414394583
6.8886134650735	0.74876640568700
6.8775512273457	0.74885878313693
6.8665244617499	0.74895127585997
6.8555329979419	0.74904388342661
6.8445766666667	0.74913660541349
6.8336552997493	0.74922944140340
6.8227687300865	0.74932239098528
6.8119167916383	0.74941545375428
6.8010993194192	0.74950862931168
6.7903161494904	0.74960191726500
6.7795671189507	0.74969531722792
6.7688520659291	0.74978882882032
6.7581708295762	0.74988245166828
6.7475232500563	0.74997618540405
6.7369091685393	0.75007002966612
6.7263284271932	0.75016398409911
6.7157808691756	0.75025804835387
6.7052663386267	0.75035222208741
6.6947846806610	0.75044650496290
6.6843357413601	0.75054089664968
6.6739193677649	0.75063539682324
6.6635354078684	0.75073000516522
6.6531837106081	0.75082472136335
6.6428641258586	0.75091954511149
6.6325765044248	0.75101447610960
6.6223206980340	0.75110951406371
6.6120965593295	0.75120465868589
6.6019039418630	0.75129990969426
6.5917427000879	0.75139526681297
6.5816126893524	0.75149072977213
6.5715137658922	0.75158629830784
6.5614457868243	0.75168197216214
6.5514086101399	0.75177775108299
6.5414020946978	0.75187363482421
6.5314261002179	0.75196962314553
6.5214804872743	0.75206571581246
6.5115651172893	0.75216191259635
6.5016798525266	0.75225821327428
6.4918245560849	0.75235461762908
6.4819990918919	0.75245112544929
6.4722033246978	0.75254773652910
6.4624371200690	0.75264445066830
6.4527003443823	0.75274126767232
6.4429928648184	0.75283818735208
6.4333145493562	0.75293520952406
6.4236652667667	0.75303233401017
6.4140448866068	0.75312956063776
6.4044532792138	0.75322688923956
6.3948903156997	0.75332431965364
6.3853558679446	0.75342185172334
6.3758498085921	0.75351948529729
6.3663720110427	0.75361722022926
6.3569223494487	0.75371505637823
6.3475006987084	0.75381299360824
6.3381069344609	0.75391103178840
6.3287409330800	0.75400917079282
6.3194025716695	0.75410741050056
6.3100917280572	0.75420575079556
6.3008082807902	0.75430419156664
6.2915521091291	0.75440273270738
6.2823230930427	0.75450137411611
6.2731211132036	0.75460011569584
6.2639460509820	0.75469895735419
6.2547977884415	0.75479789900336
6.2456762083333	0.75489694056007
6.2365811940919	0.75499608194546
6.2275126298297	0.75509532308509
6.2184704003319	0.75519466390883
6.2094543910522	0.75529410435084
6.2004644881075	0.75539364434947
6.1915005782734	0.75549328384725
6.1825625489792	0.75559302279075
6.1736502883031	0.75569286113061
6.1647636849681	0.75579279882139
6.1559026283368	0.75589283582157
6.1470670084068	0.75599297209345
6.1382567158067	0.75609320760311
6.1294716417910	0.75619354232030
6.1207116782360	0.75629397621842
6.1119767176351	0.75639450927445
6.1032666530945	0.75649514146885
6.0945813783289	0.75659587278553
6.0859207876573	0.75669670321174
6.0772847759984	0.75679763273804
6.0686732388664	0.75689866135822
6.0600860723671	0.75699978906923
6.0515231731934	0.75710101587108
6.0429844386212	0.75720234176684
6.0344697665056	0.75730376676251
6.0259790552764	0.75740529086695
6.0175122039342	0.75750691409185
6.0090691120465	0.75760863645162
6.0006496797438	0.75771045796336
5.9922538077154	0.75781237864673
5.9838813972056	0.75791439852393
5.9755323500100	0.75801651761960
5.9672065684713	0.75811873596077
5.9589039554760	0.75822105357676
5.9506244144502	0.75832347049913
5.9423678493558	0.75842598676159
5.9341341646873	0.75852860239994
5.9259232654675	0.75863131745201
5.9177350572444	0.75873413195755
5.9095694460871	0.75883704595817
5.9014263385827	0.75894005949730
5.8933056418321	0.75904317262007
5.8852072634472	0.75914638537327
5.8771311115468	0.75924969780524
5.8690770947533	0.75935310996586
5.8610451221896	0.75945662190640
5.8530351034752	0.75956023367950
5.8450469487229	0.75966394533908
5.8370805685358	0.75976775694028
5.8291358740035	0.75987166853934
5.8212127766990	0.75997568019359
5.8133111886756	0.76007979196134
5.8054310224632	0.76018400390182
5.7975721910656	0.76028831607510
5.7897346079567	0.76039272854200
5.7819181870781	0.76049724136408
5.7741228428351	0.76060185460348
5.7663484900942	0.76070656832294
5.7585950441798	0.76081138258563
5.7508624208709	0.76091629745518
5.7431505363985	0.76102131299553
5.7354593074421	0.76112642927088
5.7277886511272	0.76123164634566
5.7201384850219	0.76133696428440
5.7125087271341	0.76144238315169
5.7048992959087	0.76154790301211
5.6973101102242	0.76165352393015
5.6897410893908	0.76175924597017
5.6821921531463	0.76186506919627
5.6746632216544	0.76197099367230
5.6671542155009	0.76207701946171
5.6596650556919	0.76218314662756
5.6521956636501	0.76228937523240
5.6447459612126	0.76239570533821
5.6373158706281	0.76250213700636
5.6299053145540	0.76260867029752
5.6225142160540	0.76271530527159
5.6151424985952	0.76282204198766
5.6077900860456	0.76292888050392
5.6004569026714	0.76303582087760
5.5931428731343	0.76314286316494
5.5858479224893	0.76325000742107
5.5785719761816	0.76335725369999
5.5713149600446	0.76346460205449
5.5640768002970	0.76357205253608
5.5568574235403	0.76367960519498
5.5496567567568	0.76378726007997
5.5424747273063	0.76389501723841
5.5353112629247	0.76400287671615
5.5281662917204	0.76411083855747
5.5210397421731	0.76421890280502
5.5139315431304	0.76432706949976
5.5068416238060	0.76443533868093
5.4997699137773	0.76454371038596
5.4927163429828	0.76465218465043
5.4856808417200	0.76476076150801
5.4786633406433	0.76486944099042
5.4716637707611	0.76497822312735
5.4646820634342	0.76508710794642
5.4577181503732	0.76519609547316
5.4507719636364	0.76530518573090
5.4438434356274	0.76541437874075
5.4369324990932	0.76552367452156
5.4300390871219	0.76563307308986
5.4231631331404	0.76574257445980
5.4163045709124	0.76585217864312
5.4094633345363	0.76596188564909
5.4026393584430	0.76607169548446
5.3958325773938	0.76618160815346
5.3890429264785	0.76629162365769
5.3822703411131	0.76640174199611
5.3755147570378	0.76651196316499
5.3687761103152	0.76662228715789
5.3620543373278	0.76673271396557
5.3553493747767	0.76684324357602
5.3486611596789	0.76695387597434
5.3419896293656	0.76706461114276
5.3353347214807	0.76717544906057
5.3286963739780	0.76728638970413
5.3220745251198	0.76739743304675
5.3154691134752	0.76750857905875
5.3088800779175	0.76761982770735
5.3023073576229	0.76773117895668
5.2957508920685	0.76784263276774
5.2892106210303	0.76795418909833
5.2826864845815	0.76806584790310
5.2761784230905	0.76817760913343
5.2696863772192	0.76828947273746
5.2632102879213	0.76840143866006
5.2567500964405	0.76851350684275
5.2503057443082	0.76862567722375
5.2438771733427	0.76873794973789
5.2374643256464	0.76885032431662
5.2310671436050	0.76896280088798
5.2246855698850	0.76907537937657
5.2183195474326	0.76918805970355
5.2119690194715	0.76930084178658
5.2056339295016	0.76941372553985
5.1993142212973	0.76952671087401
5.1930098389052	0.76963979769620
5.1867207266436	0.76975298591001
5.1804468290997	0.76986627541544
5.1741880911288	0.76997966610894
5.1679444578521	0.77009315788336
5.1617158746556	0.77020675062793
5.1555022871883	0.77032044422830
5.1493036413604	0.77043423856644
5.1431198833419	0.77054813352073
5.1369509595613	0.77066212896588
5.1307968167037	0.77077622477294
5.1246574017094	0.77089042080933
5.1185326617722	0.77100471693875
5.1124225443383	0.77111911302129
5.1063269971044	0.77123360891333
5.1002459680163	0.77134820446757
5.0941794052676	0.77146289953303
5.0881272572980	0.77157769395508
5.0820894727920	0.77169258757537
5.0760660006773	0.77180758023188
5.0700567901235	0.77192267175894
5.0640617905405	0.77203786198717
5.0580809515775	0.77215315074353
5.0521142231210	0.77226853785134
5.0461615552937	0.77238402313022
5.0402228984533	0.77249960639617
5.0342982031906	0.77261528746153
5.0283874203287	0.77273106613502
5.0224905009214	0.77284694222171
5.0166073962517	0.77296291552308
5.0107380578305	0.77307898583701
5.0048824373957	0.77319515295777
4.9990404869101	0.77331141667607
4.9932121585610	0.77342777677906
4.9873974047579	0.77354423305034
4.9815961781323	0.77366078526999
4.9758084315353	0.77377743321458
4.9700341180371	0.77389417665719
4.9642731909256	0.77401101536741
4.9585256037049	0.77412794911142
4.9527913100942	0.77424497765193
4.9470702640264	0.77436210074827
4.9413624196473	0.77447931815638
4.9356677313138	0.77459662962884
4.9299861535932	0.77471403491490
4.9243176412615	0.77483153376051
4.9186621493027	0.77494912590833
4.9130196329072	0.77506681109778
4.9073900474709	0.77518458906504
4.9017733485939	0.77530245954312
4.8961694920790	0.77542042226185
4.8905784339315	0.77553847694795
4.8850001303569	0.77565662332502
4.8794345377604	0.77577486111363
4.8738816127459	0.77589319003127
4.8683413121143	0.77601160979249
4.8628135928629	0.77613012010884
4.8572984121841	0.77624872068898
4.8517957274640	0.77636741123867
4.8463054962819	0.77648619146082
4.8408276764088	0.77660506105555
4.8353622258065	0.77672401972021
4.8299091026261	0.77684306714941
4.8244682652076	0.77696220303510
4.8190396720784	0.77708142706658
4.8136232819525	0.77720073893054
4.8082190537289	0.77732013831115
4.8028269464915	0.77743962489003
4.7974469195071	0.77755919834638
4.7920789322251	0.77767885835695
4.7867229442759	0.77779860459614
4.7813789154705	0.77791843673603
4.7760468057989	0.77803835444642
4.7707265754297	0.77815835739489
4.7654181847083	0.77827844524683
4.7601215941569	0.77839861766554
4.7548367644726	0.77851887431223
4.7495636565272	0.77863921484609
4.7443022313657	0.77875963892434
4.7390524502055	0.77888014620230
4.7338142744355	0.77900073633341
4.7285876656151	0.77912140896933
4.7233725854735	0.77924216375994
4.7181689959081	0.77936300035346
4.7129768589844	0.77948391839645
4.7077961369347	0.77960491753388
4.7026267921569	0.77972599740921
4.6974687872140	0.77984715766444
4.6923220848333	0.77996839794015
4.6871866479049	0.78008971787557
4.6820624394815	0.78021111710865
4.6769494227769	0.78033259527611
4.6718475611657	0.78045415201348
4.6667568181818	0.78057578695521
4.6616771575183	0.78069749973469
4.6566085430258	0.78081928998433
4.6515509387122	0.78094115733561
4.6465043087415	0.78106310141915
4.6414686174330	0.78118512186478
4.6364438292607	0.78130721830159
4.6314299088522	0.78142939035800
4.6264268209877	0.78155163766183
4.6214345305997	0.78167395984035
4.6164530027718	0.78179635652035
4.6114822027380	0.78191882732823
4.6065220958820	0.78204137189003
4.6015726477360	0.78216398983149
4.5966338239804	0.78228668077816
4.5917055904426	0.78240944435544
4.5867879130967	0.78253228018863
4.5818807580621	0.78265518790304
4.5769840916031	0.78277816712401
4.5720978801281	0.78290121747699
4.5672220901889	0.78302433858764
4.5623566884797	0.78314753008187
4.5575016418364	0.78327079158588
4.5526569172361	0.78339412272629
4.5478224817961	0.78351752313015
4.5429983027731	0.78364099242505
4.5381843475628	0.78376453023917
4.5333805836988	0.78388813620133
4.5285869788520	0.78401180994108
4.5238035008299	0.78413555108879
4.5190301175761	0.78425935927565
4.5142667971691	0.78438323413381
4.5095135078219	0.78450717529641
4.5047702178813	0.78463118239764
4.5000368958271	0.78475525507283
4.4953135102714	0.78487939295852
4.4906000299581	0.78500359569251
4.4858964237618	0.78512786291393
4.4812026606876	0.78525219426330
4.4765187098701	0.78537658938264
4.4718445405728	0.78550104791548
4.4671801221875	0.78562556950696
4.4625254242334	0.78575015380388
4.4578804163569	0.78587480045478
4.4532450683304	0.78599950911000
4.4486193500519	0.78612427942175
4.4440032315446	0.78624911104415
4.4393966829557	0.78637400363335
4.4347996745562	0.78649895684753
4.4302121767401	0.78662397034701
4.4256341600236	0.78674904379428
4.4210655950450	0.78687417685410
4.4165064525633	0.78699936919355
4.4119567034584	0.78712462048206
4.4074163187298	0.78724993039152
4.4028852694963	0.78737529859632
4.3983635269953	0.78750072477340
4.3938510625824	0.78762620860233
4.3893478477306	0.78775174976538
4.3848538540295	0.78787734794752
4.3803690531853	0.78800300283657
4.3758934170194	0.78812871412318
4.3714269174686	0.78825448150093
4.3669695265841	0.78838030466635
4.3625212165309	0.78850618331905
4.3580819595871	0.78863211716167
4.3536517281441	0.78875810590004
4.3492304947048	0.78888414924317
4.3448182318841	0.78901024690330
4.3404149124077	0.78913639859600
4.3360205091119	0.78926260404018
4.3316349949429	0.78938886295818
4.3272583429561	0.78951517507576
4.3228905263158	0.78964154012222
4.3185315182944	0.78976795783040
4.3141812922723	0.78989442793674
4.3098398217366	0.79002095018135
4.3055070802815	0.79014752430802
4.3011830416069	0.79027415006428
4.2968676795184	0.79040082720145
4.2925609679267	0.79052755547469
4.2882628808468	0.79065433464303
4.2839733923978	0.79078116446940
4.2796924768023	0.79090804472068
4.2754201083856	0.79103497516777
4.2711562615757	0.79116195558557
4.2669009109024	0.79128898575307
4.2626540309967	0.79141606545335
4.2584155965909	0.79154319447362
4.2541855825174	0.79167037260529
4.2499639637085	0.79179759964394
4.2457507151961	0.79192487538940
4.2415458121109	0.79205219964577
4.2373492296820	0.79217957222144
4.2331609432364	0.79230699292911
4.2289809281986	0.79243446158584
4.2248091600902	0.79256197801305
4.2206456145291	0.79268954203655
4.2164902672293	0.79281715348659
4.2123430940003	0.79294481219783
4.2082040707468	0.79307251800941
4.2040731734680	0.79320027076492
4.1999503782572	0.79332807031247
4.1958356613016	0.79345591650464
4.1917289988814	0.79358380919856
4.1876303673697	0.79371174825587
4.1835397432319	0.79383973354277
4.1794571030252	0.79396776492999
4.1753824233983	0.79409584229285
4.1713156810909	0.79422396551119
4.1672568529330	0.79435213446945
4.1632059158450	0.79448034905664
4.1591628468368	0.79460860916632
4.1551276230076	0.79473691469665
4.1511002215453	0.79486526555032
4.1470806197261	0.79499366163464
4.1430687949143	0.79512210286142
4.1390647245616	0.79525058914706
4.1350683862069	0.79537912041249
4.1310797574755	0.79550769658317
4.1270988160793	0.79563631758909
4.1231255398157	0.79576498336473
4.1191599065677	0.79589369384906
4.1152018943034	0.79602244898553
4.1112514810752	0.79615124872203
4.1073086450199	0.79628009301088
4.1033733643581	0.79640898180880
4.0994456173937	0.79653791507690
4.0955253825137	0.79666689278062
4.0916126381875	0.79679591488974
4.0877073629670	0.79692498137833
4.0838095354856	0.79705409222470
4.0799191344584	0.79718324741138
4.0760361386812	0.79731244692510
4.0721605270307	0.79744169075672
4.0682922784638	0.79757097890121
4.0644313720174	0.79770031135758
4.0605777868075	0.79782968812886
4.0567315020298	0.79795910922206
4.0528924969582	0.79808857464808
4.0490607509454	0.79821808442168
4.0452362434219	0.79834763856146
4.0414189538959	0.79847723708972
4.0376088619529	0.79860688003250
4.0338059472551	0.79873656741944
4.0300101895416	0.79886629928375
4.0262215686274	0.79899607566216
4.0224400644036	0.79912589659481
4.0186656568365	0.79925576212523
4.0148983259676	0.79938567230021
4.0111380519133	0.79951562716980
4.0073848148643	0.79964562678714
4.0036385950855	0.79977567120848
3.9998993729153	0.79990576049303
3.9961671287657	0.80003589470288
3.9924418431216	0.80016607390296
3.9887234965407	0.80029629816091
3.9850120696531	0.80042656754699
3.9813075431607	0.80055688213401
3.9776098978373	0.80068724199722
3.9739191145281	0.80081764721422
3.9702351741491	0.80094809786483
3.9665580576872	0.80107859403105
3.9628877461996	0.80120913579686
3.9592242208135	0.80133972324823
3.9555674627260	0.80147035647288
3.9519174532033	0.80160103556029
3.9482741735809	0.80173176060149
3.9446376052632	0.80186253168899
3.9410077297226	0.80199334891666
3.9373845285001	0.80212421237958
3.9337679832043	0.80225512217393
3.9301580755113	0.80238607839688
3.9265547871644	0.80251708114641
3.9229580999738	0.80264813052124
3.9193679958164	0.80277922662064
3.9157844566353	0.80291036954430
3.9122074644395	0.80304155939224
3.9086370013038	0.80317279626459
3.9050730493682	0.80330408026150
3.9015155908381	0.80343541148297
3.8979646079834	0.80356679002869
3.8944200831385	0.80369821599789
3.8908819987021	0.80382968948921
3.8873503371369	0.80396121060050
3.8838250809690	0.80409277942868
3.8803062127880	0.80422439606956
3.8767937152463	0.80435606061770
3.8732875710594	0.80448777316621
3.8697877630050	0.80461953380659
3.8662942739231	0.80475134262854
3.8628070867156	0.80488319971982
3.8593261843460	0.80501510516601
3.8558515498392	0.80514705905037
3.8523831662812	0.80527906145365
3.8489210168186	0.80541111245387
3.8454650846588	0.80554321212617
3.8420153530693	0.80567536054257
3.8385718053777	0.80580755777181
3.8351344249712	0.80593980387912
3.8317031952965	0.80607209892605
3.8282780998595	0.80620444297022
3.8248591222251	0.80633683606515
3.8214462460166	0.80646927826003
3.8180394549159	0.80660176959950
3.8146387326632	0.80673431012344
3.8112440630562	0.80686689986678
3.8078554299505	0.80699953885920
3.8044728172589	0.80713222712499
3.8010962089514	0.80726496468277
3.7977255890550	0.80739775154526
3.7943609416530	0.80753058771908
3.7910022508852	0.80766347320448
3.7876495009476	0.80779640799511
3.7843026760919	0.80792939207779
3.7809617606256	0.80806242543222
3.7776267389113	0.80819550803082
3.7742975953670	0.80832863983839
3.7709743144654	0.80846182081189
3.7676568807339	0.80859505090021
3.7643452787544	0.80872833004387
3.7610394931627	0.80886165817477
3.7577395086488	0.80899503521594
3.7544453099562	0.80912846108127
3.7511568818819	0.80926193567523
3.7478742092762	0.80939545889259
3.7445972770422	0.80952903061817
3.7413260701360	0.80966265072654
3.7380605735661	0.80979631908174
3.7348007723932	0.80993003553703
3.7315466517301	0.81006379993455
3.7282981967417	0.81019761210507
3.7250553926441	0.81033147186768
3.7218182247052	0.81046537902950
3.7185866782436	0.81059933338541
3.7153607386293	0.81073333471771
3.7121403912828	0.81086738279581
3.7089256216751	0.81100147737598
3.7057164153276	0.81113561820100
3.7025127578115	0.81126980499987
3.6993146347483	0.81140403748747
3.6961220318087	0.81153831536427
3.6929349347130	0.81167263831602
3.6897533292308	0.81180700601339
3.6865772011805	0.81194141811168
3.6834065364295	0.81207587425050
3.6802413208937	0.81221037405340
3.6770815405372	0.81234491712758
3.6739271813725	0.81247950306355
3.6707782294600	0.81261413143477
3.6676346709078	0.81274880179736
3.6644964918714	0.81288351368968
3.6613636785540	0.81301826663209
3.6582362172056	0.81315306012650
3.6551140941234	0.81328789365609
3.6519972956511	0.81342276668497
3.6488858081792	0.81355767865775
3.6457796181442	0.81369262899926
3.6426787120292	0.81382761711417
3.6395830763628	0.81396264238660
3.6364926977196	0.81409770417981
3.6334075627197	0.81423280183580
3.6303276580286	0.81436793467494
3.6272529703569	0.81450310199564
3.6241834864603	0.81463830307393
3.6211191931393	0.81477353716311
3.6180600772387	0.81490880349339
3.6150061256481	0.81504410127147
3.6119573253012	0.81517942968020
3.6089136631756	0.81531478787819
3.6058751262930	0.81545017499941
3.6028417017185	0.81558559015282
3.5998133765610	0.81572103242195
3.5967901379724	0.81585650086458
3.5937719731479	0.81599199451225
3.5907588693257	0.81612751236997
3.5877508137865	0.81626305341573
3.5847477938539	0.81639861660018
3.5817497968937	0.81653420084615
3.5787568103140	0.81666980504833
3.5757688215649	0.81680542807282
3.5727858181385	0.81694106875672
3.5698077875685	0.81707672590775
3.5668347174301	0.81721239830383
3.5638665953400	0.81734808469265
3.5609034089559	0.81748378379128
3.5579451459767	0.81761949428576
3.5549917941421	0.81775521483067
3.5520433412322	0.81789094404872
3.5490997750681	0.81802668053031
3.5461610835108	0.81816242283315
3.5432272544616	0.81829816948182
3.5402982758621	0.81843391896732
3.5373741356932	0.81856966974670
3.5344548219759	0.81870542024257
3.5315403227706	0.81884116884273
3.5286306261770	0.81897691389972
3.5257257203340	0.81911265373037
3.5228255934195	0.81924838661541
3.5199302336503	0.81938411079898
3.5170396292820	0.81951982448826
3.5141537686086	0.81965552585301
3.5112726399625	0.81979121302512
3.5083962317145	0.81992688409818
3.5055245322732	0.82006253712706
3.5026575300853	0.82019817012745
3.4997952136353	0.82033378107544
3.4969375714452	0.82046936790706
3.4940845920746	0.82060492851785
3.4912362641202	0.82074046076243
3.4883925762160	0.82087596245403
3.4855535170329	0.82101143136407
3.4827190752788	0.82114686522170
3.4798892396982	0.82128226171338
3.4770639990721	0.82141761848239
3.4742433422181	0.82155293312845
3.4714272579898	0.82168820320721
3.4686157352771	0.82182342622985
3.4658087630058	0.82195859966260
3.4630063301375	0.82209372092633
3.4602084256694	0.82222878739605
3.4574150386345	0.82236379640053
3.4546261581009	0.82249874522179
3.4518417731721	0.82263363109471
3.4490618729867	0.82276845120652
3.4462864467180	0.82290320269640
3.4435154835745	0.82303788265503
3.4407489727993	0.82317248812412
3.4379869036697	0.82330701609597
3.4352292654979	0.82344146351305
3.4324760476300	0.82357582726750
3.4297272394463	0.82371010420075
3.4269828303612	0.82384429110302
3.4242428098230	0.82397838471290
3.4215071673134	0.82411238171690
3.4187758923480	0.82424627874903
3.4160489744758	0.82438007239030
3.4133264032791	0.82451375916833
3.4106081683732	0.82464733555690
3.4078942594066	0.82478079797549
3.4051846660609	0.82491414278886
3.4024793780502	0.82504736630659
3.3997783851213	0.82518046478266
3.3970816770538	0.82531343441501
3.3943892436594	0.82544627134511
3.3917010747822	0.82557897165751
3.3890171602984	0.82571153137942
3.3863374901163	0.82584394648027
3.3836620541761	0.82597621287129
3.3809908424495	0.82610832640509
3.3783238449403	0.82624028287521
3.3756610516834	0.82637207801568
3.3730024527453	0.82650370750068
3.3703480382237	0.82663516694400
3.3676977982476	0.82676645189873
3.3650517229768	0.82689755785677
3.3624098026021	0.82702848024845
3.3597720273451	0.82715921444209
3.3571383874580	0.82728975574361
3.3545088732237	0.82742009939614
3.3518834749553	0.82755024057956
3.3492621829963	0.82768017441014
3.3466449877205	0.82780989594012
3.3440318795315	0.82793940015730
3.3414228488631	0.82806868198470
3.3388178861789	0.82819773628007
3.3362169819720	0.82832655783561
3.3336201267653	0.82845514137749
3.3310273111111	0.82858348156552
