#Parameters = {thARC=0; nARC=1; thsub=1; p=1; nSub=3.5}
#"Wavelength / um"	"T (541) [Real Part]"
#---------------------------------------
14.989622900000	0.69135810478030
14.937342202292	0.69136885539271
14.885424925521	0.69137927502454
14.833867293419	0.69138936889858
14.782665581854	0.69139914219342
14.731816117936	0.69140860004344
14.681315279138	0.69141774753887
14.631159492435	0.69142658972583
14.581345233463	0.69143513160636
14.531869025691	0.69144337813850
14.482727439614	0.69145133423633
14.433917091960	0.69145900477002
14.385434644914	0.69146639456590
14.337276805356	0.69147350840654
14.289440324118	0.69148035103079
14.241921995249	0.69148692713387
14.194718655303	0.69149324136747
14.147827182633	0.69149929833976
14.101244496707	0.69150510261556
14.054967557431	0.69151065871636
14.008993364486	0.69151597112043
13.963318956684	0.69152104426294
13.917941411328	0.69152588253602
13.872857843591	0.69153049028887
13.828065405904	0.69153487182788
13.783561287356	0.69153903141669
13.739342713107	0.69154297327636
13.695406943810	0.69154670158545
13.651751275046	0.69155022048012
13.608373036768	0.69155353405429
13.565269592760	0.69155664635970
13.522438340099	0.69155956140610
13.479876708633	0.69156228316134
13.437582160466	0.69156481555150
13.395552189455	0.69156716246101
13.353784320713	0.69156932773283
13.312276110124	0.69157131516854
13.271025143869	0.69157312852851
13.230029037952	0.69157477153202
13.189285437747	0.69157624785741
13.148792017544	0.69157756114225
13.108546480105	0.69157871498347
13.068546556234	0.69157971293750
13.028790004346	0.69158055852044
12.989274610052	0.69158125520825
12.949998185745	0.69158180643683
12.910958570198	0.69158221560225
12.872153628167	0.69158248606090
12.833581250000	0.69158262112963
12.795239351259	0.69158262408594
12.757125872340	0.69158249816815
12.719238778108	0.69158224657556
12.681576057530	0.69158187246863
12.644135723323	0.69158137896917
12.606915811606	0.69158076916050
12.569914381551	0.69158004608763
12.533129515050	0.69157921275745
12.496559316382	0.69157827213891
12.460201911887	0.69157722716322
12.424055449648	0.69157608072402
12.388118099174	0.69157483567755
12.352388051092	0.69157349484289
12.316863516845	0.69157206100212
12.281542728390	0.69157053690052
12.246423937908	0.69156892524677
12.211505417515	0.69156722871312
12.176785458976	0.69156544993565
12.142262373431	0.69156359151439
12.107934491115	0.69156165601361
12.073800161095	0.69155964596192
12.039857751004	0.69155756385258
12.006105646776	0.69155541214364
11.972542252396	0.69155319325814
11.939165989646	0.69155090958438
11.905975297855	0.69154856347605
11.872968633663	0.69154615725252
11.840144470774	0.69154369319897
11.807501299724	0.69154117356670
11.775037627651	0.69153860057324
11.742751978065	0.69153597640263
11.710642890625	0.69153330320563
11.678708920919	0.69153058309992
11.646948640249	0.69152781817033
11.615360635413	0.69152501046906
11.583943508501	0.69152216201586
11.552695876686	0.69151927479834
11.521616372022	0.69151635077210
11.490703641242	0.69151339186100
11.459956345566	0.69151039995737
11.429373160503	0.69150737692223
11.398952775665	0.69150432458555
11.368693894577	0.69150124474641
11.338595234493	0.69149813917328
11.308655526217	0.69149500960425
11.278873513920	0.69149185774719
11.249247954972	0.69148868528007
11.219777619760	0.69148549385112
11.190461291527	0.69148228507908
11.161297766195	0.69147906055345
11.132285852209	0.69147582183468
11.103424370370	0.69147257045444
11.074712153676	0.69146930791583
11.046148047163	0.69146603569360
11.017730907755	0.69146275523441
10.989459604106	0.69145946795704
10.961333016453	0.69145617525264
10.933350036470	0.69145287848494
10.905509567115	0.69144957899049
10.877810522496	0.69144627807892
10.850251827723	0.69144297703314
10.822832418773	0.69143967710956
10.795551242348	0.69143637953839
10.768407255747	0.69143308552381
10.741399426729	0.69142979624421
10.714526733381	0.69142651285246
10.687788163993	0.69142323647612
10.661182716927	0.69141996821767
10.634709400497	0.69141670915475
10.608367232838	0.69141346034040
10.582155241793	0.69141022280328
10.556072464789	0.69140699754791
10.530117948718	0.69140378555492
10.504290749825	0.69140058778125
10.478589933590	0.69139740516041
10.453014574616	0.69139423860272
10.427563756522	0.69139108899549
10.402236571825	0.69138795720333
10.377032121841	0.69138484406832
10.351949516575	0.69138175041029
10.326987874612	0.69137867702699
10.302146323024	0.69137562469440
10.277423997257	0.69137259416689
10.252820041040	0.69136958617751
10.228333606278	0.69136660143818
10.203963852961	0.69136364063993
10.179709949066	0.69136070445314
10.155571070461	0.69135779352776
10.131546400811	0.69135490849357
10.107635131490	0.69135204996033
10.083836461487	0.69134921851812
10.060149597315	0.69134641473746
10.036573752929	0.69134363916962
10.013108149633	0.69134089234679
9.9897520159947	0.69133817478236
9.9665045877660	0.69133548697107
9.9433651077944	0.69133282938932
9.9203328259431	0.69133020249535
9.8974069990096	0.69132760672945
9.8745868906456	0.69132504251422
9.8518717712783	0.69132251025478
9.8292609180328	0.69132001033898
9.8067536146549	0.69131754313761
9.7843491514360	0.69131510900469
9.7620468251384	0.69131270827760
9.7398459389214	0.69131034127736
9.7177458022690	0.69130800830881
9.6957457309185	0.69130570966088
9.6738450467893	0.69130344560674
9.6520430779137	0.69130121640406
9.6303391583681	0.69129902229525
9.6087326282051	0.69129686350758
9.5872228333866	0.69129474025352
9.5658091257179	0.69129265273084
9.5444908627826	0.69129060112289
9.5232674078780	0.69128858559881
9.5021381299525	0.69128660631368
9.4811024035421	0.69128466340882
9.4601596087094	0.69128275701192
9.4393091309824	0.69128088723729
9.4185503612944	0.69127905418606
9.3978826959248	0.69127725794639
9.3773055364404	0.69127549859363
9.3568182896380	0.69127377619062
9.3364203674868	0.69127209078778
9.3161111870727	0.69127044242342
9.2958901705426	0.69126883112384
9.2757567450495	0.69126725690360
9.2557103426984	0.69126571976572
9.2357504004929	0.69126421970181
9.2158763602828	0.69126275669235
9.1960876687117	0.69126133070683
9.1763837771656	0.69125994170398
9.1567641417227	0.69125858963194
9.1372282231027	0.69125727442845
9.1177754866180	0.69125599602108
9.0984054021244	0.69125475432736
9.0791174439733	0.69125354925502
9.0599110909640	0.69125238070217
9.0407858262967	0.69125124855747
9.0217411375263	0.69125015270031
9.0027765165165	0.69124909300104
8.9838914593947	0.69124806932110
8.9650854665072	0.69124708151322
8.9463580423754	0.69124612942164
8.9277086956522	0.69124521288223
8.9091369390788	0.69124433172270
8.8906422894425	0.69124348576278
8.8722242675348	0.69124267481440
8.8538823981099	0.69124189868183
8.8356162098438	0.69124115716191
8.8174252352941	0.69124045004419
8.7993090108600	0.69123977711108
8.7812670767428	0.69123913813807
8.7632989769073	0.69123853289388
8.7454042590432	0.69123796114061
8.7275824745269	0.69123742263392
8.7098331783847	0.69123691712320
8.6921559292549	0.69123644435173
8.6745502893519	0.69123600405685
8.6570158244297	0.69123559597011
8.6395521037464	0.69123521981743
8.6221587000288	0.69123487531926
8.6048351894374	0.69123456219076
8.5875811515325	0.69123428014193
8.5703961692396	0.69123402887776
8.5532798288160	0.69123380809842
8.5362317198178	0.69123361749938
8.5192514350668	0.69123345677156
8.5023385706183	0.69123332560151
8.4854927257288	0.69123322367153
8.4687135028249	0.69123315065983
8.4520005074711	0.69123310624067
8.4353533483399	0.69123309008450
8.4187716371806	0.69123310185812
8.4022549887892	0.69123314122482
8.3858030209790	0.69123320784449
8.3694153545505	0.69123330137380
8.3530916132627	0.69123342146631
8.3368314238042	0.69123356777262
8.3206344157646	0.69123373994050
8.3045002216066	0.69123393761502
8.2884284766381	0.69123416043869
8.2724188189845	0.69123440805160
8.2564708895621	0.69123468009150
8.2405843320506	0.69123497619401
8.2247587928669	0.69123529599268
8.2089939211391	0.69123563911912
8.1932893686800	0.69123600520318
8.1776447899618	0.69123639387301
8.1620598420909	0.69123680475520
8.1465341847826	0.69123723747491
8.1310674803363	0.69123769165600
8.1156593936113	0.69123816692111
8.1003095920022	0.69123866289180
8.0850177454153	0.69123917918867
8.0697835262450	0.69123971543145
8.0546066093498	0.69124027123914
8.0394866720300	0.69124084623008
8.0244233940043	0.69124144002212
8.0094164573871	0.69124205223266
7.9944655466667	0.69124268247880
7.9795703486825	0.69124333037743
7.9647305526036	0.69124399554533
7.9499458499072	0.69124467759929
7.9352159343568	0.69124537615618
7.9205405019815	0.69124609083308
7.9059192510549	0.69124682124736
7.8913518820742	0.69124756701677
7.8768380977404	0.69124832775956
7.8623776029373	0.69124910309455
7.8479701047120	0.69124989264123
7.8336153122550	0.69125069601986
7.8193129368805	0.69125151285154
7.8050626920073	0.69125234275831
7.7908642931393	0.69125318536325
7.7767174578470	0.69125404029053
7.7626219057483	0.69125490716554
7.7485773584906	0.69125578561492
7.7345835397317	0.69125667526669
7.7206401751223	0.69125757575029
7.7067469922879	0.69125848669669
7.6929037208109	0.69125940773846
7.6791100922131	0.69126033850983
7.6653658399386	0.69126127864676
7.6516706993364	0.69126222778707
7.6380244076433	0.69126318557043
7.6244267039674	0.69126415163849
7.6108773292714	0.69126512563491
7.5973760263558	0.69126610720547
7.5839225398432	0.69126709599811
7.5705166161616	0.69126809166298
7.5571580035291	0.69126909385255
7.5438464519376	0.69127010222162
7.5305817131374	0.69127111642742
7.5173635406219	0.69127213612965
7.5041916896120	0.69127316099056
7.4910659170415	0.69127419067497
7.4779859815415	0.69127522485037
7.4649516434263	0.69127626318694
7.4519626646781	0.69127730535762
7.4390188089330	0.69127835103817
7.4261198414664	0.69127939990719
7.4132655291790	0.69128045164621
7.4004556405826	0.69128150593970
7.3876899457861	0.69128256247516
7.3749682164822	0.69128362094312
7.3622902259332	0.69128468103722
7.3496557489581	0.69128574245423
7.3370645619187	0.69128680489411
7.3245164427071	0.69128786806005
7.3120111707317	0.69128893165849
7.2995485269053	0.69128999539917
7.2871282936315	0.69129105899519
7.2747502547925	0.69129212216302
7.2624141957364	0.69129318462252
7.2501199032648	0.69129424609703
7.2378671656205	0.69129530631333
7.2256557724753	0.69129636500175
7.2134855149182	0.69129742189612
7.2013561854432	0.69129847673388
7.1892675779376	0.69129952925603
7.1772194876706	0.69130057920721
7.1652117112811	0.69130162633573
7.1532440467669	0.69130267039354
7.1413162934731	0.69130371113631
7.1294282520809	0.69130474832343
7.1175797245964	0.69130578171802
7.1057705143399	0.69130681108699
7.0940004259347	0.69130783620100
7.0822692652965	0.69130885683454
7.0705768396226	0.69130987276589
7.0589229573817	0.69131088377718
7.0473074283028	0.69131188965439
7.0357300633654	0.69131289018735
7.0241906747891	0.69131388516978
7.0126890760234	0.69131487439928
7.0012250817375	0.69131585767734
6.9897985078107	0.69131683480937
6.9784091713222	0.69131780560470
6.9670568905415	0.69131876987657
6.9557414849188	0.69131972744215
6.9444627750753	0.69132067812257
6.9332205827937	0.69132162174288
6.9220147310090	0.69132255813208
6.9108450437990	0.69132348712312
6.8997113463751	0.69132440855291
6.8886134650735	0.69132532226229
6.8775512273457	0.69132622809607
6.8665244617499	0.69132712590301
6.8555329979419	0.69132801553582
6.8445766666667	0.69132889685114
6.8336552997493	0.69132976970957
6.8227687300865	0.69133063397564
6.8119167916383	0.69133148951782
6.8010993194192	0.69133233620850
6.7903161494904	0.69133317392400
6.7795671189507	0.69133400254455
6.7688520659291	0.69133482195428
6.7581708295762	0.69133563204120
6.7475232500563	0.69133643269723
6.7369091685393	0.69133722381816
6.7263284271932	0.69133800530361
6.7157808691756	0.69133877705709
6.7052663386267	0.69133953898592
6.6947846806610	0.69134029100124
6.6843357413601	0.69134103301801
6.6739193677649	0.69134176495496
6.6635354078684	0.69134248673460
6.6531837106081	0.69134319828321
6.6428641258586	0.69134389953079
6.6325765044248	0.69134459041107
6.6223206980340	0.69134527086147
6.6120965593295	0.69134594082309
6.6019039418630	0.69134660024069
6.5917427000879	0.69134724906268
6.5816126893524	0.69134788724107
6.5715137658922	0.69134851473147
6.5614457868243	0.69134913149305
6.5514086101399	0.69134973748853
6.5414020946978	0.69135033268415
6.5314261002179	0.69135091704965
6.5214804872743	0.69135149055822
6.5115651172893	0.69135205318653
6.5016798525266	0.69135260491461
6.4918245560849	0.69135314572594
6.4819990918919	0.69135367560731
6.4722033246978	0.69135419454886
6.4624371200690	0.69135470254403
6.4527003443823	0.69135519958954
6.4429928648184	0.69135568568533
6.4333145493562	0.69135616083457
6.4236652667667	0.69135662504361
6.4140448866068	0.69135707832192
6.4044532792138	0.69135752068212
6.3948903156997	0.69135795213989
6.3853558679446	0.69135837271396
6.3758498085921	0.69135878242607
6.3663720110427	0.69135918130097
6.3569223494487	0.69135956936633
6.3475006987084	0.69135994665272
6.3381069344609	0.69136031319362
6.3287409330800	0.69136066902532
6.3194025716695	0.69136101418693
6.3100917280572	0.69136134872033
6.3008082807902	0.69136167267010
6.2915521091291	0.69136198608355
6.2823230930427	0.69136228901063
6.2731211132036	0.69136258150390
6.2639460509820	0.69136286361850
6.2547977884415	0.69136313541213
6.2456762083333	0.69136339694496
6.2365811940919	0.69136364827964
6.2275126298297	0.69136388948125
6.2184704003319	0.69136412061723
6.2094543910522	0.69136434175737
6.2004644881075	0.69136455297378
6.1915005782734	0.69136475434080
6.1825625489792	0.69136494593502
6.1736502883031	0.69136512783519
6.1647636849681	0.69136530012220
6.1559026283368	0.69136546287904
6.1470670084068	0.69136561619076
6.1382567158067	0.69136576014441
6.1294716417910	0.69136589482902
6.1207116782360	0.69136602033555
6.1119767176351	0.69136613675683
6.1032666530945	0.69136624418757
6.0945813783289	0.69136634272423
6.0859207876573	0.69136643246507
6.0772847759984	0.69136651351005
6.0686732388664	0.69136658596079
6.0600860723671	0.69136664992055
6.0515231731934	0.69136670549419
6.0429844386212	0.69136675278808
6.0344697665056	0.69136679191012
6.0259790552764	0.69136682296965
6.0175122039342	0.69136684607742
6.0090691120465	0.69136686134555
6.0006496797438	0.69136686888749
5.9922538077154	0.69136686881796
5.9838813972056	0.69136686125293
5.9755323500100	0.69136684630956
5.9672065684713	0.69136682410615
5.9589039554760	0.69136679476212
5.9506244144502	0.69136675839795
5.9423678493558	0.69136671513514
5.9341341646873	0.69136666509614
5.9259232654675	0.69136660840438
5.9177350572444	0.69136654518413
5.9095694460871	0.69136647556055
5.9014263385827	0.69136639965955
5.8933056418321	0.69136631760785
5.8852072634472	0.69136622953286
5.8771311115468	0.69136613556266
5.8690770947533	0.69136603582596
5.8610451221896	0.69136593045207
5.8530351034752	0.69136581957084
5.8450469487229	0.69136570331260
5.8370805685358	0.69136558180816
5.8291358740035	0.69136545518874
5.8212127766990	0.69136532358595
5.8133111886756	0.69136518713169
5.8054310224632	0.69136504595821
5.7975721910656	0.69136490019795
5.7897346079567	0.69136474998359
5.7819181870781	0.69136459544798
5.7741228428351	0.69136443672408
5.7663484900942	0.69136427394494
5.7585950441798	0.69136410724365
5.7508624208709	0.69136393675331
5.7431505363985	0.69136376260698
5.7354593074421	0.69136358493763
5.7277886511272	0.69136340387814
5.7201384850219	0.69136321956122
5.7125087271341	0.69136303211937
5.7048992959087	0.69136284168489
5.6973101102242	0.69136264838977
5.6897410893908	0.69136245236571
5.6821921531463	0.69136225374407
5.6746632216544	0.69136205265580
5.6671542155009	0.69136184923143
5.6596650556919	0.69136164360105
5.6521956636501	0.69136143589423
5.6447459612126	0.69136122624001
5.6373158706281	0.69136101476686
5.6299053145540	0.69136080160266
5.6225142160540	0.69136058687461
5.6151424985952	0.69136037070926
5.6077900860456	0.69136015323246
5.6004569026714	0.69135993456928
5.5931428731343	0.69135971484402
5.5858479224893	0.69135949418019
5.5785719761816	0.69135927270042
5.5713149600446	0.69135905052648
5.5640768002970	0.69135882777922
5.5568574235403	0.69135860457854
5.5496567567568	0.69135838104337
5.5424747273063	0.69135815729163
5.5353112629247	0.69135793344020
5.5281662917204	0.69135770960489
5.5210397421731	0.69135748590041
5.5139315431304	0.69135726244035
5.5068416238060	0.69135703933712
5.4997699137773	0.69135681670197
5.4927163429828	0.69135659464490
5.4856808417200	0.69135637327470
5.4786633406433	0.69135615269887
5.4716637707611	0.69135593302361
5.4646820634342	0.69135571435382
5.4577181503732	0.69135549679300
5.4507719636364	0.69135528044334
5.4438434356274	0.69135506540556
5.4369324990932	0.69135485177900
5.4300390871219	0.69135463966154
5.4231631331404	0.69135442914957
5.4163045709124	0.69135422033800
5.4094633345363	0.69135401332022
5.4026393584430	0.69135380818806
5.3958325773938	0.69135360503179
5.3890429264785	0.69135340394012
5.3822703411131	0.69135320500012
5.3755147570378	0.69135300829726
5.3687761103152	0.69135281391535
5.3620543373278	0.69135262193653
5.3553493747767	0.69135243244126
5.3486611596789	0.69135224550832
5.3419896293656	0.69135206121473
5.3353347214807	0.69135187963580
5.3286963739780	0.69135170084509
5.3220745251198	0.69135152491437
5.3154691134752	0.69135135191364
5.3088800779175	0.69135118191109
5.3023073576229	0.69135101497311
5.2957508920685	0.69135085116424
5.2892106210303	0.69135069054719
5.2826864845815	0.69135053318283
5.2761784230905	0.69135037913012
5.2696863772192	0.69135022844619
5.2632102879213	0.69135008118626
5.2567500964405	0.69134993740362
5.2503057443082	0.69134979714971
5.2438771733427	0.69134966047399
5.2374643256464	0.69134952742402
5.2310671436050	0.69134939804542
5.2246855698850	0.69134927238186
5.2183195474326	0.69134915047506
5.2119690194715	0.69134903236477
5.2056339295016	0.69134891808879
5.1993142212973	0.69134880768293
5.1930098389052	0.69134870118103
5.1867207266436	0.69134859861496
5.1804468290997	0.69134850001457
5.1741880911288	0.69134840540777
5.1679444578521	0.69134831482042
5.1617158746556	0.69134822827644
5.1555022871883	0.69134814579772
5.1493036413604	0.69134806740416
5.1431198833419	0.69134799311366
5.1369509595613	0.69134792294213
5.1307968167037	0.69134785690347
5.1246574017094	0.69134779500958
5.1185326617722	0.69134773727038
5.1124225443383	0.69134768369379
5.1063269971044	0.69134763428574
5.1002459680163	0.69134758905015
5.0941794052676	0.69134754798899
5.0881272572980	0.69134751110222
5.0820894727920	0.69134747838786
5.0760660006773	0.69134744984192
5.0700567901235	0.69134742545848
5.0640617905405	0.69134740522963
5.0580809515775	0.69134738914555
5.0521142231210	0.69134737719443
5.0461615552937	0.69134736936256
5.0402228984533	0.69134736563430
5.0342982031906	0.69134736599208
5.0283874203287	0.69134737041642
5.0224905009214	0.69134737888596
5.0166073962517	0.69134739137745
5.0107380578305	0.69134740786575
5.0048824373957	0.69134742832387
4.9990404869101	0.69134745272296
4.9932121585610	0.69134748103234
4.9873974047579	0.69134751321950
4.9815961781323	0.69134754925012
4.9758084315353	0.69134758908809
4.9700341180371	0.69134763269550
4.9642731909256	0.69134768003269
4.9585256037049	0.69134773105824
4.9527913100942	0.69134778572900
4.9470702640264	0.69134784400010
4.9413624196473	0.69134790582497
4.9356677313138	0.69134797115536
4.9299861535932	0.69134803994135
4.9243176412615	0.69134811213138
4.9186621493027	0.69134818767226
4.9130196329072	0.69134826650920
4.9073900474709	0.69134834858580
4.9017733485939	0.69134843384413
4.8961694920790	0.69134852222469
4.8905784339315	0.69134861366647
4.8850001303569	0.69134870810693
4.8794345377604	0.69134880548210
4.8738816127459	0.69134890572651
4.8683413121143	0.69134900877327
4.8628135928629	0.69134911455410
4.8572984121841	0.69134922299930
4.8517957274640	0.69134933403784
4.8463054962819	0.69134944759733
4.8408276764088	0.69134956360410
4.8353622258065	0.69134968198316
4.8299091026261	0.69134980265829
4.8244682652076	0.69134992555202
4.8190396720784	0.69135005058568
4.8136232819525	0.69135017767943
4.8082190537289	0.69135030675227
4.8028269464915	0.69135043772207
4.7974469195071	0.69135057050563
4.7920789322251	0.69135070501868
4.7867229442759	0.69135084117588
4.7813789154705	0.69135097889093
4.7760468057989	0.69135111807654
4.7707265754297	0.69135125864444
4.7654181847083	0.69135140050549
4.7601215941569	0.69135154356965
4.7548367644726	0.69135168774600
4.7495636565272	0.69135183294284
4.7443022313657	0.69135197906764
4.7390524502055	0.69135212602714
4.7338142744355	0.69135227372733
4.7285876656151	0.69135242207352
4.7233725854735	0.69135257097035
4.7181689959081	0.69135272032185
4.7129768589844	0.69135287003143
4.7077961369347	0.69135302000194
4.7026267921569	0.69135317013572
4.6974687872140	0.69135332033461
4.6923220848333	0.69135347049998
4.6871866479049	0.69135362053278
4.6820624394815	0.69135377033358
4.6769494227769	0.69135391980258
4.6718475611657	0.69135406883966
4.6667568181818	0.69135421734443
4.6616771575183	0.69135436521624
4.6566085430258	0.69135451235421
4.6515509387122	0.69135465865732
4.6465043087415	0.69135480402438
4.6414686174330	0.69135494835409
4.6364438292607	0.69135509154510
4.6314299088522	0.69135523349601
4.6264268209877	0.69135537410544
4.6214345305997	0.69135551327204
4.6164530027718	0.69135565089453
4.6114822027380	0.69135578687176
4.6065220958820	0.69135592110270
4.6015726477360	0.69135605348656
4.5966338239804	0.69135618392272
4.5917055904426	0.69135631231085
4.5867879130967	0.69135643855092
4.5818807580621	0.69135656254323
4.5769840916031	0.69135668418845
4.5720978801281	0.69135680338767
4.5672220901889	0.69135692004243
4.5623566884797	0.69135703405474
4.5575016418364	0.69135714532716
4.5526569172361	0.69135725376278
4.5478224817961	0.69135735926531
4.5429983027731	0.69135746173909
4.5381843475628	0.69135756108914
4.5333805836988	0.69135765722117
4.5285869788520	0.69135775004166
4.5238035008299	0.69135783945787
4.5190301175761	0.69135792537788
4.5142667971691	0.69135800771061
4.5095135078219	0.69135808636592
4.5047702178813	0.69135816125456
4.5000368958271	0.69135823228827
4.4953135102714	0.69135829937980
4.4906000299581	0.69135836244294
4.4858964237618	0.69135842139256
4.4812026606876	0.69135847614464
4.4765187098701	0.69135852661631
4.4718445405728	0.69135857272590
4.4671801221875	0.69135861439297
4.4625254242334	0.69135865153832
4.4578804163569	0.69135868408406
4.4532450683304	0.69135871195362
4.4486193500519	0.69135873507180
4.4440032315446	0.69135875336480
4.4393966829557	0.69135876676027
4.4347996745562	0.69135877518731
4.4302121767401	0.69135877857652
4.4256341600236	0.69135877686007
4.4210655950450	0.69135876997166
4.4165064525633	0.69135875784662
4.4119567034584	0.69135874042191
4.4074163187298	0.69135871763616
4.4028852694963	0.69135868942972
4.3983635269953	0.69135865574464
4.3938510625824	0.69135861652477
4.3893478477306	0.69135857171574
4.3848538540295	0.69135852126502
4.3803690531853	0.69135846512193
4.3758934170194	0.69135840323769
4.3714269174686	0.69135833556543
4.3669695265841	0.69135826206024
4.3625212165309	0.69135818267920
4.3580819595871	0.69135809738137
4.3536517281441	0.69135800612786
4.3492304947048	0.69135790888186
4.3448182318841	0.69135780560864
4.3404149124077	0.69135769627559
4.3360205091119	0.69135758085224
4.3316349949429	0.69135745931030
4.3272583429561	0.69135733162369
4.3228905263158	0.69135719776854
4.3185315182944	0.69135705772322
4.3141812922723	0.69135691146840
4.3098398217366	0.69135675898702
4.3055070802815	0.69135660026436
4.3011830416069	0.69135643528802
4.2968676795184	0.69135626404800
4.2925609679267	0.69135608653665
4.2882628808468	0.69135590274874
4.2839733923978	0.69135571268149
4.2796924768023	0.69135551633454
4.2754201083856	0.69135531371000
4.2711562615757	0.69135510481248
4.2669009109024	0.69135488964909
4.2626540309967	0.69135466822946
4.2584155965909	0.69135444056575
4.2541855825174	0.69135420667269
4.2499639637085	0.69135396656757
4.2457507151961	0.69135372027027
4.2415458121109	0.69135346780326
4.2373492296820	0.69135320919164
4.2331609432364	0.69135294446313
4.2289809281986	0.69135267364809
4.2248091600902	0.69135239677950
4.2206456145291	0.69135211389306
4.2164902672293	0.69135182502708
4.2123430940003	0.69135153022258
4.2082040707468	0.69135122952328
4.2040731734680	0.69135092297556
4.1999503782572	0.69135061062854
4.1958356613016	0.69135029253403
4.1917289988814	0.69134996874656
4.1876303673697	0.69134963932337
4.1835397432319	0.69134930432444
4.1794571030252	0.69134896381246
4.1753824233983	0.69134861785287
4.1713156810909	0.69134826651382
4.1672568529330	0.69134790986621
4.1632059158450	0.69134754798364
4.1591628468368	0.69134718094248
4.1551276230076	0.69134680882180
4.1511002215453	0.69134643170340
4.1470806197261	0.69134604967181
4.1430687949143	0.69134566281427
4.1390647245616	0.69134527122073
4.1350683862069	0.69134487498385
4.1310797574755	0.69134447419899
4.1270988160793	0.69134406896419
4.1231255398157	0.69134365938017
4.1191599065677	0.69134324555034
4.1152018943034	0.69134282758074
4.1112514810752	0.69134240558009
4.1073086450199	0.69134197965971
4.1033733643581	0.69134154993356
4.0994456173937	0.69134111651822
4.0955253825137	0.69134067953282
4.0916126381875	0.69134023909911
4.0877073629670	0.69133979534135
4.0838095354856	0.69133934838637
4.0799191344584	0.69133889836350
4.0760361386812	0.69133844540457
4.0721605270307	0.69133798964389
4.0682922784638	0.69133753121821
4.0644313720174	0.69133707026670
4.0605777868075	0.69133660693095
4.0567315020298	0.69133614135493
4.0528924969582	0.69133567368493
4.0490607509454	0.69133520406958
4.0452362434219	0.69133473265980
4.0414189538959	0.69133425960876
4.0376088619529	0.69133378507187
4.0338059472551	0.69133330920674
4.0300101895416	0.69133283217313
4.0262215686274	0.69133235413292
4.0224400644036	0.69133187525011
4.0186656568365	0.69133139569073
4.0148983259676	0.69133091562284
4.0111380519133	0.69133043521646
4.0073848148643	0.69132995464357
4.0036385950855	0.69132947407803
3.9998993729153	0.69132899369555
3.9961671287657	0.69132851367366
3.9924418431216	0.69132803419165
3.9887234965407	0.69132755543051
3.9850120696531	0.69132707757291
3.9813075431607	0.69132660080316
3.9776098978373	0.69132612530711
3.9739191145281	0.69132565127214
3.9702351741491	0.69132517888711
3.9665580576872	0.69132470834228
3.9628877461996	0.69132423982928
3.9592242208135	0.69132377354102
3.9555674627260	0.69132330967168
3.9519174532033	0.69132284841662
3.9482741735809	0.69132238997234
3.9446376052632	0.69132193453638
3.9410077297226	0.69132148230732
3.9373845285001	0.69132103348465
3.9337679832043	0.69132058826876
3.9301580755113	0.69132014686084
3.9265547871644	0.69131970946284
3.9229580999738	0.69131927627736
3.9193679958164	0.69131884750765
3.9157844566353	0.69131842335745
3.9122074644395	0.69131800403099
3.9086370013038	0.69131758973289
3.9050730493682	0.69131718066809
3.9015155908381	0.69131677704175
3.8979646079834	0.69131637905922
3.8944200831385	0.69131598692593
3.8908819987021	0.69131560084730
3.8873503371369	0.69131522102868
3.8838250809690	0.69131484767528
3.8803062127880	0.69131448099205
3.8767937152463	0.69131412118363
3.8732875710594	0.69131376845422
3.8697877630050	0.69131342300755
3.8662942739231	0.69131308504675
3.8628070867156	0.69131275477428
3.8593261843460	0.69131243239181
3.8558515498392	0.69131211810017
3.8523831662812	0.69131181209923
3.8489210168186	0.69131151458779
3.8454650846588	0.69131122576353
3.8420153530693	0.69131094582286
3.8385718053777	0.69131067496086
3.8351344249712	0.69131041337116
3.8317031952965	0.69131016124585
3.8282780998595	0.69130991877536
3.8248591222251	0.69130968614836
3.8214462460166	0.69130946355169
3.8180394549159	0.69130925117018
3.8146387326632	0.69130904918662
3.8112440630562	0.69130885778159
3.8078554299505	0.69130867713340
3.8044728172589	0.69130850741793
3.8010962089514	0.69130834880854
3.7977255890550	0.69130820147597
3.7943609416530	0.69130806558820
3.7910022508852	0.69130794131032
3.7876495009476	0.69130782880446
3.7843026760919	0.69130772822962
3.7809617606256	0.69130763974159
3.7776267389113	0.69130756349278
3.7742975953670	0.69130749963216
3.7709743144654	0.69130744830506
3.7676568807339	0.69130740965310
3.7643452787544	0.69130738381405
3.7610394931627	0.69130737092168
3.7577395086488	0.69130737110566
3.7544453099562	0.69130738449139
3.7511568818819	0.69130741119992
3.7478742092762	0.69130745134775
3.7445972770422	0.69130750504677
3.7413260701360	0.69130757240404
3.7380605735661	0.69130765352174
3.7348007723932	0.69130774849694
3.7315466517301	0.69130785742155
3.7282981967417	0.69130798038211
3.7250553926441	0.69130811745966
3.7218182247052	0.69130826872964
3.7185866782436	0.69130843426168
3.7153607386293	0.69130861411950
3.7121403912828	0.69130880836074
3.7089256216751	0.69130901703683
3.7057164153276	0.69130924019280
3.7025127578115	0.69130947786719
3.6993146347483	0.69130973009183
3.6961220318087	0.69130999689175
3.6929349347130	0.69131027828497
3.6897533292308	0.69131057428237
3.6865772011805	0.69131088488753
3.6834065364295	0.69131121009659
3.6802413208937	0.69131154989805
3.6770815405372	0.69131190427262
3.6739271813725	0.69131227319310
3.6707782294600	0.69131265662416
3.6676346709078	0.69131305452221
3.6644964918714	0.69131346683521
3.6613636785540	0.69131389350254
3.6582362172056	0.69131433445479
3.6551140941234	0.69131478961361
3.6519972956511	0.69131525889156
3.6488858081792	0.69131574219189
3.6457796181442	0.69131623940843
3.6426787120292	0.69131675042535
3.6395830763628	0.69131727511704
3.6364926977196	0.69131781334791
3.6334075627197	0.69131836497221
3.6303276580286	0.69131892983387
3.6272529703569	0.69131950776629
3.6241834864603	0.69132009859221
3.6211191931393	0.69132070212347
3.6180600772387	0.69132131816087
3.6150061256481	0.69132194649400
3.6119573253012	0.69132258690098
3.6089136631756	0.69132323914839
3.6058751262930	0.69132390299096
3.6028417017185	0.69132457817150
3.5998133765610	0.69132526442061
3.5967901379724	0.69132596145657
3.5937719731479	0.69132666898512
3.5907588693257	0.69132738669925
3.5877508137865	0.69132811427905
3.5847477938539	0.69132885139148
3.5817497968937	0.69132959769021
3.5787568103140	0.69133035281538
3.5757688215649	0.69133111639348
3.5727858181385	0.69133188803707
3.5698077875685	0.69133266734465
3.5668347174301	0.69133345390042
3.5638665953400	0.69133424727412
3.5609034089559	0.69133504702077
3.5579451459767	0.69133585268056
3.5549917941421	0.69133666377857
3.5520433412322	0.69133747982461
3.5490997750681	0.69133830031301
3.5461610835108	0.69133912472240
3.5432272544616	0.69133995251555
3.5402982758621	0.69134078313912
3.5373741356932	0.69134161602348
3.5344548219759	0.69134245058250
3.5315403227706	0.69134328621335
3.5286306261770	0.69134412229628
3.5257257203340	0.69134495819443
3.5228255934195	0.69134579325360
3.5199302336503	0.69134662680208
3.5170396292820	0.69134745815040
3.5141537686086	0.69134828659115
3.5112726399625	0.69134911139873
3.5083962317145	0.69134993182921
3.5055245322732	0.69135074712006
3.5026575300853	0.69135155648995
3.4997952136353	0.69135235913856
3.4969375714452	0.69135315424634
3.4940845920746	0.69135394097432
3.4912362641202	0.69135471846390
3.4883925762160	0.69135548583660
3.4855535170329	0.69135624219391
3.4827190752788	0.69135698661699
3.4798892396982	0.69135771816656
3.4770639990721	0.69135843588258
3.4742433422181	0.69135913878412
3.4714272579898	0.69135982586909
3.4686157352771	0.69136049611407
3.4658087630058	0.69136114847405
3.4630063301375	0.69136178188223
3.4602084256694	0.69136239524984
3.4574150386345	0.69136298746587
3.4546261581009	0.69136355739687
3.4518417731721	0.69136410388676
3.4490618729867	0.69136462575659
3.4462864467180	0.69136512180432
3.4435154835745	0.69136559080463
3.4407489727993	0.69136603150866
3.4379869036697	0.69136644264385
3.4352292654979	0.69136682291367
3.4324760476300	0.69136717099744
3.4297272394463	0.69136748555010
3.4269828303612	0.69136776520198
3.4242428098230	0.69136800855862
3.4215071673134	0.69136821420052
3.4187758923480	0.69136838068294
3.4160489744758	0.69136850653568
3.4133264032791	0.69136859026288
3.4106081683732	0.69136863034277
3.4078942594066	0.69136862522748
3.4051846660609	0.69136857334284
3.4024793780502	0.69136847308813
3.3997783851213	0.69136832283589
3.3970816770538	0.69136812093170
3.3943892436594	0.69136786569396
3.3917010747822	0.69136755541371
3.3890171602984	0.69136718835436
3.3863374901163	0.69136676275152
3.3836620541761	0.69136627681279
3.3809908424495	0.69136572871753
3.3783238449403	0.69136511661666
3.3756610516834	0.69136443863244
3.3730024527453	0.69136369285829
3.3703480382237	0.69136287735853
3.3676977982476	0.69136199016822
3.3650517229768	0.69136102929295
3.3624098026021	0.69135999270860
3.3597720273451	0.69135887836115
3.3571383874580	0.69135768416649
3.3545088732237	0.69135640801022
3.3518834749553	0.69135504774739
3.3492621829963	0.69135360120237
3.3466449877205	0.69135206616863
3.3440318795315	0.69135044040849
3.3414228488631	0.69134872165298
3.3388178861789	0.69134690760161
3.3362169819720	0.69134499592221
3.3336201267653	0.69134298425066
3.3310273111111	0.69134087019077
