#Parameters = {thARC=0.6; nARC=1; thsub=1; p=1; nSub=3.5}
#"Wavelength / um"	"T (544) [Real Part]"
#---------------------------------------
14.989622900000	0.69135726567086
14.937342202292	0.69138921770680
14.885424925521	0.69142024055049
14.833867293419	0.69145034752196
14.782665581854	0.69147955185936
14.731816117936	0.69150786671838
14.681315279138	0.69153530517162
14.631159492435	0.69156188020805
14.581345233463	0.69158760473242
14.531869025691	0.69161249156473
14.482727439614	0.69163655343971
14.433917091960	0.69165980300628
14.385434644914	0.69168225282709
14.337276805356	0.69170391537804
14.289440324118	0.69172480304778
14.241921995249	0.69174492813733
14.194718655303	0.69176430285958
14.147827182633	0.69178293933896
14.101244496707	0.69180084961095
14.054967557431	0.69181804562179
14.008993364486	0.69183453922805
13.963318956684	0.69185034219633
13.917941411328	0.69186546620288
13.872857843591	0.69187992283331
13.828065405904	0.69189372358230
13.783561287356	0.69190687985329
13.739342713107	0.69191940295820
13.695406943810	0.69193130411720
13.651751275046	0.69194259445845
13.608373036768	0.69195328501789
13.565269592760	0.69196338673900
13.522438340099	0.69197291047260
13.479876708633	0.69198186697671
13.437582160466	0.69199026691634
13.395552189455	0.69199812086333
13.353784320713	0.69200543929622
13.312276110124	0.69201223260014
13.271025143869	0.69201851106667
13.230029037952	0.69202428489372
13.189285437747	0.69202956418549
13.148792017544	0.69203435895236
13.108546480105	0.69203867911084
13.068546556234	0.69204253448351
13.028790004346	0.69204593479900
12.989274610052	0.69204888969194
12.949998185745	0.69205140870300
12.910958570198	0.69205350127881
12.872153628167	0.69205517677204
12.833581250000	0.69205644444141
12.795239351259	0.69205731345171
12.757125872340	0.69205779287386
12.719238778108	0.69205789168496
12.681576057530	0.69205761876838
12.644135723323	0.69205698291383
12.606915811606	0.69205599281747
12.569914381551	0.69205465708198
12.533129515050	0.69205298421670
12.496559316382	0.69205098263779
12.460201911887	0.69204866066829
12.424055449648	0.69204602653833
12.388118099174	0.69204308838528
12.352388051092	0.69203985425390
12.316863516845	0.69203633209652
12.281542728390	0.69203252977325
12.246423937908	0.69202845505217
12.211505417515	0.69202411560950
12.176785458976	0.69201951902989
12.142262373431	0.69201467280659
12.107934491115	0.69200958434170
12.073800161095	0.69200426094644
12.039857751004	0.69199870984137
12.006105646776	0.69199293815666
11.972542252396	0.69198695293238
11.939165989646	0.69198076111878
11.905975297855	0.69197436957655
11.872968633663	0.69196778507715
11.840144470774	0.69196101430309
11.807501299724	0.69195406384828
11.775037627651	0.69194694021828
11.742751978065	0.69193964983072
11.710642890625	0.69193219901557
11.678708920919	0.69192459401552
11.646948640249	0.69191684098629
11.615360635413	0.69190894599704
11.583943508501	0.69190091503071
11.552695876686	0.69189275398438
11.521616372022	0.69188446866967
11.490703641242	0.69187606481312
11.459956345566	0.69186754805660
11.429373160503	0.69185892395765
11.398952775665	0.69185019798996
11.368693894577	0.69184137554373
11.338595234493	0.69183246192613
11.308655526217	0.69182346236167
11.278873513920	0.69181438199268
11.249247954972	0.69180522587971
11.219777619760	0.69179599900200
11.190461291527	0.69178670625788
11.161297766195	0.69177735246530
11.132285852209	0.69176794236219
11.103424370370	0.69175848060701
11.074712153676	0.69174897177914
11.046148047163	0.69173942037943
11.017730907755	0.69172983083059
10.989459604106	0.69172020747775
10.961333016453	0.69171055458890
10.933350036470	0.69170087635539
10.905509567115	0.69169117689242
10.877810522496	0.69168146023955
10.850251827723	0.69167173036119
10.822832418773	0.69166199114712
10.795551242348	0.69165224641298
10.768407255747	0.69164249990081
10.741399426729	0.69163275527954
10.714526733381	0.69162301614553
10.687788163993	0.69161328602308
10.661182716927	0.69160356836496
10.634709400497	0.69159386655298
10.608367232838	0.69158418389845
10.582155241793	0.69157452364278
10.556072464789	0.69156488895798
10.530117948718	0.69155528294724
10.504290749825	0.69154570864543
10.478589933590	0.69153616901969
10.453014574616	0.69152666696996
10.427563756522	0.69151720532953
10.402236571825	0.69150778686559
10.377032121841	0.69149841427982
10.351949516575	0.69148909020891
10.326987874612	0.69147981722514
10.302146323024	0.69147059783693
10.277423997257	0.69146143448944
10.252820041040	0.69145232956510
10.228333606278	0.69144328538417
10.203963852961	0.69143430420537
10.179709949066	0.69142538822637
10.155571070461	0.69141653958444
10.131546400811	0.69140776035697
10.107635131490	0.69139905256206
10.083836461487	0.69139041815911
10.060149597315	0.69138185904939
10.036573752929	0.69137337707659
10.013108149633	0.69136497402745
9.9897520159947	0.69135665163232
9.9665045877660	0.69134841156572
9.9433651077944	0.69134025544692
9.9203328259431	0.69133218484058
9.8974069990096	0.69132420125725
9.8745868906456	0.69131630615403
9.8518717712783	0.69130850093508
9.8292609180328	0.69130078695227
9.8067536146549	0.69129316550571
9.7843491514360	0.69128563784437
9.7620468251384	0.69127820516664
9.7398459389214	0.69127086862094
9.7177458022690	0.69126362930626
9.6957457309185	0.69125648827279
9.6738450467893	0.69124944652248
9.6520430779137	0.69124250500962
9.6303391583681	0.69123566464142
9.6087326282051	0.69122892627860
9.5872228333866	0.69122229073599
9.5658091257179	0.69121575878305
9.5444908627826	0.69120933114454
9.5232674078780	0.69120300850099
9.5021381299525	0.69119679148939
9.4811024035421	0.69119068070367
9.4601596087094	0.69118467669535
9.4393091309824	0.69117877997406
9.4185503612944	0.69117299100816
9.3978826959248	0.69116731022529
9.3773055364404	0.69116173801292
9.3568182896380	0.69115627471898
9.3364203674868	0.69115092065236
9.3161111870727	0.69114567608354
9.2958901705426	0.69114054124510
9.2757567450495	0.69113551633235
9.2557103426984	0.69113060150383
9.2357504004929	0.69112579688190
9.2158763602828	0.69112110255331
9.1960876687117	0.69111651856975
9.1763837771656	0.69111204494839
9.1567641417227	0.69110768167246
9.1372282231027	0.69110342869180
9.1177754866180	0.69109928592340
9.0984054021244	0.69109525325195
9.0791174439733	0.69109133053040
9.0599110909640	0.69108751758048
9.0407858262967	0.69108381419329
9.0217411375263	0.69108022012978
9.0027765165165	0.69107673512134
8.9838914593947	0.69107335887033
8.9650854665072	0.69107009105057
8.9463580423754	0.69106693130793
8.9277086956522	0.69106387926082
8.9091369390788	0.69106093450074
8.8906422894425	0.69105809659279
8.8722242675348	0.69105536507621
8.8538823981099	0.69105273946487
8.8356162098438	0.69105021924783
8.8174252352941	0.69104780388982
8.7993090108600	0.69104549283175
8.7812670767428	0.69104328549126
8.7632989769073	0.69104118126318
8.7454042590432	0.69103917952005
8.7275824745269	0.69103727961264
8.7098331783847	0.69103548087042
8.6921559292549	0.69103378260207
8.6745502893519	0.69103218409598
8.6570158244297	0.69103068462072
8.6395521037464	0.69102928342553
8.6221587000288	0.69102797974082
8.6048351894374	0.69102677277865
8.5875811515325	0.69102566173318
8.5703961692396	0.69102464578116
8.5532798288160	0.69102372408242
8.5362317198178	0.69102289578031
8.5192514350668	0.69102216000218
8.5023385706183	0.69102151585982
8.4854927257288	0.69102096244996
8.4687135028249	0.69102049885470
8.4520005074711	0.69102012414193
8.4353533483399	0.69101983736585
8.4187716371806	0.69101963756735
8.4022549887892	0.69101952377449
8.3858030209790	0.69101949500291
8.3694153545505	0.69101955025629
8.3530916132627	0.69101968852677
8.3368314238042	0.69101990879538
8.3206344157646	0.69102021003246
8.3045002216066	0.69102059119807
8.2884284766381	0.69102105124245
8.2724188189845	0.69102158910637
8.2564708895621	0.69102220372160
8.2405843320506	0.69102289401128
8.2247587928669	0.69102365889032
8.2089939211391	0.69102449726583
8.1932893686800	0.69102540803749
8.1776447899618	0.69102639009794
8.1620598420909	0.69102744233319
8.1465341847826	0.69102856362298
8.1310674803363	0.69102975284117
8.1156593936113	0.69103100885612
8.1003095920022	0.69103233053106
8.0850177454153	0.69103371672446
8.0697835262450	0.69103516629039
8.0546066093498	0.69103667807888
8.0394866720300	0.69103825093630
8.0244233940043	0.69103988370568
8.0094164573871	0.69104157522707
7.9944655466667	0.69104332433792
7.9795703486825	0.69104512987336
7.9647305526036	0.69104699066660
7.9499458499072	0.69104890554923
7.9352159343568	0.69105087335153
7.9205405019815	0.69105289290287
7.9059192510549	0.69105496303194
7.8913518820742	0.69105708256713
7.8768380977404	0.69105925033685
7.8623776029373	0.69106146516978
7.8479701047120	0.69106372589525
7.8336153122550	0.69106603134348
7.8193129368805	0.69106838034592
7.8050626920073	0.69107077173554
7.7908642931393	0.69107320434709
7.7767174578470	0.69107567701743
7.7626219057483	0.69107818858576
7.7485773584906	0.69108073789397
7.7345835397317	0.69108332378685
7.7206401751223	0.69108594511238
7.7067469922879	0.69108860072202
7.6929037208109	0.69109128947093
7.6791100922131	0.69109401021828
7.6653658399386	0.69109676182745
7.6516706993364	0.69109954316633
7.6380244076433	0.69110235310752
7.6244267039674	0.69110519052863
7.6108773292714	0.69110805431245
7.5973760263558	0.69111094334724
7.5839225398432	0.69111385652694
7.5705166161616	0.69111679275138
7.5571580035291	0.69111975092653
7.5438464519376	0.69112272996471
7.5305817131374	0.69112572878481
7.5173635406219	0.69112874631246
7.5041916896120	0.69113178148029
7.4910659170415	0.69113483322813
7.4779859815415	0.69113790050315
7.4649516434263	0.69114098226012
7.4519626646781	0.69114407746157
7.4390188089330	0.69114718507798
7.4261198414664	0.69115030408796
7.4132655291790	0.69115343347844
7.4004556405826	0.69115657224484
7.3876899457861	0.69115971939122
7.3749682164822	0.69116287393048
7.3622902259332	0.69116603488452
7.3496557489581	0.69116920128436
7.3370645619187	0.69117237217035
7.3245164427071	0.69117554659227
7.3120111707317	0.69117872360953
7.2995485269053	0.69118190229126
7.2871282936315	0.69118508171649
7.2747502547925	0.69118826097427
7.2624141957364	0.69119143916379
7.2501199032648	0.69119461539456
7.2378671656205	0.69119778878645
7.2256557724753	0.69120095846989
7.2134855149182	0.69120412358595
7.2013561854432	0.69120728328645
7.1892675779376	0.69121043673408
7.1772194876706	0.69121358310252
7.1652117112811	0.69121672157651
7.1532440467669	0.69121985135197
7.1413162934731	0.69122297163609
7.1294282520809	0.69122608164743
7.1175797245964	0.69122918061598
7.1057705143399	0.69123226778330
7.0940004259347	0.69123534240252
7.0822692652965	0.69123840373850
7.0705768396226	0.69124145106784
7.0589229573817	0.69124448367898
7.0473074283028	0.69124750087226
7.0357300633654	0.69125050196000
7.0241906747891	0.69125348626653
7.0126890760234	0.69125645312825
7.0012250817375	0.69125940189372
6.9897985078107	0.69126233192364
6.9784091713222	0.69126524259099
6.9670568905415	0.69126813328097
6.9557414849188	0.69127100339112
6.9444627750753	0.69127385233131
6.9332205827937	0.69127667952379
6.9220147310090	0.69127948440322
6.9108450437990	0.69128226641668
6.8997113463751	0.69128502502374
6.8886134650735	0.69128775969639
6.8775512273457	0.69129046991916
6.8665244617499	0.69129315518905
6.8555329979419	0.69129581501560
6.8445766666667	0.69129844892086
6.8336552997493	0.69130105643940
6.8227687300865	0.69130363711833
6.8119167916383	0.69130619051727
6.8010993194192	0.69130871620837
6.7903161494904	0.69131121377629
6.7795671189507	0.69131368281818
6.7688520659291	0.69131612294370
6.7581708295762	0.69131853377495
6.7475232500563	0.69132091494651
6.7369091685393	0.69132326610536
6.7263284271932	0.69132558691092
6.7157808691756	0.69132787703493
6.7052663386267	0.69133013616153
6.6947846806610	0.69133236398714
6.6843357413601	0.69133456022047
6.6739193677649	0.69133672458244
6.6635354078684	0.69133885680620
6.6531837106081	0.69134095663703
6.6428641258586	0.69134302383232
6.6325765044248	0.69134505816151
6.6223206980340	0.69134705940605
6.6120965593295	0.69134902735935
6.6019039418630	0.69135096182668
6.5917427000879	0.69135286262519
6.5816126893524	0.69135472958377
6.5715137658922	0.69135656254304
6.5614457868243	0.69135836135525
6.5514086101399	0.69136012588423
6.5414020946978	0.69136185600533
6.5314261002179	0.69136355160532
6.5214804872743	0.69136521258232
6.5115651172893	0.69136683884577
6.5016798525266	0.69136843031627
6.4918245560849	0.69136998692556
6.4819990918919	0.69137150861642
6.4722033246978	0.69137299534259
6.4624371200690	0.69137444706867
6.4527003443823	0.69137586377003
6.4429928648184	0.69137724543274
6.4333145493562	0.69137859205346
6.4236652667667	0.69137990363935
6.4140448866068	0.69138118020796
6.4044532792138	0.69138242178717
6.3948903156997	0.69138362841505
6.3853558679446	0.69138480013976
6.3758498085921	0.69138593701949
6.3663720110427	0.69138703912229
6.3569223494487	0.69138810652603
6.3475006987084	0.69138913931823
6.3381069344609	0.69139013759601
6.3287409330800	0.69139110146593
6.3194025716695	0.69139203104389
6.3100917280572	0.69139292645503
6.3008082807902	0.69139378783361
6.2915521091291	0.69139461532288
6.2823230930427	0.69139540907498
6.2731211132036	0.69139616925080
6.2639460509820	0.69139689601988
6.2547977884415	0.69139758956027
6.2456762083333	0.69139825005841
6.2365811940919	0.69139887770903
6.2275126298297	0.69139947271498
6.2184704003319	0.69140003528715
6.2094543910522	0.69140056564430
6.2004644881075	0.69140106401296
6.1915005782734	0.69140153062730
6.1825625489792	0.69140196572897
6.1736502883031	0.69140236956700
6.1647636849681	0.69140274239766
6.1559026283368	0.69140308448432
6.1470670084068	0.69140339609731
6.1382567158067	0.69140367751381
6.1294716417910	0.69140392901769
6.1207116782360	0.69140415089937
6.1119767176351	0.69140434345570
6.1032666530945	0.69140450698983
6.0945813783289	0.69140464181104
6.0859207876573	0.69140474823463
6.0772847759984	0.69140482658176
6.0686732388664	0.69140487717932
6.0600860723671	0.69140490035981
6.0515231731934	0.69140489646115
6.0429844386212	0.69140486582657
6.0344697665056	0.69140480880448
6.0259790552764	0.69140472574829
6.0175122039342	0.69140461701631
6.0090691120465	0.69140448297157
6.0006496797438	0.69140432398172
5.9922538077154	0.69140414041882
5.9838813972056	0.69140393265928
5.9755323500100	0.69140370108364
5.9672065684713	0.69140344607648
5.9589039554760	0.69140316802625
5.9506244144502	0.69140286732513
5.9423678493558	0.69140254436889
5.9341341646873	0.69140219955676
5.9259232654675	0.69140183329123
5.9177350572444	0.69140144597801
5.9095694460871	0.69140103802575
5.9014263385827	0.69140060984604
5.8933056418321	0.69140016185316
5.8852072634472	0.69139969446397
5.8771311115468	0.69139920809778
5.8690770947533	0.69139870317621
5.8610451221896	0.69139818012302
5.8530351034752	0.69139763936400
5.8450469487229	0.69139708132679
5.8370805685358	0.69139650644079
5.8291358740035	0.69139591513696
5.8212127766990	0.69139530784773
5.8133111886756	0.69139468500684
5.8054310224632	0.69139404704919
5.7975721910656	0.69139339441072
5.7897346079567	0.69139272752827
5.7819181870781	0.69139204683942
5.7741228428351	0.69139135278237
5.7663484900942	0.69139064579581
5.7585950441798	0.69138992631879
5.7508624208709	0.69138919479053
5.7431505363985	0.69138845165037
5.7354593074421	0.69138769733756
5.7277886511272	0.69138693229118
5.7201384850219	0.69138615694998
5.7125087271341	0.69138537175226
5.7048992959087	0.69138457713573
5.6973101102242	0.69138377353738
5.6897410893908	0.69138296139338
5.6821921531463	0.69138214113891
5.6746632216544	0.69138131320806
5.6671542155009	0.69138047803368
5.6596650556919	0.69137963604731
5.6521956636501	0.69137878767898
5.6447459612126	0.69137793335715
5.6373158706281	0.69137707350854
5.6299053145540	0.69137620855806
5.6225142160540	0.69137533892865
5.6151424985952	0.69137446504116
5.6077900860456	0.69137358731428
5.6004569026714	0.69137270616437
5.5931428731343	0.69137182200538
5.5858479224893	0.69137093524869
5.5785719761816	0.69137004630308
5.5713149600446	0.69136915557454
5.5640768002970	0.69136826346619
5.5568574235403	0.69136737037818
5.5496567567568	0.69136647670757
5.5424747273063	0.69136558284824
5.5353112629247	0.69136468919075
5.5281662917204	0.69136379612228
5.5210397421731	0.69136290402650
5.5139315431304	0.69136201328349
5.5068416238060	0.69136112426962
5.4997699137773	0.69136023735746
5.4927163429828	0.69135935291570
5.4856808417200	0.69135847130903
5.4786633406433	0.69135759289806
5.4716637707611	0.69135671803924
5.4646820634342	0.69135584708474
5.4577181503732	0.69135498038239
5.4507719636364	0.69135411827560
5.4438434356274	0.69135326110322
5.4369324990932	0.69135240919953
5.4300390871219	0.69135156289410
5.4231631331404	0.69135072251174
5.4163045709124	0.69134988837242
5.4094633345363	0.69134906079117
5.4026393584430	0.69134824007805
5.3958325773938	0.69134742653801
5.3890429264785	0.69134662047088
5.3822703411131	0.69134582217128
5.3755147570378	0.69134503192853
5.3687761103152	0.69134425002661
5.3620543373278	0.69134347674408
5.3553493747767	0.69134271235402
5.3486611596789	0.69134195712399
5.3419896293656	0.69134121131591
5.3353347214807	0.69134047518609
5.3286963739780	0.69133974898509
5.3220745251198	0.69133903295771
5.3154691134752	0.69133832734295
5.3088800779175	0.69133763237390
5.3023073576229	0.69133694827777
5.2957508920685	0.69133627527577
5.2892106210303	0.69133561358311
5.2826864845815	0.69133496340895
5.2761784230905	0.69133432495633
5.2696863772192	0.69133369842218
5.2632102879213	0.69133308399722
5.2567500964405	0.69133248186599
5.2503057443082	0.69133189220676
5.2438771733427	0.69133131519154
5.2374643256464	0.69133075098601
5.2310671436050	0.69133019974953
5.2246855698850	0.69132966163508
5.2183195474326	0.69132913678926
5.2119690194715	0.69132862535225
5.2056339295016	0.69132812745781
5.1993142212973	0.69132764323324
5.1930098389052	0.69132717279935
5.1867207266436	0.69132671627050
5.1804468290997	0.69132627375452
5.1741880911288	0.69132584535276
5.1679444578521	0.69132543116001
5.1617158746556	0.69132503126456
5.1555022871883	0.69132464574817
5.1493036413604	0.69132427468604
5.1431198833419	0.69132391814684
5.1369509595613	0.69132357619271
5.1307968167037	0.69132324887924
5.1246574017094	0.69132293625548
5.1185326617722	0.69132263836395
5.1124225443383	0.69132235524067
5.1063269971044	0.69132208691513
5.1002459680163	0.69132183341030
5.0941794052676	0.69132159474269
5.0881272572980	0.69132137092233
5.0820894727920	0.69132116195277
5.0760660006773	0.69132096783114
5.0700567901235	0.69132078854815
5.0640617905405	0.69132062408811
5.0580809515775	0.69132047442895
5.0521142231210	0.69132033954227
5.0461615552937	0.69132021939333
5.0402228984533	0.69132011394110
5.0342982031906	0.69132002313831
5.0283874203287	0.69131994693145
5.0224905009214	0.69131988526083
5.0166073962517	0.69131983806058
5.0107380578305	0.69131980525874
5.0048824373957	0.69131978677727
4.9990404869101	0.69131978253208
4.9932121585610	0.69131979243311
4.9873974047579	0.69131981638433
4.9815961781323	0.69131985428384
4.9758084315353	0.69131990602388
4.9700341180371	0.69131997149087
4.9642731909256	0.69132005056550
4.9585256037049	0.69132014312279
4.9527913100942	0.69132024903208
4.9470702640264	0.69132036815715
4.9413624196473	0.69132050035626
4.9356677313138	0.69132064548221
4.9299861535932	0.69132080338240
4.9243176412615	0.69132097389887
4.9186621493027	0.69132115686842
4.9130196329072	0.69132135212263
4.9073900474709	0.69132155948796
4.9017733485939	0.69132177878577
4.8961694920790	0.69132200983246
4.8905784339315	0.69132225243950
4.8850001303569	0.69132250641349
4.8794345377604	0.69132277155627
4.8738816127459	0.69132304766500
4.8683413121143	0.69132333453219
4.8628135928629	0.69132363194586
4.8572984121841	0.69132393968952
4.8517957274640	0.69132425754234
4.8463054962819	0.69132458527919
4.8408276764088	0.69132492267075
4.8353622258065	0.69132526948357
4.8299091026261	0.69132562548016
4.8244682652076	0.69132599041911
4.8190396720784	0.69132636405515
4.8136232819525	0.69132674613925
4.8082190537289	0.69132713641874
4.8028269464915	0.69132753463733
4.7974469195071	0.69132794053531
4.7920789322251	0.69132835384954
4.7867229442759	0.69132877431363
4.7813789154705	0.69132920165801
4.7760468057989	0.69132963561000
4.7707265754297	0.69133007589397
4.7654181847083	0.69133052223137
4.7601215941569	0.69133097434090
4.7548367644726	0.69133143193859
4.7495636565272	0.69133189473788
4.7443022313657	0.69133236244977
4.7390524502055	0.69133283478287
4.7338142744355	0.69133331144357
4.7285876656151	0.69133379213610
4.7233725854735	0.69133427656268
4.7181689959081	0.69133476442358
4.7129768589844	0.69133525541727
4.7077961369347	0.69133574924054
4.7026267921569	0.69133624558856
4.6974687872140	0.69133674415505
4.6923220848333	0.69133724463235
4.6871866479049	0.69133774671156
4.6820624394815	0.69133825008266
4.6769494227769	0.69133875443461
4.6718475611657	0.69133925945545
4.6667568181818	0.69133976483246
4.6616771575183	0.69134027025225
4.6566085430258	0.69134077540086
4.6515509387122	0.69134127996394
4.6465043087415	0.69134178362679
4.6414686174330	0.69134228607454
4.6364438292607	0.69134278699224
4.6314299088522	0.69134328606498
4.6264268209877	0.69134378297803
4.6214345305997	0.69134427741693
4.6164530027718	0.69134476906764
4.6114822027380	0.69134525761664
4.6065220958820	0.69134574275107
4.6015726477360	0.69134622415884
4.5966338239804	0.69134670152872
4.5917055904426	0.69134717455055
4.5867879130967	0.69134764291525
4.5818807580621	0.69134810631502
4.5769840916031	0.69134856444344
4.5720978801281	0.69134901699559
4.5672220901889	0.69134946366816
4.5623566884797	0.69134990415958
4.5575016418364	0.69135033817017
4.5526569172361	0.69135076540219
4.5478224817961	0.69135118556005
4.5429983027731	0.69135159835035
4.5381843475628	0.69135200348207
4.5333805836988	0.69135240066663
4.5285869788520	0.69135278961805
4.5238035008299	0.69135317005305
4.5190301175761	0.69135354169119
4.5142667971691	0.69135390425495
4.5095135078219	0.69135425746989
4.5047702178813	0.69135460106476
4.5000368958271	0.69135493477160
4.4953135102714	0.69135525832585
4.4906000299581	0.69135557146650
4.4858964237618	0.69135587393619
4.4812026606876	0.69135616548132
4.4765187098701	0.69135644585216
4.4718445405728	0.69135671480298
4.4671801221875	0.69135697209216
4.4625254242334	0.69135721748227
4.4578804163569	0.69135745074025
4.4532450683304	0.69135767163745
4.4486193500519	0.69135787994978
4.4440032315446	0.69135807545781
4.4393966829557	0.69135825794688
4.4347996745562	0.69135842720718
4.4302121767401	0.69135858303392
4.4256341600236	0.69135872522737
4.4210655950450	0.69135885359298
4.4165064525633	0.69135896794153
4.4119567034584	0.69135906808915
4.4074163187298	0.69135915385751
4.4028852694963	0.69135922507383
4.3983635269953	0.69135928157106
4.3938510625824	0.69135932318792
4.3893478477306	0.69135934976902
4.3848538540295	0.69135936116496
4.3803690531853	0.69135935723240
4.3758934170194	0.69135933783418
4.3714269174686	0.69135930283938
4.3669695265841	0.69135925212344
4.3625212165309	0.69135918556822
4.3580819595871	0.69135910306211
4.3536517281441	0.69135900450009
4.3492304947048	0.69135888978384
4.3448182318841	0.69135875882180
4.3404149124077	0.69135861152924
4.3360205091119	0.69135844782839
4.3316349949429	0.69135826764844
4.3272583429561	0.69135807092568
4.3228905263158	0.69135785760355
4.3185315182944	0.69135762763269
4.3141812922723	0.69135738097103
4.3098398217366	0.69135711758387
4.3055070802815	0.69135683744392
4.3011830416069	0.69135654053136
4.2968676795184	0.69135622683394
4.2925609679267	0.69135589634699
4.2882628808468	0.69135554907351
4.2839733923978	0.69135518502421
4.2796924768023	0.69135480421758
4.2754201083856	0.69135440667992
4.2711562615757	0.69135399244541
4.2669009109024	0.69135356155613
4.2626540309967	0.69135311406213
4.2584155965909	0.69135265002147
4.2541855825174	0.69135216950023
4.2499639637085	0.69135167257258
4.2457507151961	0.69135115932082
4.2415458121109	0.69135062983538
4.2373492296820	0.69135008421488
4.2331609432364	0.69134952256613
4.2289809281986	0.69134894500420
4.2248091600902	0.69134835165240
4.2206456145291	0.69134774264232
4.2164902672293	0.69134711811383
4.2123430940003	0.69134647821514
4.2082040707468	0.69134582310277
4.2040731734680	0.69134515294157
4.1999503782572	0.69134446790473
4.1958356613016	0.69134376817381
4.1917289988814	0.69134305393869
4.1876303673697	0.69134232539763
4.1835397432319	0.69134158275722
4.1794571030252	0.69134082623239
4.1753824233983	0.69134005604641
4.1713156810909	0.69133927243087
4.1672568529330	0.69133847562566
4.1632059158450	0.69133766587898
4.1591628468368	0.69133684344728
4.1551276230076	0.69133600859527
4.1511002215453	0.69133516159588
4.1470806197261	0.69133430273023
4.1430687949143	0.69133343228760
4.1390647245616	0.69133255056541
4.1350683862069	0.69133165786915
4.1310797574755	0.69133075451237
4.1270988160793	0.69132984081662
4.1231255398157	0.69132891711142
4.1191599065677	0.69132798373418
4.1152018943034	0.69132704103016
4.1112514810752	0.69132608935244
4.1073086450199	0.69132512906183
4.1033733643581	0.69132416052680
4.0994456173937	0.69132318412344
4.0955253825137	0.69132220023539
4.0916126381875	0.69132120925373
4.0877073629670	0.69132021157696
4.0838095354856	0.69131920761088
4.0799191344584	0.69131819776851
4.0760361386812	0.69131718247002
4.0721605270307	0.69131616214264
4.0682922784638	0.69131513722057
4.0644313720174	0.69131410814484
4.0605777868075	0.69131307536330
4.0567315020298	0.69131203933041
4.0528924969582	0.69131100050722
4.0490607509454	0.69130995936123
4.0452362434219	0.69130891636625
4.0414189538959	0.69130787200234
4.0376088619529	0.69130682675562
4.0338059472551	0.69130578111822
4.0300101895416	0.69130473558810
4.0262215686274	0.69130369066894
4.0224400644036	0.69130264687000
4.0186656568365	0.69130160470599
4.0148983259676	0.69130056469691
4.0111380519133	0.69129952736794
4.0073848148643	0.69129849324926
4.0036385950855	0.69129746287589
3.9998993729153	0.69129643678758
3.9961671287657	0.69129541552860
3.9924418431216	0.69129439964762
3.9887234965407	0.69129338969751
3.9850120696531	0.69129238623518
3.9813075431607	0.69129138982141
3.9776098978373	0.69129040102068
3.9739191145281	0.69128942040098
3.9702351741491	0.69128844853360
3.9665580576872	0.69128748599300
3.9628877461996	0.69128653335657
3.9592242208135	0.69128559120443
3.9555674627260	0.69128466011927
3.9519174532033	0.69128374068612
3.9482741735809	0.69128283349215
3.9446376052632	0.69128193912644
3.9410077297226	0.69128105817980
3.9373845285001	0.69128019124453
3.9337679832043	0.69127933891418
3.9301580755113	0.69127850178338
3.9265547871644	0.69127768044755
3.9229580999738	0.69127687550271
3.9193679958164	0.69127608754521
3.9157844566353	0.69127531717151
3.9122074644395	0.69127456497795
3.9086370013038	0.69127383156046
3.9050730493682	0.69127311751433
3.9015155908381	0.69127242343398
3.8979646079834	0.69127174991265
3.8944200831385	0.69127109754217
3.8908819987021	0.69127046691270
3.8873503371369	0.69126985861243
3.8838250809690	0.69126927322734
3.8803062127880	0.69126871134088
3.8767937152463	0.69126817353374
3.8732875710594	0.69126766038352
3.8697877630050	0.69126717246446
3.8662942739231	0.69126671034717
3.8628070867156	0.69126627459827
3.8593261843460	0.69126586578018
3.8558515498392	0.69126548445072
3.8523831662812	0.69126513116288
3.8489210168186	0.69126480646448
3.8454650846588	0.69126451089784
3.8420153530693	0.69126424499949
3.8385718053777	0.69126400929984
3.8351344249712	0.69126380432284
3.8317031952965	0.69126363058567
3.8282780998595	0.69126348859841
3.8248591222251	0.69126337886367
3.8214462460166	0.69126330187630
3.8180394549159	0.69126325812302
3.8146387326632	0.69126324808207
3.8112440630562	0.69126327222287
3.8078554299505	0.69126333100567
3.8044728172589	0.69126342488118
3.8010962089514	0.69126355429024
3.7977255890550	0.69126371966340
3.7943609416530	0.69126392142062
3.7910022508852	0.69126415997084
3.7876495009476	0.69126443571168
3.7843026760919	0.69126474902896
3.7809617606256	0.69126510029642
3.7776267389113	0.69126548987528
3.7742975953670	0.69126591811388
3.7709743144654	0.69126638534726
3.7676568807339	0.69126689189679
3.7643452787544	0.69126743806978
3.7610394931627	0.69126802415906
3.7577395086488	0.69126865044260
3.7544453099562	0.69126931718307
3.7511568818819	0.69127002462747
3.7478742092762	0.69127077300670
3.7445972770422	0.69127156253513
3.7413260701360	0.69127239341021
3.7380605735661	0.69127326581206
3.7348007723932	0.69127417990297
3.7315466517301	0.69127513582708
3.7282981967417	0.69127613370986
3.7250553926441	0.69127717365774
3.7218182247052	0.69127825575764
3.7185866782436	0.69127938007653
3.7153607386293	0.69128054666103
3.7121403912828	0.69128175553689
3.7089256216751	0.69128300670865
3.7057164153276	0.69128430015908
3.7025127578115	0.69128563584882
3.6993146347483	0.69128701371585
3.6961220318087	0.69128843367509
3.6929349347130	0.69128989561792
3.6897533292308	0.69129139941173
3.6865772011805	0.69129294489941
3.6834065364295	0.69129453189895
3.6802413208937	0.69129616020292
3.6770815405372	0.69129782957804
3.6739271813725	0.69129953976466
3.6707782294600	0.69130129047631
3.6676346709078	0.69130308139925
3.6644964918714	0.69130491219194
3.6613636785540	0.69130678248456
3.6582362172056	0.69130869187858
3.6551140941234	0.69131063994623
3.6519972956511	0.69131262622999
3.6488858081792	0.69131465024216
3.6457796181442	0.69131671146435
3.6426787120292	0.69131880934693
3.6395830763628	0.69132094330861
3.6364926977196	0.69132311273591
3.6334075627197	0.69132531698266
3.6303276580286	0.69132755536949
3.6272529703569	0.69132982718335
3.6241834864603	0.69133213167699
3.6211191931393	0.69133446806846
3.6180600772387	0.69133683554062
3.6150061256481	0.69133923324059
3.6119573253012	0.69134166027928
3.6089136631756	0.69134411573087
3.6058751262930	0.69134659863229
3.6028417017185	0.69134910798269
3.5998133765610	0.69135164274299
3.5967901379724	0.69135420183527
3.5937719731479	0.69135678414236
3.5907588693257	0.69135938850722
3.5877508137865	0.69136201373251
3.5847477938539	0.69136465857999
3.5817497968937	0.69136732177009
3.5787568103140	0.69137000198131
3.5757688215649	0.69137269784974
3.5727858181385	0.69137540796854
3.5698077875685	0.69137813088740
3.5668347174301	0.69138086511203
3.5638665953400	0.69138360910364
3.5609034089559	0.69138636127841
3.5579451459767	0.69138912000695
3.5549917941421	0.69139188361384
3.5520433412322	0.69139465037702
3.5490997750681	0.69139741852734
3.5461610835108	0.69140018624799
3.5432272544616	0.69140295167401
3.5402982758621	0.69140571289174
3.5373741356932	0.69140846793831
3.5344548219759	0.69141121480112
3.5315403227706	0.69141395141733
3.5286306261770	0.69141667567331
3.5257257203340	0.69141938540414
3.5228255934195	0.69142207839308
3.5199302336503	0.69142475237107
3.5170396292820	0.69142740501618
3.5141537686086	0.69143003395312
3.5112726399625	0.69143263675272
3.5083962317145	0.69143521093141
3.5055245322732	0.69143775395069
3.5026575300853	0.69144026321664
3.4997952136353	0.69144273607942
3.4969375714452	0.69144516983270
3.4940845920746	0.69144756171324
3.4912362641202	0.69144990890030
3.4883925762160	0.69145220851519
3.4855535170329	0.69145445762073
3.4827190752788	0.69145665322077
3.4798892396982	0.69145879225970
3.4770639990721	0.69146087162191
3.4742433422181	0.69146288813134
3.4714272579898	0.69146483855096
3.4686157352771	0.69146671958229
3.4658087630058	0.69146852786489
3.4630063301375	0.69147025997592
3.4602084256694	0.69147191242961
3.4574150386345	0.69147348167678
3.4546261581009	0.69147496410441
3.4518417731721	0.69147635603510
3.4490618729867	0.69147765372664
3.4462864467180	0.69147885337153
3.4435154835745	0.69147995109652
3.4407489727993	0.69148094296212
3.4379869036697	0.69148182496218
3.4352292654979	0.69148259302338
3.4324760476300	0.69148324300486
3.4297272394463	0.69148377069766
3.4269828303612	0.69148417182439
3.4242428098230	0.69148444203869
3.4215071673134	0.69148457692487
3.4187758923480	0.69148457199741
3.4160489744758	0.69148442270059
3.4133264032791	0.69148412440801
3.4106081683732	0.69148367242223
3.4078942594066	0.69148306197428
3.4051846660609	0.69148228822333
3.4024793780502	0.69148134625620
3.3997783851213	0.69148023108705
3.3970816770538	0.69147893765688
3.3943892436594	0.69147746083321
3.3917010747822	0.69147579540970
3.3890171602984	0.69147393610571
3.3863374901163	0.69147187756596
3.3836620541761	0.69146961436017
3.3809908424495	0.69146714098266
3.3783238449403	0.69146445185202
3.3756610516834	0.69146154131076
3.3730024527453	0.69145840362494
3.3703480382237	0.69145503298382
3.3676977982476	0.69145142349958
3.3650517229768	0.69144756920692
3.3624098026021	0.69144346406279
3.3597720273451	0.69143910194606
3.3571383874580	0.69143447665720
3.3545088732237	0.69142958191798
3.3518834749553	0.69142441137119
3.3492621829963	0.69141895858034
3.3466449877205	0.69141321702938
3.3440318795315	0.69140718012241
3.3414228488631	0.69140084118346
3.3388178861789	0.69139419345618
3.3362169819720	0.69138723010362
3.3336201267653	0.69137994420798
3.3310273111111	0.69137232877036
