#Parameters = {thARC=0.4; nARC=1; thsub=1; p=1; nSub=3.5}
#"Wavelength / um"	"T (543) [Real Part]"
#---------------------------------------
14.989622900000	0.69135773365692
14.937342202292	0.69138525523589
14.885424925521	0.69141200806819
14.833867293419	0.69143800288585
14.782665581854	0.69146325035290
14.731816117936	0.69148776106502
14.681315279138	0.69151154554917
14.631159492435	0.69153461426323
14.581345233463	0.69155697759569
14.531869025691	0.69157864586531
14.482727439614	0.69159962932083
14.433917091960	0.69161993814066
14.385434644914	0.69163958243258
14.337276805356	0.69165857223349
14.289440324118	0.69167691750912
14.241921995249	0.69169462815382
14.194718655303	0.69171171399026
14.147827182633	0.69172818476923
14.101244496707	0.69174405016943
14.054967557431	0.69175931979724
14.008993364486	0.69177400318652
13.963318956684	0.69178810979845
13.917941411328	0.69180164902131
13.872857843591	0.69181463017037
13.828065405904	0.69182706248766
13.783561287356	0.69183895514189
13.739342713107	0.69185031722828
13.695406943810	0.69186115776845
13.651751275046	0.69187148571027
13.608373036768	0.69188130992783
13.565269592760	0.69189063922124
13.522438340099	0.69189948231662
13.479876708633	0.69190784786602
13.437582160466	0.69191574444730
13.395552189455	0.69192318056413
13.353784320713	0.69193016464592
13.312276110124	0.69193670504775
13.271025143869	0.69194281005041
13.230029037952	0.69194848786030
13.189285437747	0.69195374660949
13.148792017544	0.69195859435566
13.108546480105	0.69196303908215
13.068546556234	0.69196708869794
13.028790004346	0.69197075103769
12.989274610052	0.69197403386178
12.949998185745	0.69197694485633
12.910958570198	0.69197949163326
12.872153628167	0.69198168173035
12.833581250000	0.69198352261131
12.795239351259	0.69198502166581
12.757125872340	0.69198618620962
12.719238778108	0.69198702348469
12.681576057530	0.69198754065917
12.644135723323	0.69198774482765
12.606915811606	0.69198764301112
12.569914381551	0.69198724215722
12.533129515050	0.69198654914029
12.496559316382	0.69198557076150
12.460201911887	0.69198431374905
12.424055449648	0.69198278475827
12.388118099174	0.69198099037177
12.352388051092	0.69197893709965
12.316863516845	0.69197663137960
12.281542728390	0.69197407957714
12.246423937908	0.69197128798576
12.211505417515	0.69196826282712
12.176785458976	0.69196501025125
12.142262373431	0.69196153633673
12.107934491115	0.69195784709096
12.073800161095	0.69195394845027
12.039857751004	0.69194984628021
12.006105646776	0.69194554637578
11.972542252396	0.69194105446163
11.939165989646	0.69193637619229
11.905975297855	0.69193151715246
11.872968633663	0.69192648285719
11.840144470774	0.69192127875220
11.807501299724	0.69191591021409
11.775037627651	0.69191038255064
11.742751978065	0.69190470100103
11.710642890625	0.69189887073616
11.678708920919	0.69189289685893
11.646948640249	0.69188678440448
11.615360635413	0.69188053834052
11.583943508501	0.69187416356760
11.552695876686	0.69186766491942
11.521616372022	0.69186104716313
11.490703641242	0.69185431499964
11.459956345566	0.69184747306391
11.429373160503	0.69184052592532
11.398952775665	0.69183347808790
11.368693894577	0.69182633399075
11.338595234493	0.69181909800830
11.308655526217	0.69181177445069
11.278873513920	0.69180436756405
11.249247954972	0.69179688153089
11.219777619760	0.69178932047044
11.190461291527	0.69178168843895
11.161297766195	0.69177398943010
11.132285852209	0.69176622737530
11.103424370370	0.69175840614410
11.074712153676	0.69175052954450
11.046148047163	0.69174260132336
11.017730907755	0.69173462516673
10.989459604106	0.69172660470023
10.961333016453	0.69171854348945
10.933350036470	0.69171044504027
10.905509567115	0.69170231279931
10.877810522496	0.69169415015423
10.850251827723	0.69168596043420
10.822832418773	0.69167774691022
10.795551242348	0.69166951279553
10.768407255747	0.69166126124602
10.741399426729	0.69165299536059
10.714526733381	0.69164471818159
10.687788163993	0.69163643269517
10.661182716927	0.69162814183172
10.634709400497	0.69161984846624
10.608367232838	0.69161155541878
10.582155241793	0.69160326545483
10.556072464789	0.69159498128570
10.530117948718	0.69158670556899
10.504290749825	0.69157844090896
10.478589933590	0.69157018985694
10.453014574616	0.69156195491178
10.427563756522	0.69155373852023
10.402236571825	0.69154554307739
10.377032121841	0.69153737092710
10.351949516575	0.69152922436239
10.326987874612	0.69152110562588
10.302146323024	0.69151301691021
10.277423997257	0.69150496035849
10.252820041040	0.69149693806467
10.228333606278	0.69148895207402
10.203963852961	0.69148100438355
10.179709949066	0.69147309694241
10.155571070461	0.69146523165233
10.131546400811	0.69145741036809
10.107635131490	0.69144963489789
10.083836461487	0.69144190700384
10.060149597315	0.69143422840232
10.036573752929	0.69142660076451
10.013108149633	0.69141902571674
9.9897520159947	0.69141150484096
9.9665045877660	0.69140403967518
9.9433651077944	0.69139663171389
9.9203328259431	0.69138928240850
9.8974069990096	0.69138199316777
9.8745868906456	0.69137476535827
9.8518717712783	0.69136760030477
9.8292609180328	0.69136049929073
9.8067536146549	0.69135346355870
9.7843491514360	0.69134649431076
9.7620468251384	0.69133959270896
9.7398459389214	0.69133275987577
9.7177458022690	0.69132599689449
9.6957457309185	0.69131930480970
9.6738450467893	0.69131268462769
9.6520430779137	0.69130613731691
9.6303391583681	0.69129966380837
9.6087326282051	0.69129326499611
9.5872228333866	0.69128694173762
9.5658091257179	0.69128069485425
9.5444908627826	0.69127452513170
9.5232674078780	0.69126843332038
9.5021381299525	0.69126242013590
9.4811024035421	0.69125648625947
9.4601596087094	0.69125063233833
9.4393091309824	0.69124485898620
9.4185503612944	0.69123916678368
9.3978826959248	0.69123355627869
9.3773055364404	0.69122802798692
9.3568182896380	0.69122258239220
9.3364203674868	0.69121721994699
9.3161111870727	0.69121194107275
9.2958901705426	0.69120674616039
9.2757567450495	0.69120163557067
9.2557103426984	0.69119660963467
9.2357504004929	0.69119166865414
9.2158763602828	0.69118681290197
9.1960876687117	0.69118204262258
9.1763837771656	0.69117735803235
9.1567641417227	0.69117275932001
9.1372282231027	0.69116824664710
9.1177754866180	0.69116382014832
9.0984054021244	0.69115947993200
9.0791174439733	0.69115522608046
9.0599110909640	0.69115105865044
9.0407858262967	0.69114697767351
9.0217411375263	0.69114298315647
9.0027765165165	0.69113907508172
8.9838914593947	0.69113525340771
8.9650854665072	0.69113151806933
8.9463580423754	0.69112786897827
8.9277086956522	0.69112430602345
8.9091369390788	0.69112082907141
8.8906422894425	0.69111743796670
8.8722242675348	0.69111413253224
8.8538823981099	0.69111091256978
8.8356162098438	0.69110777786020
8.8174252352941	0.69110472816395
8.7993090108600	0.69110176322145
8.7812670767428	0.69109888275339
8.7632989769073	0.69109608646119
8.7454042590432	0.69109337402736
8.7275824745269	0.69109074511583
8.7098331783847	0.69108819937237
8.6921559292549	0.69108573642495
8.6745502893519	0.69108335588410
8.6570158244297	0.69108105734327
8.6395521037464	0.69107884037923
8.6221587000288	0.69107670455240
8.6048351894374	0.69107464940720
8.5875811515325	0.69107267447246
8.5703961692396	0.69107077926170
8.5532798288160	0.69106896327358
8.5362317198178	0.69106722599214
8.5192514350668	0.69106556688726
8.5023385706183	0.69106398541492
8.4854927257288	0.69106248101758
8.4687135028249	0.69106105312454
8.4520005074711	0.69105970115224
8.4353533483399	0.69105842450463
8.4187716371806	0.69105722257349
8.4022549887892	0.69105609473875
8.3858030209790	0.69105504036886
8.3694153545505	0.69105405882108
8.3530916132627	0.69105314944181
8.3368314238042	0.69105231156694
8.3206344157646	0.69105154452214
8.3045002216066	0.69105084762319
8.2884284766381	0.69105022017629
8.2724188189845	0.69104966147838
8.2564708895621	0.69104917081746
8.2405843320506	0.69104874747287
8.2247587928669	0.69104839071560
8.2089939211391	0.69104809980863
8.1932893686800	0.69104787400719
8.1776447899618	0.69104771255905
8.1620598420909	0.69104761470486
8.1465341847826	0.69104757967840
8.1310674803363	0.69104760670690
8.1156593936113	0.69104769501129
8.1003095920022	0.69104784380652
8.0850177454153	0.69104805230183
8.0697835262450	0.69104831970101
8.0546066093498	0.69104864520270
8.0394866720300	0.69104902800065
8.0244233940043	0.69104946728400
8.0094164573871	0.69104996223754
7.9944655466667	0.69105051204197
7.9795703486825	0.69105111587418
7.9647305526036	0.69105177290748
7.9499458499072	0.69105248231190
7.9352159343568	0.69105324325440
7.9205405019815	0.69105405489915
7.9059192510549	0.69105491640775
7.8913518820742	0.69105582693952
7.8768380977404	0.69105678565170
7.8623776029373	0.69105779169970
7.8479701047120	0.69105884423737
7.8336153122550	0.69105994241717
7.8193129368805	0.69106108539047
7.8050626920073	0.69106227230773
7.7908642931393	0.69106350231875
7.7767174578470	0.69106477457289
7.7626219057483	0.69106608821928
7.7485773584906	0.69106744240704
7.7345835397317	0.69106883628551
7.7206401751223	0.69107026900445
7.7067469922879	0.69107173971424
7.6929037208109	0.69107324756610
7.6791100922131	0.69107479171228
7.6653658399386	0.69107637130627
7.6516706993364	0.69107798550302
7.6380244076433	0.69107963345908
7.6244267039674	0.69108131433284
7.6108773292714	0.69108302728469
7.5973760263558	0.69108477147723
7.5839225398432	0.69108654607542
7.5705166161616	0.69108835024682
7.5571580035291	0.69109018316168
7.5438464519376	0.69109204399321
7.5305817131374	0.69109393191767
7.5173635406219	0.69109584611459
7.5041916896120	0.69109778576694
7.4910659170415	0.69109975006124
7.4779859815415	0.69110173818777
7.4649516434263	0.69110374934073
7.4519626646781	0.69110578271836
7.4390188089330	0.69110783752311
7.4261198414664	0.69110991296180
7.4132655291790	0.69111200824576
7.4004556405826	0.69111412259096
7.3876899457861	0.69111625521817
7.3749682164822	0.69111840535309
7.3622902259332	0.69112057222649
7.3496557489581	0.69112275507433
7.3370645619187	0.69112495313791
7.3245164427071	0.69112716566397
7.3120111707317	0.69112939190487
7.2995485269053	0.69113163111862
7.2871282936315	0.69113388256910
7.2747502547925	0.69113614552610
7.2624141957364	0.69113841926549
7.2501199032648	0.69114070306926
7.2378671656205	0.69114299622572
7.2256557724753	0.69114529802954
7.2134855149182	0.69114760778186
7.2013561854432	0.69114992479042
7.1892675779376	0.69115224836962
7.1772194876706	0.69115457784066
7.1652117112811	0.69115691253158
7.1532440467669	0.69115925177741
7.1413162934731	0.69116159492018
7.1294282520809	0.69116394130909
7.1175797245964	0.69116629030053
7.1057705143399	0.69116864125819
7.0940004259347	0.69117099355312
7.0822692652965	0.69117334656381
7.0705768396226	0.69117569967627
7.0589229573817	0.69117805228410
7.0473074283028	0.69118040378853
7.0357300633654	0.69118275359853
7.0241906747891	0.69118510113082
7.0126890760234	0.69118744580997
7.0012250817375	0.69118978706845
6.9897985078107	0.69119212434666
6.9784091713222	0.69119445709301
6.9670568905415	0.69119678476396
6.9557414849188	0.69119910682405
6.9444627750753	0.69120142274598
6.9332205827937	0.69120373201064
6.9220147310090	0.69120603410711
6.9108450437990	0.69120832853277
6.8997113463751	0.69121061479326
6.8886134650735	0.69121289240259
6.8775512273457	0.69121516088311
6.8665244617499	0.69121741976555
6.8555329979419	0.69121966858907
6.8445766666667	0.69122190690128
6.8336552997493	0.69122413425823
6.8227687300865	0.69122635022447
6.8119167916383	0.69122855437304
6.8010993194192	0.69123074628550
6.7903161494904	0.69123292555194
6.7795671189507	0.69123509177098
6.7688520659291	0.69123724454981
6.7581708295762	0.69123938350415
6.7475232500563	0.69124150825829
6.7369091685393	0.69124361844510
6.7263284271932	0.69124571370599
6.7157808691756	0.69124779369094
6.7052663386267	0.69124985805849
6.6947846806610	0.69125190647574
6.6843357413601	0.69125393861834
6.6739193677649	0.69125595417045
6.6635354078684	0.69125795282480
6.6531837106081	0.69125993428259
6.6428641258586	0.69126189825354
6.6325765044248	0.69126384445587
6.6223206980340	0.69126577261622
6.6120965593295	0.69126768246971
6.6019039418630	0.69126957375987
6.5917427000879	0.69127144623861
6.5816126893524	0.69127329966623
6.5715137658922	0.69127513381136
6.5614457868243	0.69127694845097
6.5514086101399	0.69127874337028
6.5414020946978	0.69128051836277
6.5314261002179	0.69128227323014
6.5214804872743	0.69128400778228
6.5115651172893	0.69128572183721
6.5016798525266	0.69128741522105
6.4918245560849	0.69128908776798
6.4819990918919	0.69129073932022
6.4722033246978	0.69129236972796
6.4624371200690	0.69129397884929
6.4527003443823	0.69129556655023
6.4429928648184	0.69129713270461
6.4333145493562	0.69129867719405
6.4236652667667	0.69130019990790
6.4140448866068	0.69130170074321
6.4044532792138	0.69130317960463
6.3948903156997	0.69130463640442
6.3853558679446	0.69130607106233
6.3758498085921	0.69130748350556
6.3663720110427	0.69130887366875
6.3569223494487	0.69131024149383
6.3475006987084	0.69131158693005
6.3381069344609	0.69131290993384
6.3287409330800	0.69131421046880
6.3194025716695	0.69131548850562
6.3100917280572	0.69131674402199
6.3008082807902	0.69131797700256
6.2915521091291	0.69131918743887
6.2823230930427	0.69132037532925
6.2731211132036	0.69132154067879
6.2639460509820	0.69132268349926
6.2547977884415	0.69132380380899
6.2456762083333	0.69132490163287
6.2365811940919	0.69132597700223
6.2275126298297	0.69132702995475
6.2184704003319	0.69132806053442
6.2094543910522	0.69132906879147
6.2004644881075	0.69133005478223
6.1915005782734	0.69133101856911
6.1825625489792	0.69133196022051
6.1736502883031	0.69133287981072
6.1647636849681	0.69133377741984
6.1559026283368	0.69133465313370
6.1470670084068	0.69133550704381
6.1382567158067	0.69133633924723
6.1294716417910	0.69133714984649
6.1207116782360	0.69133793894954
6.1119767176351	0.69133870666963
6.1032666530945	0.69133945312524
6.0945813783289	0.69134017843999
6.0859207876573	0.69134088274254
6.0772847759984	0.69134156616652
6.0686732388664	0.69134222885043
6.0600860723671	0.69134287093756
6.0515231731934	0.69134349257589
6.0429844386212	0.69134409391799
6.0344697665056	0.69134467512097
6.0259790552764	0.69134523634635
6.0175122039342	0.69134577775996
6.0090691120465	0.69134629953190
6.0006496797438	0.69134680183640
5.9922538077154	0.69134728485174
5.9838813972056	0.69134774876017
5.9755323500100	0.69134819374781
5.9672065684713	0.69134862000453
5.9589039554760	0.69134902772391
5.9506244144502	0.69134941710310
5.9423678493558	0.69134978834274
5.9341341646873	0.69135014164688
5.9259232654675	0.69135047722287
5.9177350572444	0.69135079528125
5.9095694460871	0.69135109603570
5.9014263385827	0.69135137970291
5.8933056418321	0.69135164650248
5.8852072634472	0.69135189665687
5.8771311115468	0.69135213039124
5.8690770947533	0.69135234793342
5.8610451221896	0.69135254951376
5.8530351034752	0.69135273536508
5.8450469487229	0.69135290572254
5.8370805685358	0.69135306082357
5.8291358740035	0.69135320090776
5.8212127766990	0.69135332621678
5.8133111886756	0.69135343699426
5.8054310224632	0.69135353348573
5.7975721910656	0.69135361593850
5.7897346079567	0.69135368460158
5.7819181870781	0.69135373972557
5.7741228428351	0.69135378156258
5.7663484900942	0.69135381036616
5.7585950441798	0.69135382639114
5.7508624208709	0.69135382989360
5.7431505363985	0.69135382113077
5.7354593074421	0.69135380036091
5.7277886511272	0.69135376784323
5.7201384850219	0.69135372383780
5.7125087271341	0.69135366860548
5.7048992959087	0.69135360240779
5.6973101102242	0.69135352550687
5.6897410893908	0.69135343816531
5.6821921531463	0.69135334064617
5.6746632216544	0.69135323321280
5.6671542155009	0.69135311612879
5.6596650556919	0.69135298965788
5.6521956636501	0.69135285406388
5.6447459612126	0.69135270961056
5.6373158706281	0.69135255656158
5.6299053145540	0.69135239518043
5.6225142160540	0.69135222573027
5.6151424985952	0.69135204847393
5.6077900860456	0.69135186367379
5.6004569026714	0.69135167159168
5.5931428731343	0.69135147248883
5.5858479224893	0.69135126662577
5.5785719761816	0.69135105426224
5.5713149600446	0.69135083565714
5.5640768002970	0.69135061106843
5.5568574235403	0.69135038075305
5.5496567567568	0.69135014496685
5.5424747273063	0.69134990396451
5.5353112629247	0.69134965799946
5.5281662917204	0.69134940732381
5.5210397421731	0.69134915218828
5.5139315431304	0.69134889284210
5.5068416238060	0.69134862953297
5.4997699137773	0.69134836250697
5.4927163429828	0.69134809200849
5.4856808417200	0.69134781828017
5.4786633406433	0.69134754156281
5.4716637707611	0.69134726209531
5.4646820634342	0.69134698011462
5.4577181503732	0.69134669585566
5.4507719636364	0.69134640955122
5.4438434356274	0.69134612143196
5.4369324990932	0.69134583172631
5.4300390871219	0.69134554066039
5.4231631331404	0.69134524845797
5.4163045709124	0.69134495534043
5.4094633345363	0.69134466152666
5.4026393584430	0.69134436723300
5.3958325773938	0.69134407267324
5.3890429264785	0.69134377805848
5.3822703411131	0.69134348359713
5.3755147570378	0.69134318949485
5.3687761103152	0.69134289595448
5.3620543373278	0.69134260317600
5.3553493747767	0.69134231135644
5.3486611596789	0.69134202068991
5.3419896293656	0.69134173136745
5.3353347214807	0.69134144357709
5.3286963739780	0.69134115750369
5.3220745251198	0.69134087332897
5.3154691134752	0.69134059123147
5.3088800779175	0.69134031138643
5.3023073576229	0.69134003396584
5.2957508920685	0.69133975913833
5.2892106210303	0.69133948706916
5.2826864845815	0.69133921792017
5.2761784230905	0.69133895184976
5.2696863772192	0.69133868901284
5.2632102879213	0.69133842956076
5.2567500964405	0.69133817364135
5.2503057443082	0.69133792139882
5.2438771733427	0.69133767297377
5.2374643256464	0.69133742850311
5.2310671436050	0.69133718812010
5.2246855698850	0.69133695195426
5.2183195474326	0.69133672013137
5.2119690194715	0.69133649277343
5.2056339295016	0.69133626999865
5.1993142212973	0.69133605192141
5.1930098389052	0.69133583865228
5.1867207266436	0.69133563029792
5.1804468290997	0.69133542696112
5.1741880911288	0.69133522874079
5.1679444578521	0.69133503573187
5.1617158746556	0.69133484802541
5.1555022871883	0.69133466570846
5.1493036413604	0.69133448886414
5.1431198833419	0.69133431757157
5.1369509595613	0.69133415190588
5.1307968167037	0.69133399193818
5.1246574017094	0.69133383773560
5.1185326617722	0.69133368936122
5.1124225443383	0.69133354687410
5.1063269971044	0.69133341032928
5.1002459680163	0.69133327977774
5.0941794052676	0.69133315526645
5.0881272572980	0.69133303683829
5.0820894727920	0.69133292453215
5.0760660006773	0.69133281838285
5.0700567901235	0.69133271842116
5.0640617905405	0.69133262467384
5.0580809515775	0.69133253716360
5.0521142231210	0.69133245590912
5.0461615552937	0.69133238092507
5.0402228984533	0.69133231222210
5.0342982031906	0.69133224980685
5.0283874203287	0.69133219368200
5.0224905009214	0.69133214384620
5.0166073962517	0.69133210029417
5.0107380578305	0.69133206301665
5.0048824373957	0.69133203200047
4.9990404869101	0.69133200722851
4.9932121585610	0.69133198867975
4.9873974047579	0.69133197632929
4.9815961781323	0.69133197014837
4.9758084315353	0.69133197010437
4.9700341180371	0.69133197616085
4.9642731909256	0.69133198827758
4.9585256037049	0.69133200641055
4.9527913100942	0.69133203051199
4.9470702640264	0.69133206053042
4.9413624196473	0.69133209641067
4.9356677313138	0.69133213809389
4.9299861535932	0.69133218551760
4.9243176412615	0.69133223861572
4.9186621493027	0.69133229731860
4.9130196329072	0.69133236155304
4.9073900474709	0.69133243124236
4.9017733485939	0.69133250630640
4.8961694920790	0.69133258666155
4.8905784339315	0.69133267222084
4.8850001303569	0.69133276289392
4.8794345377604	0.69133285858715
4.8738816127459	0.69133295920360
4.8683413121143	0.69133306464311
4.8628135928629	0.69133317480233
4.8572984121841	0.69133328957478
4.8517957274640	0.69133340885088
4.8463054962819	0.69133353251797
4.8408276764088	0.69133366046041
4.8353622258065	0.69133379255959
4.8299091026261	0.69133392869400
4.8244682652076	0.69133406873926
4.8190396720784	0.69133421256819
4.8136232819525	0.69133436005084
4.8082190537289	0.69133451105456
4.8028269464915	0.69133466544407
4.7974469195071	0.69133482308144
4.7920789322251	0.69133498382626
4.7867229442759	0.69133514753559
4.7813789154705	0.69133531406408
4.7760468057989	0.69133548326399
4.7707265754297	0.69133565498529
4.7654181847083	0.69133582907568
4.7601215941569	0.69133600538067
4.7548367644726	0.69133618374363
4.7495636565272	0.69133636400587
4.7443022313657	0.69133654600669
4.7390524502055	0.69133672958342
4.7338142744355	0.69133691457153
4.7285876656151	0.69133710080466
4.7233725854735	0.69133728811471
4.7181689959081	0.69133747633189
4.7129768589844	0.69133766528476
4.7077961369347	0.69133785480035
4.7026267921569	0.69133804470421
4.6974687872140	0.69133823482045
4.6923220848333	0.69133842497185
4.6871866479049	0.69133861497990
4.6820624394815	0.69133880466487
4.6769494227769	0.69133899384590
4.6718475611657	0.69133918234106
4.6667568181818	0.69133936996743
4.6616771575183	0.69133955654114
4.6566085430258	0.69133974187751
4.6515509387122	0.69133992579102
4.6465043087415	0.69134010809551
4.6414686174330	0.69134028860412
4.6364438292607	0.69134046712949
4.6314299088522	0.69134064348373
4.6264268209877	0.69134081747857
4.6214345305997	0.69134098892540
4.6164530027718	0.69134115763533
4.6114822027380	0.69134132341932
4.6065220958820	0.69134148608819
4.6015726477360	0.69134164545276
4.5966338239804	0.69134180132388
4.5917055904426	0.69134195351253
4.5867879130967	0.69134210182988
4.5818807580621	0.69134224608738
4.5769840916031	0.69134238609685
4.5720978801281	0.69134252167052
4.5672220901889	0.69134265262116
4.5623566884797	0.69134277876211
4.5575016418364	0.69134289990736
4.5526569172361	0.69134301587168
4.5478224817961	0.69134312647065
4.5429983027731	0.69134323152073
4.5381843475628	0.69134333083939
4.5333805836988	0.69134342424515
4.5285869788520	0.69134351155764
4.5238035008299	0.69134359259774
4.5190301175761	0.69134366718759
4.5142667971691	0.69134373515073
4.5095135078219	0.69134379631213
4.5047702178813	0.69134385049828
4.5000368958271	0.69134389753729
4.4953135102714	0.69134393725893
4.4906000299581	0.69134396949475
4.4858964237618	0.69134399407812
4.4812026606876	0.69134401084432
4.4765187098701	0.69134401963063
4.4718445405728	0.69134402027637
4.4671801221875	0.69134401262303
4.4625254242334	0.69134399651430
4.4578804163569	0.69134397179616
4.4532450683304	0.69134393831696
4.4486193500519	0.69134389592749
4.4440032315446	0.69134384448105
4.4393966829557	0.69134378383353
4.4347996745562	0.69134371384349
4.4302121767401	0.69134363437220
4.4256341600236	0.69134354528377
4.4210655950450	0.69134344644517
4.4165064525633	0.69134333772631
4.4119567034584	0.69134321900014
4.4074163187298	0.69134309014269
4.4028852694963	0.69134295103315
4.3983635269953	0.69134280155393
4.3938510625824	0.69134264159076
4.3893478477306	0.69134247103271
4.3848538540295	0.69134228977230
4.3803690531853	0.69134209770553
4.3758934170194	0.69134189473198
4.3714269174686	0.69134168075484
4.3669695265841	0.69134145568100
4.3625212165309	0.69134121942111
4.3580819595871	0.69134097188963
4.3536517281441	0.69134071300489
4.3492304947048	0.69134044268918
4.3448182318841	0.69134016086876
4.3404149124077	0.69133986747397
4.3360205091119	0.69133956243926
4.3316349949429	0.69133924570324
4.3272583429561	0.69133891720875
4.3228905263158	0.69133857690293
4.3185315182944	0.69133822473724
4.3141812922723	0.69133786066752
4.3098398217366	0.69133748465407
4.3055070802815	0.69133709666167
4.3011830416069	0.69133669665965
4.2968676795184	0.69133628462192
4.2925609679267	0.69133586052702
4.2882628808468	0.69133542435818
4.2839733923978	0.69133497610338
4.2796924768023	0.69133451575532
4.2754201083856	0.69133404331156
4.2711562615757	0.69133355877449
4.2669009109024	0.69133306215140
4.2626540309967	0.69133255345451
4.2584155965909	0.69133203270102
4.2541855825174	0.69133149991313
4.2499639637085	0.69133095511807
4.2457507151961	0.69133039834816
4.2415458121109	0.69132982964081
4.2373492296820	0.69132924903858
4.2331609432364	0.69132865658919
4.2289809281986	0.69132805234555
4.2248091600902	0.69132743636577
4.2206456145291	0.69132680871325
4.2164902672293	0.69132616945660
4.2123430940003	0.69132551866975
4.2082040707468	0.69132485643192
4.2040731734680	0.69132418282767
4.1999503782572	0.69132349794688
4.1958356613016	0.69132280188481
4.1917289988814	0.69132209474206
4.1876303673697	0.69132137662464
4.1835397432319	0.69132064764392
4.1794571030252	0.69131990791670
4.1753824233983	0.69131915756516
4.1713156810909	0.69131839671689
4.1672568529330	0.69131762550491
4.1632059158450	0.69131684406765
4.1591628468368	0.69131605254892
4.1551276230076	0.69131525109799
4.1511002215453	0.69131443986951
4.1470806197261	0.69131361902352
4.1430687949143	0.69131278872547
4.1390647245616	0.69131194914619
4.1350683862069	0.69131110046186
4.1310797574755	0.69131024285405
4.1270988160793	0.69130937650963
4.1231255398157	0.69130850162083
4.1191599065677	0.69130761838515
4.1152018943034	0.69130672700540
4.1112514810752	0.69130582768963
4.1073086450199	0.69130492065113
4.1033733643581	0.69130400610838
4.0994456173937	0.69130308428505
4.0955253825137	0.69130215540994
4.0916126381875	0.69130121971697
4.0877073629670	0.69130027744512
4.0838095354856	0.69129932883840
4.0799191344584	0.69129837414584
4.0760361386812	0.69129741362138
4.0721605270307	0.69129644752390
4.0682922784638	0.69129547611713
4.0644313720174	0.69129449966959
4.0605777868075	0.69129351845458
4.0567315020298	0.69129253275010
4.0528924969582	0.69129154283880
4.0490607509454	0.69129054900791
4.0452362434219	0.69128955154919
4.0414189538959	0.69128855075889
4.0376088619529	0.69128754693764
4.0338059472551	0.69128654039041
4.0300101895416	0.69128553142645
4.0262215686274	0.69128452035918
4.0224400644036	0.69128350750615
4.0186656568365	0.69128249318896
4.0148983259676	0.69128147773318
4.0111380519133	0.69128046146823
4.0073848148643	0.69127944472736
4.0036385950855	0.69127842784753
3.9998993729153	0.69127741116931
3.9961671287657	0.69127639503681
3.9924418431216	0.69127537979758
3.9887234965407	0.69127436580251
3.9850120696531	0.69127335340575
3.9813075431607	0.69127234296457
3.9776098978373	0.69127133483930
3.9739191145281	0.69127032939320
3.9702351741491	0.69126932699236
3.9665580576872	0.69126832800558
3.9628877461996	0.69126733280427
3.9592242208135	0.69126634176233
3.9555674627260	0.69126535525602
3.9519174532033	0.69126437366385
3.9482741735809	0.69126339736646
3.9446376052632	0.69126242674649
3.9410077297226	0.69126146218845
3.9373845285001	0.69126050407859
3.9337679832043	0.69125955280475
3.9301580755113	0.69125860875628
3.9265547871644	0.69125767232381
3.9229580999738	0.69125674389921
3.9193679958164	0.69125582387535
3.9157844566353	0.69125491264605
3.9122074644395	0.69125401060583
3.9086370013038	0.69125311814985
3.9050730493682	0.69125223567369
3.9015155908381	0.69125136357323
3.8979646079834	0.69125050224449
3.8944200831385	0.69124965208342
3.8908819987021	0.69124881348581
3.8873503371369	0.69124798684707
3.8838250809690	0.69124717256208
3.8803062127880	0.69124637102501
3.8767937152463	0.69124558262914
3.8732875710594	0.69124480776670
3.8697877630050	0.69124404682868
3.8662942739231	0.69124330020465
3.8628070867156	0.69124256828256
3.8593261843460	0.69124185144858
3.8558515498392	0.69124115008687
3.8523831662812	0.69124046457943
3.8489210168186	0.69123979530587
3.8454650846588	0.69123914264324
3.8420153530693	0.69123850696581
3.8385718053777	0.69123788864484
3.8351344249712	0.69123728804845
3.8317031952965	0.69123670554134
3.8282780998595	0.69123614148460
3.8248591222251	0.69123559623551
3.8214462460166	0.69123507014730
3.8180394549159	0.69123456356896
3.8146387326632	0.69123407684498
3.8112440630562	0.69123361031517
3.8078554299505	0.69123316431439
3.8044728172589	0.69123273917235
3.8010962089514	0.69123233521337
3.7977255890550	0.69123195275613
3.7943609416530	0.69123159211346
3.7910022508852	0.69123125359207
3.7876495009476	0.69123093749235
3.7843026760919	0.69123064410808
3.7809617606256	0.69123037372621
3.7776267389113	0.69123012662658
3.7742975953670	0.69122990308172
3.7709743144654	0.69122970335656
3.7676568807339	0.69122952770816
3.7643452787544	0.69122937638548
3.7610394931627	0.69122924962911
3.7577395086488	0.69122914767100
3.7544453099562	0.69122907073418
3.7511568818819	0.69122901903252
3.7478742092762	0.69122899277044
3.7445972770422	0.69122899214263
3.7413260701360	0.69122901733381
3.7380605735661	0.69122906851839
3.7348007723932	0.69122914586023
3.7315466517301	0.69122924951237
3.7282981967417	0.69122937961670
3.7250553926441	0.69122953630371
3.7218182247052	0.69122971969216
3.7185866782436	0.69122992988883
3.7153607386293	0.69123016698821
3.7121403912828	0.69123043107219
3.7089256216751	0.69123072220976
3.7057164153276	0.69123104045674
3.7025127578115	0.69123138585543
3.6993146347483	0.69123175843434
3.6961220318087	0.69123215820786
3.6929349347130	0.69123258517597
3.6897533292308	0.69123303932391
3.6865772011805	0.69123352062188
3.6834065364295	0.69123402902468
3.6802413208937	0.69123456447147
3.6770815405372	0.69123512688539
3.6739271813725	0.69123571617323
3.6707782294600	0.69123633222515
3.6676346709078	0.69123697491433
3.6644964918714	0.69123764409663
3.6613636785540	0.69123833961029
3.6582362172056	0.69123906127554
3.6551140941234	0.69123980889436
3.6519972956511	0.69124058225003
3.6488858081792	0.69124138110689
3.6457796181442	0.69124220520994
3.6426787120292	0.69124305428453
3.6395830763628	0.69124392803598
3.6364926977196	0.69124482614929
3.6334075627197	0.69124574828873
3.6303276580286	0.69124669409756
3.6272529703569	0.69124766319762
3.6241834864603	0.69124865518899
3.6211191931393	0.69124966964968
3.6180600772387	0.69125070613521
3.6150061256481	0.69125176417831
3.6119573253012	0.69125284328852
3.6089136631756	0.69125394295187
3.6058751262930	0.69125506263047
3.6028417017185	0.69125620176220
3.5998133765610	0.69125735976030
3.5967901379724	0.69125853601306
3.5937719731479	0.69125972988337
3.5907588693257	0.69126094070844
3.5877508137865	0.69126216779939
3.5847477938539	0.69126341044087
3.5817497968937	0.69126466789071
3.5787568103140	0.69126593937952
3.5757688215649	0.69126722411038
3.5727858181385	0.69126852125836
3.5698077875685	0.69126982997027
3.5668347174301	0.69127114936416
3.5638665953400	0.69127247852905
3.5609034089559	0.69127381652446
3.5579451459767	0.69127516238010
3.5549917941421	0.69127651509546
3.5520433412322	0.69127787363941
3.5490997750681	0.69127923694988
3.5461610835108	0.69128060393339
3.5432272544616	0.69128197346475
3.5402982758621	0.69128334438661
3.5373741356932	0.69128471550914
3.5344548219759	0.69128608560957
3.5315403227706	0.69128745343188
3.5286306261770	0.69128881768635
3.5257257203340	0.69129017704922
3.5228255934195	0.69129153016227
3.5199302336503	0.69129287563247
3.5170396292820	0.69129421203155
3.5141537686086	0.69129553789563
3.5112726399625	0.69129685172484
3.5083962317145	0.69129815198293
3.5055245322732	0.69129943709688
3.5026575300853	0.69130070545649
3.4997952136353	0.69130195541402
3.4969375714452	0.69130318528381
3.4940845920746	0.69130439334185
3.4912362641202	0.69130557782542
3.4883925762160	0.69130673693270
3.4855535170329	0.69130786882239
3.4827190752788	0.69130897161329
3.4798892396982	0.69131004338396
3.4770639990721	0.69131108217229
3.4742433422181	0.69131208597513
3.4714272579898	0.69131305274793
3.4686157352771	0.69131398040432
3.4658087630058	0.69131486681571
3.4630063301375	0.69131570981097
3.4602084256694	0.69131650717598
3.4574150386345	0.69131725665331
3.4546261581009	0.69131795594176
3.4518417731721	0.69131860269606
3.4490618729867	0.69131919452644
3.4462864467180	0.69131972899827
3.4435154835745	0.69132020363166
3.4407489727993	0.69132061590113
3.4379869036697	0.69132096323517
3.4352292654979	0.69132124301594
3.4324760476300	0.69132145257881
3.4297272394463	0.69132158921209
3.4269828303612	0.69132165015655
3.4242428098230	0.69132163260515
3.4215071673134	0.69132153370261
3.4187758923480	0.69132135054506
3.4160489744758	0.69132108017969
3.4133264032791	0.69132071960437
3.4106081683732	0.69132026576731
3.4078942594066	0.69131971556666
3.4051846660609	0.69131906585022
3.4024793780502	0.69131831341501
3.3997783851213	0.69131745500699
3.3970816770538	0.69131648732063
3.3943892436594	0.69131540699865
3.3917010747822	0.69131421063160
3.3890171602984	0.69131289475757
3.3863374901163	0.69131145586179
3.3836620541761	0.69130989037636
3.3809908424495	0.69130819467987
3.3783238449403	0.69130636509707
3.3756610516834	0.69130439789853
3.3730024527453	0.69130228930037
3.3703480382237	0.69130003546384
3.3676977982476	0.69129763249510
3.3650517229768	0.69129507644480
3.3624098026021	0.69129236330785
3.3597720273451	0.69128948902305
3.3571383874580	0.69128644947281
3.3545088732237	0.69128324048282
3.3518834749553	0.69127985782178
3.3492621829963	0.69127629720107
3.3466449877205	0.69127255427444
3.3440318795315	0.69126862463778
3.3414228488631	0.69126450382875
3.3388178861789	0.69126018732657
3.3362169819720	0.69125567055168
3.3336201267653	0.69125094886550
3.3310273111111	0.69124601757012
