#Parameters = {thARC=0.8; nARC=1.75; thsub=1; p=1; nSub=3.5}
#"Wavelength / um"	"T (563) [Real Part]"
#---------------------------------------
14.989622900000	0.76282516893363
14.937342202292	0.76331291207429
14.885424925521	0.76380212061037
14.833867293419	0.76429279042829
14.782665581854	0.76478491738116
14.731816117936	0.76527849728871
14.681315279138	0.76577352593704
14.631159492435	0.76626999907852
14.581345233463	0.76676791243157
14.531869025691	0.76726726168054
14.482727439614	0.76776804247551
14.433917091960	0.76827025043212
14.385434644914	0.76877388113143
14.337276805356	0.76927893011967
14.289440324118	0.76978539290815
14.241921995249	0.77029326497303
14.194718655303	0.77080254175514
14.147827182633	0.77131321865980
14.101244496707	0.77182529105668
14.054967557431	0.77233875427952
14.008993364486	0.77285360362604
13.963318956684	0.77336983435770
13.917941411328	0.77388744169950
13.872857843591	0.77440642083982
13.828065405904	0.77492676693020
13.783561287356	0.77544847508517
13.739342713107	0.77597154038201
13.695406943810	0.77649595786062
13.651751275046	0.77702172252323
13.608373036768	0.77754882933427
13.565269592760	0.77807727322017
13.522438340099	0.77860704906908
13.479876708633	0.77913815173075
13.437582160466	0.77967057601628
13.395552189455	0.78020431669792
13.353784320713	0.78073936850886
13.312276110124	0.78127572614303
13.271025143869	0.78181338425487
13.230029037952	0.78235233745913
13.189285437747	0.78289258033067
13.148792017544	0.78343410740422
13.108546480105	0.78397691317418
13.068546556234	0.78452099209439
13.028790004346	0.78506633857794
12.989274610052	0.78561294699694
12.949998185745	0.78616081168228
12.910958570198	0.78670992692344
12.872153628167	0.78726028696827
12.833581250000	0.78781188602273
12.795239351259	0.78836471825074
12.757125872340	0.78891877777388
12.719238778108	0.78947405867122
12.681576057530	0.79003055497908
12.644135723323	0.79058826069082
12.606915811606	0.79114716975660
12.569914381551	0.79170727608316
12.533129515050	0.79226857353360
12.496559316382	0.79283105592715
12.460201911887	0.79339471703897
12.424055449648	0.79395955059988
12.388118099174	0.79452555029618
12.352388051092	0.79509270976941
12.316863516845	0.79566102261610
12.281542728390	0.79623048238758
12.246423937908	0.79680108258976
12.211505417515	0.79737281668286
12.176785458976	0.79794567808123
12.142262373431	0.79851966015311
12.107934491115	0.79909475622040
12.073800161095	0.79967095955845
12.039857751004	0.80024826339584
12.006105646776	0.80082666091411
11.972542252396	0.80140614524762
11.939165989646	0.80198670948326
11.905975297855	0.80256834666026
11.872968633663	0.80315104976994
11.840144470774	0.80373481175556
11.807501299724	0.80431962551201
11.775037627651	0.80490548388565
11.742751978065	0.80549237967408
11.710642890625	0.80608030562592
11.678708920919	0.80666925444059
11.646948640249	0.80725921876812
11.615360635413	0.80785019120889
11.583943508501	0.80844216431347
11.552695876686	0.80903513058236
11.521616372022	0.80962908246583
11.490703641242	0.81022401236366
11.459956345566	0.81081991262497
11.429373160503	0.81141677554800
11.398952775665	0.81201459337991
11.368693894577	0.81261335831656
11.338595234493	0.81321306250233
11.308655526217	0.81381369802992
11.278873513920	0.81441525694012
11.249247954972	0.81501773122165
11.219777619760	0.81562111281096
11.190461291527	0.81622539359200
11.161297766195	0.81683056539608
11.132285852209	0.81743662000165
11.103424370370	0.81804354913411
11.074712153676	0.81865134446563
11.046148047163	0.81925999761500
11.017730907755	0.81986950014738
10.989459604106	0.82047984357418
10.961333016453	0.82109101935285
10.933350036470	0.82170301888674
10.905509567115	0.82231583352489
10.877810522496	0.82292945456187
10.850251827723	0.82354387323762
10.822832418773	0.82415908073730
10.795551242348	0.82477506819110
10.768407255747	0.82539182667409
10.741399426729	0.82600934720606
10.714526733381	0.82662762075139
10.687788163993	0.82724663821887
10.661182716927	0.82786639046155
10.634709400497	0.82848686827663
10.608367232838	0.82910806240527
10.582155241793	0.82972996353249
10.556072464789	0.83035256228702
10.530117948718	0.83097584924116
10.504290749825	0.83159981491064
10.478589933590	0.83222444975454
10.453014574616	0.83284974417511
10.427563756522	0.83347568851769
10.402236571825	0.83410227307057
10.377032121841	0.83472948806489
10.351949516575	0.83535732367454
10.326987874612	0.83598577001602
10.302146323024	0.83661481714836
10.277423997257	0.83724445507305
10.252820041040	0.83787467373388
10.228333606278	0.83850546301692
10.203963852961	0.83913681275036
10.179709949066	0.83976871270451
10.155571070461	0.84040115259164
10.131546400811	0.84103412206597
10.107635131490	0.84166761072356
10.083836461487	0.84230160810225
10.060149597315	0.84293610368162
10.036573752929	0.84357108688290
10.013108149633	0.84420654706894
9.9897520159947	0.84484247354416
9.9665045877660	0.84547885555449
9.9433651077944	0.84611568228733
9.9203328259431	0.84675294287154
9.8974069990096	0.84739062637738
9.8745868906456	0.84802872181650
9.8518717712783	0.84866721814192
9.8292609180328	0.84930610424800
9.8067536146549	0.84994536897042
9.7843491514360	0.85058500108621
9.7620468251384	0.85122498931373
9.7398459389214	0.85186532231264
9.7177458022690	0.85250598868397
9.6957457309185	0.85314697697007
9.6738450467893	0.85378827565467
9.6520430779137	0.85442987316289
9.6303391583681	0.85507175786127
9.6087326282051	0.85571391805780
9.5872228333866	0.85635634200196
9.5658091257179	0.85699901788477
9.5444908627826	0.85764193383884
9.5232674078780	0.85828507793841
9.5021381299525	0.85892843819942
9.4811024035421	0.85957200257959
9.4601596087094	0.86021575897849
9.4393091309824	0.86085969523758
9.4185503612944	0.86150379914034
9.3978826959248	0.86214805841233
9.3773055364404	0.86279246072132
9.3568182896380	0.86343699367735
9.3364203674868	0.86408164483283
9.3161111870727	0.86472640168273
9.2958901705426	0.86537125166459
9.2757567450495	0.86601618215874
9.2557103426984	0.86666118048837
9.2357504004929	0.86730623391969
9.2158763602828	0.86795132966207
9.1960876687117	0.86859645486819
9.1763837771656	0.86924159663420
9.1567641417227	0.86988674199987
9.1372282231027	0.87053187794876
9.1177754866180	0.87117699140839
9.0984054021244	0.87182206925046
9.0791174439733	0.87246709829098
9.0599110909640	0.87311206529049
9.0407858262967	0.87375695695426
9.0217411375263	0.87440175993251
9.0027765165165	0.87504646082058
8.9838914593947	0.87569104615921
8.9650854665072	0.87633550243471
8.9463580423754	0.87697981607921
8.9277086956522	0.87762397347094
8.9091369390788	0.87826796093440
8.8906422894425	0.87891176474069
8.8722242675348	0.87955537110772
8.8538823981099	0.88019876620047
8.8356162098438	0.88084193613132
8.8174252352941	0.88148486696026
8.7993090108600	0.88212754469524
8.7812670767428	0.88276995529242
8.7632989769073	0.88341208465647
8.7454042590432	0.88405391864091
8.7275824745269	0.88469544304841
8.7098331783847	0.88533664363109
8.6921559292549	0.88597750609088
8.6745502893519	0.88661801607985
8.6570158244297	0.88725815920051
8.6395521037464	0.88789792100623
8.6221587000288	0.88853728700154
8.6048351894374	0.88917624264252
8.5875811515325	0.88981477333716
8.5703961692396	0.89045286444575
8.5532798288160	0.89109050128126
8.5362317198178	0.89172766910971
8.5192514350668	0.89236435315061
8.5023385706183	0.89300053857733
8.4854927257288	0.89363621051754
8.4687135028249	0.89427135405360
8.4520005074711	0.89490595422303
8.4353533483399	0.89553999601891
8.4187716371806	0.89617346439034
8.4022549887892	0.89680634424286
8.3858030209790	0.89743862043897
8.3694153545505	0.89807027779852
8.3530916132627	0.89870130109923
8.3368314238042	0.89933167507714
8.3206344157646	0.89996138442714
8.3045002216066	0.90059041380338
8.2884284766381	0.90121874781987
8.2724188189845	0.90184637105091
8.2564708895621	0.90247326803163
8.2405843320506	0.90309942325853
8.2247587928669	0.90372482118998
8.2089939211391	0.90434944624676
8.1932893686800	0.90497328281262
8.1776447899618	0.90559631523481
8.1620598420909	0.90621852782467
8.1465341847826	0.90683990485813
8.1310674803363	0.90746043057636
8.1156593936113	0.90808008918629
8.1003095920022	0.90869886486122
8.0850177454153	0.90931674174140
8.0697835262450	0.90993370393464
8.0546066093498	0.91054973551693
8.0394866720300	0.91116482053301
8.0244233940043	0.91177894299703
8.0094164573871	0.91239208689318
7.9944655466667	0.91300423617628
7.9795703486825	0.91361537477247
7.9647305526036	0.91422548657982
7.9499458499072	0.91483455546903
7.9352159343568	0.91544256528403
7.9205405019815	0.91604949984272
7.9059192510549	0.91665534293757
7.8913518820742	0.91726007833638
7.8768380977404	0.91786368978289
7.8623776029373	0.91846616099755
7.8479701047120	0.91906747567815
7.8336153122550	0.91966761750060
7.8193129368805	0.92026657011957
7.8050626920073	0.92086431716930
7.7908642931393	0.92146084226422
7.7767174578470	0.92205612899981
7.7626219057483	0.92265016095321
7.7485773584906	0.92324292168408
7.7345835397317	0.92383439473527
7.7206401751223	0.92442456363364
7.7067469922879	0.92501341189079
7.6929037208109	0.92560092300384
7.6791100922131	0.92618708045621
7.6653658399386	0.92677186771841
7.6516706993364	0.92735526824882
7.6380244076433	0.92793726549450
7.6244267039674	0.92851784289196
7.6108773292714	0.92909698386803
7.5973760263558	0.92967467184058
7.5839225398432	0.93025089021945
7.5705166161616	0.93082562240718
7.5571580035291	0.93139885179990
7.5438464519376	0.93197056178812
7.5305817131374	0.93254073575764
7.5173635406219	0.93310935709031
7.5041916896120	0.93367640916494
7.4910659170415	0.93424187535817
7.4779859815415	0.93480573904526
7.4649516434263	0.93536798360105
7.4519626646781	0.93592859240076
7.4390188089330	0.93648754882090
7.4261198414664	0.93704483624016
7.4132655291790	0.93760043804028
7.4004556405826	0.93815433760695
7.3876899457861	0.93870651833071
7.3749682164822	0.93925696360784
7.3622902259332	0.93980565684128
7.3496557489581	0.94035258144156
7.3370645619187	0.94089772082766
7.3245164427071	0.94144105842797
7.3120111707317	0.94198257768123
7.2995485269053	0.94252226203740
7.2871282936315	0.94306009495865
7.2747502547925	0.94359605992028
7.2624141957364	0.94413014041163
7.2501199032648	0.94466231993707
7.2378671656205	0.94519258201692
7.2256557724753	0.94572091018840
7.2134855149182	0.94624728800660
7.2013561854432	0.94677169904543
7.1892675779376	0.94729412689859
7.1772194876706	0.94781455518053
7.1652117112811	0.94833296752739
7.1532440467669	0.94884934759805
7.1413162934731	0.94936367907500
7.1294282520809	0.94987594566540
7.1175797245964	0.95038613110204
7.1057705143399	0.95089421914430
7.0940004259347	0.95140019357914
7.0822692652965	0.95190403822213
7.0705768396226	0.95240573691839
7.0589229573817	0.95290527354360
7.0473074283028	0.95340263200501
7.0357300633654	0.95389779624241
7.0241906747891	0.95439075022917
7.0126890760234	0.95488147797320
7.0012250817375	0.95536996351797
6.9897985078107	0.95585619094352
6.9784091713222	0.95634014436747
6.9670568905415	0.95682180794599
6.9557414849188	0.95730116587487
6.9444627750753	0.95777820239050
6.9332205827937	0.95825290177086
6.9220147310090	0.95872524833657
6.9108450437990	0.95919522645189
6.8997113463751	0.95966282052574
6.8886134650735	0.96012801501270
6.8775512273457	0.96059079441404
6.8665244617499	0.96105114327873
6.8555329979419	0.96150904620447
6.8445766666667	0.96196448783869
6.8336552997493	0.96241745287958
6.8227687300865	0.96286792607711
6.8119167916383	0.96331589223404
6.8010993194192	0.96376133620693
6.7903161494904	0.96420424290718
6.7795671189507	0.96464459730203
6.7688520659291	0.96508238441558
6.7581708295762	0.96551758932981
6.7475232500563	0.96595019718559
6.7369091685393	0.96638019318370
6.7263284271932	0.96680756258584
6.7157808691756	0.96723229071565
6.7052663386267	0.96765436295969
6.6947846806610	0.96807376476851
6.6843357413601	0.96849048165760
6.6739193677649	0.96890449920842
6.6635354078684	0.96931580306941
6.6531837106081	0.96972437895700
6.6428641258586	0.97013021265658
6.6325765044248	0.97053329002353
6.6223206980340	0.97093359698421
6.6120965593295	0.97133111953695
6.6019039418630	0.97172584375305
6.5917427000879	0.97211775577776
6.5816126893524	0.97250684183128
6.5715137658922	0.97289308820972
6.5614457868243	0.97327648128614
6.5514086101399	0.97365700751145
6.5414020946978	0.97403465341544
6.5314261002179	0.97440940560776
6.5214804872743	0.97478125077884
6.5115651172893	0.97515017570091
6.5016798525266	0.97551616722891
6.4918245560849	0.97587921230149
6.4819990918919	0.97623929794197
6.4722033246978	0.97659641125925
6.4624371200690	0.97695053944879
6.4527003443823	0.97730166979353
6.4429928648184	0.97764978966486
6.4333145493562	0.97799488652352
6.4236652667667	0.97833694792056
6.4140448866068	0.97867596149825
6.4044532792138	0.97901191499098
6.3948903156997	0.97934479622623
6.3853558679446	0.97967459312543
6.3758498085921	0.98000129370487
6.3663720110427	0.98032488607664
6.3569223494487	0.98064535844949
6.3475006987084	0.98096269912970
6.3381069344609	0.98127689652204
6.3287409330800	0.98158793913057
6.3194025716695	0.98189581555954
6.3100917280572	0.98220051451428
6.3008082807902	0.98250202480201
6.2915521091291	0.98280033533276
6.2823230930427	0.98309543512015
6.2731211132036	0.98338731328228
6.2639460509820	0.98367595904256
6.2547977884415	0.98396136173051
6.2456762083333	0.98424351078261
6.2365811940919	0.98452239574311
6.2275126298297	0.98479800626482
6.2184704003319	0.98507033210995
6.2094543910522	0.98533936315086
6.2004644881075	0.98560508937088
6.1915005782734	0.98586750086509
6.1825625489792	0.98612658784105
6.1736502883031	0.98638234061962
6.1647636849681	0.98663474963569
6.1559026283368	0.98688380543893
6.1470670084068	0.98712949869455
6.1382567158067	0.98737182018400
6.1294716417910	0.98761076080572
6.1207116782360	0.98784631157586
6.1119767176351	0.98807846362899
6.1032666530945	0.98830720821878
6.0945813783289	0.98853253671872
6.0859207876573	0.98875444062278
6.0772847759984	0.98897291154611
6.0686732388664	0.98918794122570
6.0600860723671	0.98939952152101
6.0515231731934	0.98960764441468
6.0429844386212	0.98981230201310
6.0344697665056	0.99001348654711
6.0259790552764	0.99021119037256
6.0175122039342	0.99040540597096
6.0090691120465	0.99059612595010
6.0006496797438	0.99078334304460
5.9922538077154	0.99096705011651
5.9838813972056	0.99114724015592
5.9755323500100	0.99132390628147
5.9672065684713	0.99149704174095
5.9589039554760	0.99166663991184
5.9506244144502	0.99183269430182
5.9423678493558	0.99199519854934
5.9341341646873	0.99215414642408
5.9259232654675	0.99230953182754
5.9177350572444	0.99246134879343
5.9095694460871	0.99260959148826
5.9014263385827	0.99275425421173
5.8933056418321	0.99289533139728
5.8852072634472	0.99303281761247
5.8771311115468	0.99316670755947
5.8690770947533	0.99329699607547
5.8610451221896	0.99342367813312
5.8530351034752	0.99354674884096
5.8450469487229	0.99366620344376
5.8370805685358	0.99378203732301
5.8291358740035	0.99389424599718
5.8212127766990	0.99400282512220
5.8133111886756	0.99410777049177
5.8054310224632	0.99420907803770
5.7975721910656	0.99430674383027
5.7897346079567	0.99440076407853
5.7819181870781	0.99449113513065
5.7741228428351	0.99457785347421
5.7663484900942	0.99466091573646
5.7585950441798	0.99474031868466
5.7508624208709	0.99481605922631
5.7431505363985	0.99488813440941
5.7354593074421	0.99495654142272
5.7277886511272	0.99502127759602
5.7201384850219	0.99508234040026
5.7125087271341	0.99513972744786
5.7048992959087	0.99519343649286
5.6973101102242	0.99524346543112
5.6897410893908	0.99528981230050
5.6821921531463	0.99533247528104
5.6746632216544	0.99537145269509
5.6671542155009	0.99540674300748
5.6596650556919	0.99543834482563
5.6521956636501	0.99546625689970
5.6447459612126	0.99549047812265
5.6373158706281	0.99551100753039
5.6299053145540	0.99552784430183
5.6225142160540	0.99554098775898
5.6151424985952	0.99555043736698
5.6077900860456	0.99555619273419
5.6004569026714	0.99555825361217
5.5931428731343	0.99555661989579
5.5858479224893	0.99555129162315
5.5785719761816	0.99554226897568
5.5713149600446	0.99552955227803
5.5640768002970	0.99551314199815
5.5568574235403	0.99549303874717
5.5496567567568	0.99546924327942
5.5424747273063	0.99544175649234
5.5353112629247	0.99541057942642
5.5281662917204	0.99537571326512
5.5210397421731	0.99533715933479
5.5139315431304	0.99529491910456
5.5068416238060	0.99524899418619
5.4997699137773	0.99519938633403
5.4927163429828	0.99514609744479
5.4856808417200	0.99508912955744
5.4786633406433	0.99502848485303
5.4716637707611	0.99496416565454
5.4646820634342	0.99489617442667
5.4577181503732	0.99482451377565
5.4507719636364	0.99474918644905
5.4438434356274	0.99467019533552
5.4369324990932	0.99458754346461
5.4300390871219	0.99450123400650
5.4231631331404	0.99441127027172
5.4163045709124	0.99431765571095
5.4094633345363	0.99422039391469
5.4026393584430	0.99411948861300
5.3958325773938	0.99401494367515
5.3890429264785	0.99390676310941
5.3822703411131	0.99379495106261
5.3755147570378	0.99367951181991
5.3687761103152	0.99356044980436
5.3620543373278	0.99343776957665
5.3553493747767	0.99331147583464
5.3486611596789	0.99318157341306
5.3419896293656	0.99304806728308
5.3353347214807	0.99291096255193
5.3286963739780	0.99277026446246
5.3220745251198	0.99262597839278
5.3154691134752	0.99247810985577
5.3088800779175	0.99232666449865
5.3023073576229	0.99217164810255
5.2957508920685	0.99201306658203
5.2892106210303	0.99185092598461
5.2826864845815	0.99168523249027
5.2761784230905	0.99151599241099
5.2696863772192	0.99134321219022
5.2632102879213	0.99116689840235
5.2567500964405	0.99098705775223
5.2503057443082	0.99080369707460
5.2438771733427	0.99061682333355
5.2374643256464	0.99042644362196
5.2310671436050	0.99023256516097
5.2246855698850	0.99003519529935
5.2183195474326	0.98983434151296
5.2119690194715	0.98963001140414
5.2056339295016	0.98942221270109
5.1993142212973	0.98921095325728
5.1930098389052	0.98899624105083
5.1867207266436	0.98877808418386
5.1804468290997	0.98855649088184
5.1741880911288	0.98833146949299
5.1679444578521	0.98810302848755
5.1617158746556	0.98787117645717
5.1555022871883	0.98763592211420
5.1493036413604	0.98739727429104
5.1431198833419	0.98715524193937
5.1369509595613	0.98690983412955
5.1307968167037	0.98666106004983
5.1246574017094	0.98640892900565
5.1185326617722	0.98615345041893
5.1124225443383	0.98589463382730
5.1063269971044	0.98563248888341
5.1002459680163	0.98536702535410
5.0941794052676	0.98509825311971
5.0881272572980	0.98482618217328
5.0820894727920	0.98455082261977
5.0760660006773	0.98427218467528
5.0700567901235	0.98399027866627
5.0640617905405	0.98370511502875
5.0580809515775	0.98341670430748
5.0521142231210	0.98312505715514
5.0461615552937	0.98283018433154
5.0402228984533	0.98253209670277
5.0342982031906	0.98223080524038
5.0283874203287	0.98192632102050
5.0224905009214	0.98161865522307
5.0166073962517	0.98130781913091
5.0107380578305	0.98099382412889
5.0048824373957	0.98067668170307
4.9990404869101	0.98035640343982
4.9932121585610	0.98003300102494
4.9873974047579	0.97970648624277
4.9815961781323	0.97937687097531
4.9758084315353	0.97904416720132
4.9700341180371	0.97870838699540
4.9642731909256	0.97836954252713
4.9585256037049	0.97802764606009
4.9527913100942	0.97768270995099
4.9470702640264	0.97733474664875
4.9413624196473	0.97698376869353
4.9356677313138	0.97662978871583
4.9299861535932	0.97627281943555
4.9243176412615	0.97591287366102
4.9186621493027	0.97554996428810
4.9130196329072	0.97518410429919
4.9073900474709	0.97481530676226
4.9017733485939	0.97444358482996
4.8961694920790	0.97406895173856
4.8905784339315	0.97369142080706
4.8850001303569	0.97331100543619
4.8794345377604	0.97292771910743
4.8738816127459	0.97254157538201
4.8683413121143	0.97215258789998
4.8628135928629	0.97176077037917
4.8572984121841	0.97136613661425
4.8517957274640	0.97096870047568
4.8463054962819	0.97056847590876
4.8408276764088	0.97016547693263
4.8353622258065	0.96975971763923
4.8299091026261	0.96935121219233
4.8244682652076	0.96893997482653
4.8190396720784	0.96852601984622
4.8136232819525	0.96810936162459
4.8082190537289	0.96769001460261
4.8028269464915	0.96726799328802
4.7974469195071	0.96684331225430
4.7920789322251	0.96641598613967
4.7867229442759	0.96598602964608
4.7813789154705	0.96555345753812
4.7760468057989	0.96511828464210
4.7707265754297	0.96468052584493
4.7654181847083	0.96424019609315
4.7601215941569	0.96379731039190
4.7548367644726	0.96335188380386
4.7495636565272	0.96290393144826
4.7443022313657	0.96245346849983
4.7390524502055	0.96200051018777
4.7338142744355	0.96154507179472
4.7285876656151	0.96108716865573
4.7233725854735	0.96062681615727
4.7181689959081	0.96016402973610
4.7129768589844	0.95969882487836
4.7077961369347	0.95923121711846
4.7026267921569	0.95876122203805
4.6974687872140	0.95828885526505
4.6923220848333	0.95781413247256
4.6871866479049	0.95733706937786
4.6820624394815	0.95685768174137
4.6769494227769	0.95637598536563
4.6718475611657	0.95589199609430
4.6667568181818	0.95540572981107
4.6616771575183	0.95491720243870
4.6566085430258	0.95442642993796
4.6515509387122	0.95393342830663
4.6465043087415	0.95343821357847
4.6414686174330	0.95294080182221
4.6364438292607	0.95244120914052
4.6314299088522	0.95193945166901
4.6264268209877	0.95143554557520
4.6214345305997	0.95092950705755
4.6164530027718	0.95042135234440
4.6114822027380	0.94991109769299
4.6065220958820	0.94939875938846
4.6015726477360	0.94888435374287
4.5966338239804	0.94836789709413
4.5917055904426	0.94784940580508
4.5867879130967	0.94732889626247
4.5818807580621	0.94680638487595
4.5769840916031	0.94628188807713
4.5720978801281	0.94575542231855
4.5672220901889	0.94522700407271
4.5623566884797	0.94469664983112
4.5575016418364	0.94416437610330
4.5526569172361	0.94363019941581
4.5478224817961	0.94309413631131
4.5429983027731	0.94255620334755
4.5381843475628	0.94201641709645
4.5333805836988	0.94147479414314
4.5285869788520	0.94093135108500
4.5238035008299	0.94038610453069
4.5190301175761	0.93983907109927
4.5142667971691	0.93929026741919
4.5095135078219	0.93873971012739
4.5047702178813	0.93818741586838
4.5000368958271	0.93763340129329
4.4953135102714	0.93707768305896
4.4906000299581	0.93652027782702
4.4858964237618	0.93596120226298
4.4812026606876	0.93540047303533
4.4765187098701	0.93483810681462
4.4718445405728	0.93427412027257
4.4671801221875	0.93370853008119
4.4625254242334	0.93314135291188
4.4578804163569	0.93257260543455
4.4532450683304	0.93200230431674
4.4486193500519	0.93143046622274
4.4440032315446	0.93085710781277
4.4393966829557	0.93028224574204
4.4347996745562	0.92970589665998
4.4302121767401	0.92912807720932
4.4256341600236	0.92854880402529
4.4210655950450	0.92796809373476
4.4165064525633	0.92738596295542
4.4119567034584	0.92680242829495
4.4074163187298	0.92621750635017
4.4028852694963	0.92563121370629
4.3983635269953	0.92504356693605
4.3938510625824	0.92445458259891
4.3893478477306	0.92386427724030
4.3848538540295	0.92327266739078
4.3803690531853	0.92267976956530
4.3758934170194	0.92208560026239
4.3714269174686	0.92149017596340
4.3669695265841	0.92089351313173
4.3625212165309	0.92029562821208
4.3580819595871	0.91969653762969
4.3536517281441	0.91909625778961
4.3492304947048	0.91849480507591
4.3448182318841	0.91789219585104
4.3404149124077	0.91728844645500
4.3360205091119	0.91668357320471
4.3316349949429	0.91607759239322
4.3272583429561	0.91547052028907
4.3228905263158	0.91486237313556
4.3185315182944	0.91425316715004
4.3141812922723	0.91364291852328
4.3098398217366	0.91303164341874
4.3055070802815	0.91241935797190
4.3011830416069	0.91180607828965
4.2968676795184	0.91119182044957
4.2925609679267	0.91057660049931
4.2882628808468	0.90996043445594
4.2839733923978	0.90934333830534
4.2796924768023	0.90872532800151
4.2754201083856	0.90810641946602
4.2711562615757	0.90748662858735
4.2669009109024	0.90686597122028
4.2626540309967	0.90624446318533
4.2584155965909	0.90562212026813
4.2541855825174	0.90499895821885
4.2499639637085	0.90437499275160
4.2457507151961	0.90375023954392
4.2415458121109	0.90312471423612
4.2373492296820	0.90249843243082
4.2331609432364	0.90187140969233
4.2289809281986	0.90124366154617
4.2248091600902	0.90061520347847
4.2206456145291	0.89998605093550
4.2164902672293	0.89935621932309
4.2123430940003	0.89872572400621
4.2082040707468	0.89809458030836
4.2040731734680	0.89746280351114
4.1999503782572	0.89683040885375
4.1958356613016	0.89619741153250
4.1917289988814	0.89556382670030
4.1876303673697	0.89492966946628
4.1835397432319	0.89429495489523
4.1794571030252	0.89365969800722
4.1753824233983	0.89302391377711
4.1713156810909	0.89238761713415
4.1672568529330	0.89175082296151
4.1632059158450	0.89111354609588
4.1591628468368	0.89047580132704
4.1551276230076	0.88983760339748
4.1511002215453	0.88919896700196
4.1470806197261	0.88855990678714
4.1430687949143	0.88792043735119
4.1390647245616	0.88728057324340
4.1350683862069	0.88664032896383
4.1310797574755	0.88599971896292
4.1270988160793	0.88535875764113
4.1231255398157	0.88471745934863
4.1191599065677	0.88407583838490
4.1152018943034	0.88343390899846
4.1112514810752	0.88279168538647
4.1073086450199	0.88214918169446
4.1033733643581	0.88150641201599
4.0994456173937	0.88086339039236
4.0955253825137	0.88022013081230
4.0916126381875	0.87957664721167
4.0877073629670	0.87893295347319
4.0838095354856	0.87828906342614
4.0799191344584	0.87764499084613
4.0760361386812	0.87700074945476
4.0721605270307	0.87635635291945
4.0682922784638	0.87571181485312
4.0644313720174	0.87506714881399
4.0605777868075	0.87442236830531
4.0567315020298	0.87377748677516
4.0528924969582	0.87313251761618
4.0490607509454	0.87248747416542
4.0452362434219	0.87184236970407
4.0414189538959	0.87119721745729
4.0376088619529	0.87055203059399
4.0338059472551	0.86990682222666
4.0300101895416	0.86926160541119
4.0262215686274	0.86861639314666
4.0224400644036	0.86797119837519
4.0186656568365	0.86732603398181
4.0148983259676	0.86668091279422
4.0111380519133	0.86603584758272
4.0073848148643	0.86539085106003
4.0036385950855	0.86474593588115
3.9998993729153	0.86410111464321
3.9961671287657	0.86345639988539
3.9924418431216	0.86281180408878
3.9887234965407	0.86216733967624
3.9850120696531	0.86152301901232
3.9813075431607	0.86087885440316
3.9776098978373	0.86023485809638
3.9739191145281	0.85959104228099
3.9702351741491	0.85894741908733
3.9665580576872	0.85830400058695
3.9628877461996	0.85766079879259
3.9592242208135	0.85701782565806
3.9555674627260	0.85637509307823
3.9519174532033	0.85573261288893
3.9482741735809	0.85509039686694
3.9446376052632	0.85444845672992
3.9410077297226	0.85380680413636
3.9373845285001	0.85316545068560
3.9337679832043	0.85252440791776
3.9301580755113	0.85188368731371
3.9265547871644	0.85124330029508
3.9229580999738	0.85060325822427
3.9193679958164	0.84996357240436
3.9157844566353	0.84932425407921
3.9122074644395	0.84868531443339
3.9086370013038	0.84804676459223
3.9050730493682	0.84740861562181
3.9015155908381	0.84677087852901
3.8979646079834	0.84613356426149
3.8944200831385	0.84549668370776
3.8908819987021	0.84486024769718
3.8873503371369	0.84422426700005
3.8838250809690	0.84358875232758
3.8803062127880	0.84295371433200
3.8767937152463	0.84231916360658
3.8732875710594	0.84168511068570
3.8697877630050	0.84105156604491
3.8662942739231	0.84041854010098
3.8628070867156	0.83978604321200
3.8593261843460	0.83915408567743
3.8558515498392	0.83852267773818
3.8523831662812	0.83789182957671
3.8489210168186	0.83726155131711
3.8454650846588	0.83663185302516
3.8420153530693	0.83600274470848
3.8385718053777	0.83537423631659
3.8351344249712	0.83474633774103
3.8317031952965	0.83411905881544
3.8282780998595	0.83349240931570
3.8248591222251	0.83286639896005
3.8214462460166	0.83224103740917
3.8180394549159	0.83161633426634
3.8146387326632	0.83099229907753
3.8112440630562	0.83036894133155
3.8078554299505	0.82974627046019
3.8044728172589	0.82912429583834
3.8010962089514	0.82850302678411
3.7977255890550	0.82788247255901
3.7943609416530	0.82726264236808
3.7910022508852	0.82664354536002
3.7876495009476	0.82602519062736
3.7843026760919	0.82540758720662
3.7809617606256	0.82479074407843
3.7776267389113	0.82417467016775
3.7742975953670	0.82355937434396
3.7709743144654	0.82294486542109
3.7676568807339	0.82233115215795
3.7643452787544	0.82171824325831
3.7610394931627	0.82110614737108
3.7577395086488	0.82049487309046
3.7544453099562	0.81988442895617
3.7511568818819	0.81927482345356
3.7478742092762	0.81866606501387
3.7445972770422	0.81805816201433
3.7413260701360	0.81745112277844
3.7380605735661	0.81684495557607
3.7348007723932	0.81623966862373
3.7315466517301	0.81563527008469
3.7282981967417	0.81503176806925
3.7250553926441	0.81442917063487
3.7218182247052	0.81382748578640
3.7185866782436	0.81322672147632
3.7153607386293	0.81262688560484
3.7121403912828	0.81202798602023
3.7089256216751	0.81143003051892
3.7057164153276	0.81083302684577
3.7025127578115	0.81023698269426
3.6993146347483	0.80964190570670
3.6961220318087	0.80904780347444
3.6929349347130	0.80845468353809
3.6897533292308	0.80786255338775
3.6865772011805	0.80727142046318
3.6834065364295	0.80668129215407
3.6802413208937	0.80609217580021
3.6770815405372	0.80550407869177
3.6739271813725	0.80491700806944
3.6707782294600	0.80433097112473
3.6676346709078	0.80374597500015
3.6644964918714	0.80316202678944
3.6613636785540	0.80257913353780
3.6582362172056	0.80199730224210
3.6551140941234	0.80141653985112
3.6519972956511	0.80083685326579
3.6488858081792	0.80025824933939
3.6457796181442	0.79968073487777
3.6426787120292	0.79910431663961
3.6395830763628	0.79852900133665
3.6364926977196	0.79795479563386
3.6334075627197	0.79738170614976
3.6303276580286	0.79680973945656
3.6272529703569	0.79623890208045
3.6241834864603	0.79566920050182
3.6211191931393	0.79510064115544
3.6180600772387	0.79453323043078
3.6150061256481	0.79396697467215
3.6119573253012	0.79340188017899
3.6089136631756	0.79283795320607
3.6058751262930	0.79227519996375
3.6028417017185	0.79171362661815
3.5998133765610	0.79115323929146
3.5967901379724	0.79059404406210
3.5937719731479	0.79003604696500
3.5907588693257	0.78947925399177
3.5877508137865	0.78892367109101
3.5847477938539	0.78836930416844
3.5817497968937	0.78781615908723
3.5787568103140	0.78726424166814
3.5757688215649	0.78671355768978
3.5727858181385	0.78616411288887
3.5698077875685	0.78561591296041
3.5668347174301	0.78506896355791
3.5638665953400	0.78452327029366
3.5609034089559	0.78397883873890
3.5579451459767	0.78343567442409
3.5549917941421	0.78289378283907
3.5520433412322	0.78235316943334
3.5490997750681	0.78181383961625
3.5461610835108	0.78127579875723
3.5432272544616	0.78073905218597
3.5402982758621	0.78020360519270
3.5373741356932	0.77966946302834
3.5344548219759	0.77913663090478
3.5315403227706	0.77860511399502
3.5286306261770	0.77807491743345
3.5257257203340	0.77754604631600
3.5228255934195	0.77701850570039
3.5199302336503	0.77649230060632
3.5170396292820	0.77596743601570
3.5141537686086	0.77544391687280
3.5112726399625	0.77492174808453
3.5083962317145	0.77440093452055
3.5055245322732	0.77388148101356
3.5026575300853	0.77336339235945
3.4997952136353	0.77284667331749
3.4969375714452	0.77233132861057
3.4940845920746	0.77181736292533
3.4912362641202	0.77130478091242
3.4883925762160	0.77079358718664
3.4855535170329	0.77028378632715
3.4827190752788	0.76977538287765
3.4798892396982	0.76926838134657
3.4770639990721	0.76876278620727
3.4742433422181	0.76825860189817
3.4714272579898	0.76775583282300
3.4686157352771	0.76725448335091
3.4658087630058	0.76675455781669
3.4630063301375	0.76625606052093
3.4602084256694	0.76575899573020
3.4574150386345	0.76526336767720
3.4546261581009	0.76476918056094
3.4518417731721	0.76427643854692
3.4490618729867	0.76378514576727
3.4462864467180	0.76329530632091
3.4435154835745	0.76280692427373
3.4407489727993	0.76232000365875
3.4379869036697	0.76183454847624
3.4352292654979	0.76135056269392
3.4324760476300	0.76086805024706
3.4297272394463	0.76038701503866
3.4269828303612	0.75990746093962
3.4242428098230	0.75942939178881
3.4215071673134	0.75895281139329
3.4187758923480	0.75847772352840
3.4160489744758	0.75800413193792
3.4133264032791	0.75753204033419
3.4106081683732	0.75706145239824
3.4078942594066	0.75659237177996
3.4051846660609	0.75612480209816
3.4024793780502	0.75565874694076
3.3997783851213	0.75519420986487
3.3970816770538	0.75473119439692
3.3943892436594	0.75426970403280
3.3917010747822	0.75380974223793
3.3890171602984	0.75335131244744
3.3863374901163	0.75289441806619
3.3836620541761	0.75243906246898
3.3809908424495	0.75198524900056
3.3783238449403	0.75153298097580
3.3756610516834	0.75108226167977
3.3730024527453	0.75063309436782
3.3703480382237	0.75018548226570
3.3676977982476	0.74973942856963
3.3650517229768	0.74929493644642
3.3624098026021	0.74885200903352
3.3597720273451	0.74841064943916
3.3571383874580	0.74797086074235
3.3545088732237	0.74753264599304
3.3518834749553	0.74709600821217
3.3492621829963	0.74666095039171
3.3466449877205	0.74622747549478
3.3440318795315	0.74579558645570
3.3414228488631	0.74536528618006
3.3388178861789	0.74493657754478
3.3362169819720	0.74450946339818
3.3336201267653	0.74408394656001
3.3310273111111	0.74366002982157
