#Parameters = {thARC=0.4; nARC=1.75; thsub=1; p=1; nSub=3.5}
#"Wavelength / um"	"T (561) [Real Part]"
#---------------------------------------
14.989622900000	0.70949250013769
14.937342202292	0.70965053556716
14.885424925521	0.70980809132057
14.833867293419	0.70996518029328
14.782665581854	0.71012181530352
14.731816117936	0.71027800909177
14.681315279138	0.71043377432015
14.631159492435	0.71058912357182
14.581345233463	0.71074406935050
14.531869025691	0.71089862407981
14.482727439614	0.71105280010284
14.433917091960	0.71120660968156
14.385434644914	0.71136006499635
14.337276805356	0.71151317814551
14.289440324118	0.71166596114479
14.241921995249	0.71181842592691
14.194718655303	0.71197058434115
14.147827182633	0.71212244815288
14.101244496707	0.71227402904320
14.054967557431	0.71242533860848
14.008993364486	0.71257638836004
13.963318956684	0.71272718972370
13.917941411328	0.71287775403951
13.872857843591	0.71302809256133
13.828065405904	0.71317821645656
13.783561287356	0.71332813680579
13.739342713107	0.71347786460250
13.695406943810	0.71362741075281
13.651751275046	0.71377678607513
13.608373036768	0.71392600129999
13.565269592760	0.71407506706973
13.522438340099	0.71422399393829
13.479876708633	0.71437279237098
13.437582160466	0.71452147274426
13.395552189455	0.71467004534560
13.353784320713	0.71481852037323
13.312276110124	0.71496690793600
13.271025143869	0.71511521805322
13.230029037952	0.71526346065453
13.189285437747	0.71541164557974
13.148792017544	0.71555978257874
13.108546480105	0.71570788131136
13.068546556234	0.71585595134729
13.028790004346	0.71600400216602
12.989274610052	0.71615204315671
12.949998185745	0.71630008361819
12.910958570198	0.71644813275887
12.872153628167	0.71659619969671
12.833581250000	0.71674429345921
12.795239351259	0.71689242298339
12.757125872340	0.71704059711575
12.719238778108	0.71718882461233
12.681576057530	0.71733711413870
12.644135723323	0.71748547426999
12.606915811606	0.71763391349092
12.569914381551	0.71778244019587
12.533129515050	0.71793106268891
12.496559316382	0.71807978918391
12.460201911887	0.71822862780458
12.424055449648	0.71837758658459
12.388118099174	0.71852667346764
12.352388051092	0.71867589630758
12.316863516845	0.71882526286857
12.281542728390	0.71897478082513
12.246423937908	0.71912445776234
12.211505417515	0.71927430117596
12.176785458976	0.71942431847260
12.142262373431	0.71957451696986
12.107934491115	0.71972490389654
12.073800161095	0.71987548639279
12.039857751004	0.72002627151031
12.006105646776	0.72017726621258
11.972542252396	0.72032847737502
11.939165989646	0.72047991178523
11.905975297855	0.72063157614322
11.872968633663	0.72078347706164
11.840144470774	0.72093562106599
11.807501299724	0.72108801459494
11.775037627651	0.72124066400051
11.742751978065	0.72139357554837
11.710642890625	0.72154675541812
11.678708920919	0.72170020970353
11.646948640249	0.72185394441287
11.615360635413	0.72200796546918
11.583943508501	0.72216227871058
11.552695876686	0.72231688989056
11.521616372022	0.72247180467831
11.490703641242	0.72262702865903
11.459956345566	0.72278256733428
11.429373160503	0.72293842612227
11.398952775665	0.72309461035825
11.368693894577	0.72325112529480
11.338595234493	0.72340797610225
11.308655526217	0.72356516786898
11.278873513920	0.72372270560180
11.249247954972	0.72388059422635
11.219777619760	0.72403883858743
11.190461291527	0.72419744344942
11.161297766195	0.72435641349663
11.132285852209	0.72451575333372
11.103424370370	0.72467546748609
11.074712153676	0.72483556040029
11.046148047163	0.72499603644440
11.017730907755	0.72515689990848
10.989459604106	0.72531815500496
10.961333016453	0.72547980586907
10.933350036470	0.72564185655928
10.905509567115	0.72580431105769
10.877810522496	0.72596717327053
10.850251827723	0.72613044702856
10.822832418773	0.72629413608749
10.795551242348	0.72645824412851
10.768407255747	0.72662277475864
10.741399426729	0.72678773151128
10.714526733381	0.72695311784660
10.687788163993	0.72711893715206
10.661182716927	0.72728519274283
10.634709400497	0.72745188786230
10.608367232838	0.72761902568252
10.582155241793	0.72778660930474
10.556072464789	0.72795464175979
10.530117948718	0.72812312600868
10.504290749825	0.72829206494300
10.478589933590	0.72846146138547
10.453014574616	0.72863131809039
10.427563756522	0.72880163774416
10.402236571825	0.72897242296579
10.377032121841	0.72914367630739
10.351949516575	0.72931540025465
10.326987874612	0.72948759722742
10.302146323024	0.72966026958013
10.277423997257	0.72983341960238
10.252820041040	0.73000704951940
10.228333606278	0.73018116149260
10.203963852961	0.73035575762008
10.179709949066	0.73053083993716
10.155571070461	0.73070641041689
10.131546400811	0.73088247097055
10.107635131490	0.73105902344826
10.083836461487	0.73123606963943
10.060149597315	0.73141361127330
10.036573752929	0.73159165001952
10.013108149633	0.73177018748865
9.9897520159947	0.73194922523267
9.9665045877660	0.73212876474557
9.9433651077944	0.73230880746386
9.9203328259431	0.73248935476711
9.8974069990096	0.73267040797848
9.8745868906456	0.73285196836530
9.8518717712783	0.73303403713955
9.8292609180328	0.73321661545846
9.8067536146549	0.73339970442503
9.7843491514360	0.73358330508857
9.7620468251384	0.73376741844526
9.7398459389214	0.73395204543869
9.7177458022690	0.73413718696038
9.6957457309185	0.73432284385039
9.6738450467893	0.73450901689779
9.6520430779137	0.73469570684127
9.6303391583681	0.73488291436968
9.6087326282051	0.73507064012253
9.5872228333866	0.73525888469058
9.5658091257179	0.73544764861641
9.5444908627826	0.73563693239490
9.5232674078780	0.73582673647384
9.5021381299525	0.73601706125447
9.4811024035421	0.73620790709198
9.4601596087094	0.73639927429613
9.4393091309824	0.73659116313174
9.4185503612944	0.73678357381928
9.3978826959248	0.73697650653536
9.3773055364404	0.73716996141337
9.3568182896380	0.73736393854392
9.3364203674868	0.73755843797546
9.3161111870727	0.73775345971481
9.2958901705426	0.73794900372769
9.2757567450495	0.73814506993926
9.2557103426984	0.73834165823468
9.2357504004929	0.73853876845966
9.2158763602828	0.73873640042098
9.1960876687117	0.73893455388703
9.1763837771656	0.73913322858837
9.1567641417227	0.73933242421824
9.1372282231027	0.73953214043315
9.1177754866180	0.73973237685333
9.0984054021244	0.73993313306336
9.0791174439733	0.74013440861264
9.0599110909640	0.74033620301595
9.0407858262967	0.74053851575395
9.0217411375263	0.74074134627376
9.0027765165165	0.74094469398946
8.9838914593947	0.74114855828260
8.9650854665072	0.74135293850276
8.9463580423754	0.74155783396806
8.9277086956522	0.74176324396565
8.9091369390788	0.74196916775230
8.8906422894425	0.74217560455486
8.8722242675348	0.74238255357080
8.8538823981099	0.74259001396870
8.8356162098438	0.74279798488882
8.8174252352941	0.74300646544356
8.7993090108600	0.74321545471797
8.7812670767428	0.74342495177030
8.7632989769073	0.74363495563245
8.7454042590432	0.74384546531054
8.7275824745269	0.74405647978534
8.7098331783847	0.74426799801280
8.6921559292549	0.74448001892458
8.6745502893519	0.74469254142849
8.6570158244297	0.74490556440901
8.6395521037464	0.74511908672778
8.6221587000288	0.74533310722409
8.6048351894374	0.74554762471534
8.5875811515325	0.74576263799757
8.5703961692396	0.74597814584589
8.5532798288160	0.74619414701499
8.5362317198178	0.74641064023963
8.5192514350668	0.74662762423504
8.5023385706183	0.74684509769748
8.4854927257288	0.74706305930466
8.4687135028249	0.74728150771621
8.4520005074711	0.74750044157415
8.4353533483399	0.74771985950333
8.4187716371806	0.74793976011191
8.4022549887892	0.74816014199183
8.3858030209790	0.74838100371919
8.3694153545505	0.74860234385479
8.3530916132627	0.74882416094451
8.3368314238042	0.74904645351977
8.3206344157646	0.74926922009798
8.3045002216066	0.74949245918297
8.2884284766381	0.74971616926543
8.2724188189845	0.74994034882331
8.2564708895621	0.75016499632229
8.2405843320506	0.75039011021618
8.2247587928669	0.75061568894736
8.2089939211391	0.75084173094716
8.1932893686800	0.75106823463632
8.1776447899618	0.75129519842536
8.1620598420909	0.75152262071503
8.1465341847826	0.75175049989668
8.1310674803363	0.75197883435268
8.1156593936113	0.75220762245681
8.1003095920022	0.75243686257468
8.0850177454153	0.75266655306408
8.0697835262450	0.75289669227538
8.0546066093498	0.75312727855196
8.0394866720300	0.75335831023052
8.0244233940043	0.75358978564151
8.0094164573871	0.75382170310950
7.9944655466667	0.75405406095352
7.9795703486825	0.75428685748744
7.9647305526036	0.75452009102038
7.9499458499072	0.75475375985699
7.9352159343568	0.75498786229787
7.9205405019815	0.75522239663990
7.9059192510549	0.75545736117658
7.8913518820742	0.75569275419839
7.8768380977404	0.75592857399315
7.8623776029373	0.75616481884630
7.8479701047120	0.75640148704132
7.8336153122550	0.75663857685997
7.8193129368805	0.75687608658268
7.8050626920073	0.75711401448887
7.7908642931393	0.75735235885722
7.7767174578470	0.75759111796606
7.7626219057483	0.75783029009362
7.7485773584906	0.75806987351836
7.7345835397317	0.75830986651930
7.7206401751223	0.75855026737628
7.7067469922879	0.75879107437027
7.6929037208109	0.75903228578369
7.6791100922131	0.75927389990066
7.6653658399386	0.75951591500732
7.6516706993364	0.75975832939207
7.6380244076433	0.76000114134590
7.6244267039674	0.76024434916262
7.6108773292714	0.76048795113915
7.5973760263558	0.76073194557579
7.5839225398432	0.76097633077646
7.5705166161616	0.76122110504900
7.5571580035291	0.76146626670537
7.5438464519376	0.76171181406193
7.5305817131374	0.76195774543970
7.5173635406219	0.76220405916458
7.5041916896120	0.76245075356757
7.4910659170415	0.76269782698507
7.4779859815415	0.76294527775903
7.4649516434263	0.76319310423725
7.4519626646781	0.76344130477353
7.4390188089330	0.76368987772796
7.4261198414664	0.76393882146707
7.4132655291790	0.76418813436409
7.4004556405826	0.76443781479913
7.3876899457861	0.76468786115938
7.3749682164822	0.76493827183934
7.3622902259332	0.76518904524097
7.3496557489581	0.76544017977390
7.3370645619187	0.76569167385564
7.3245164427071	0.76594352591170
7.3120111707317	0.76619573437585
7.2995485269053	0.76644829769022
7.2871282936315	0.76670121430552
7.2747502547925	0.76695448268118
7.2624141957364	0.76720810128552
7.2501199032648	0.76746206859592
7.2378671656205	0.76771638309893
7.2256557724753	0.76797104329049
7.2134855149182	0.76822604767601
7.2013561854432	0.76848139477056
7.1892675779376	0.76873708309898
7.1772194876706	0.76899311119601
7.1652117112811	0.76924947760644
7.1532440467669	0.76950618088525
7.1413162934731	0.76976321959768
7.1294282520809	0.77002059231939
7.1175797245964	0.77027829763657
7.1057705143399	0.77053633414604
7.0940004259347	0.77079470045535
7.0822692652965	0.77105339518290
7.0705768396226	0.77131241695803
7.0589229573817	0.77157176442112
7.0473074283028	0.77183143622367
7.0357300633654	0.77209143102839
7.0241906747891	0.77235174750930
7.0126890760234	0.77261238435179
7.0012250817375	0.77287334025268
6.9897985078107	0.77313461392035
6.9784091713222	0.77339620407474
6.9670568905415	0.77365810944746
6.9557414849188	0.77392032878181
6.9444627750753	0.77418286083290
6.9332205827937	0.77444570436762
6.9220147310090	0.77470885816477
6.9108450437990	0.77497232101503
6.8997113463751	0.77523609172107
6.8886134650735	0.77550016909754
6.8775512273457	0.77576455197111
6.8665244617499	0.77602923918052
6.8555329979419	0.77629422957662
6.8445766666667	0.77655952202231
6.8336552997493	0.77682511539269
6.8227687300865	0.77709100857494
6.8119167916383	0.77735720046845
6.8010993194192	0.77762368998473
6.7903161494904	0.77789047604749
6.7795671189507	0.77815755759262
6.7688520659291	0.77842493356814
6.7581708295762	0.77869260293427
6.7475232500563	0.77896056466338
6.7369091685393	0.77922881773998
6.7263284271932	0.77949736116070
6.7157808691756	0.77976619393429
6.7052663386267	0.78003531508160
6.6947846806610	0.78030472363550
6.6843357413601	0.78057441864095
6.6739193677649	0.78084439915485
6.6635354078684	0.78111466424612
6.6531837106081	0.78138521299557
6.6428641258586	0.78165604449589
6.6325765044248	0.78192715785165
6.6223206980340	0.78219855217916
6.6120965593295	0.78247022660651
6.6019039418630	0.78274218027345
6.5917427000879	0.78301441233136
6.5816126893524	0.78328692194320
6.5715137658922	0.78355970828342
6.5614457868243	0.78383277053790
6.5514086101399	0.78410610790391
6.5414020946978	0.78437971958998
6.5314261002179	0.78465360481590
6.5214804872743	0.78492776281256
6.5115651172893	0.78520219282193
6.5016798525266	0.78547689409695
6.4918245560849	0.78575186590145
6.4819990918919	0.78602710751005
6.4722033246978	0.78630261820808
6.4624371200690	0.78657839729150
6.4527003443823	0.78685444406675
6.4429928648184	0.78713075785070
6.4333145493562	0.78740733797053
6.4236652667667	0.78768418376363
6.4140448866068	0.78796129457747
6.4044532792138	0.78823866976952
6.3948903156997	0.78851630870713
6.3853558679446	0.78879421076738
6.3758498085921	0.78907237533703
6.3663720110427	0.78935080181231
6.3569223494487	0.78962948959891
6.3475006987084	0.78990843811173
6.3381069344609	0.79018764677486
6.3287409330800	0.79046711502139
6.3194025716695	0.79074684229329
6.3100917280572	0.79102682804130
6.3008082807902	0.79130707172477
6.2915521091291	0.79158757281150
6.2823230930427	0.79186833077767
6.2731211132036	0.79214934510764
6.2639460509820	0.79243061529382
6.2547977884415	0.79271214083654
6.2456762083333	0.79299392124386
6.2365811940919	0.79327595603148
6.2275126298297	0.79355824472255
6.2184704003319	0.79384078684754
6.2094543910522	0.79412358194403
6.2004644881075	0.79440662955665
6.1915005782734	0.79468992923682
6.1825625489792	0.79497348054267
6.1736502883031	0.79525728303882
6.1647636849681	0.79554133629626
6.1559026283368	0.79582563989216
6.1470670084068	0.79611019340973
6.1382567158067	0.79639499643800
6.1294716417910	0.79668004857171
6.1207116782360	0.79696534941113
6.1119767176351	0.79725089856184
6.1032666530945	0.79753669563461
6.0945813783289	0.79782274024521
6.0859207876573	0.79810903201424
6.0772847759984	0.79839557056692
6.0686732388664	0.79868235553297
6.0600860723671	0.79896938654638
6.0515231731934	0.79925666324525
6.0429844386212	0.79954418527164
6.0344697665056	0.79983195227132
6.0259790552764	0.80011996389365
6.0175122039342	0.80040821979137
6.0090691120465	0.80069671962041
6.0006496797438	0.80098546303974
5.9922538077154	0.80127444971112
5.9838813972056	0.80156367929898
5.9755323500100	0.80185315147020
5.9672065684713	0.80214286589393
5.9589039554760	0.80243282224140
5.9506244144502	0.80272302018571
5.9423678493558	0.80301345940169
5.9341341646873	0.80330413956566
5.9259232654675	0.80359506035528
5.9177350572444	0.80388622144933
5.9095694460871	0.80417762252753
5.9014263385827	0.80446926327034
5.8933056418321	0.80476114335880
5.8852072634472	0.80505326247429
5.8771311115468	0.80534562029838
5.8690770947533	0.80563821651261
5.8610451221896	0.80593105079832
5.8530351034752	0.80622412283644
5.8450469487229	0.80651743230730
5.8370805685358	0.80681097889045
5.8291358740035	0.80710476226445
5.8212127766990	0.80739878210671
5.8133111886756	0.80769303809324
5.8054310224632	0.80798752989853
5.7975721910656	0.80828225719530
5.7897346079567	0.80857721965433
5.7819181870781	0.80887241694429
5.7741228428351	0.80916784873152
5.7663484900942	0.80946351467982
5.7585950441798	0.80975941445034
5.7508624208709	0.81005554770131
5.7431505363985	0.81035191408788
5.7354593074421	0.81064851326194
5.7277886511272	0.81094534487192
5.7201384850219	0.81124240856262
5.7125087271341	0.81153970397499
5.7048992959087	0.81183723074598
5.6973101102242	0.81213498850834
5.6897410893908	0.81243297689043
5.6821921531463	0.81273119551604
5.6746632216544	0.81302964400421
5.6671542155009	0.81332832196906
5.6596650556919	0.81362722901958
5.6521956636501	0.81392636475948
5.6447459612126	0.81422572878698
5.6373158706281	0.81452532069467
5.6299053145540	0.81482514006931
5.6225142160540	0.81512518649163
5.6151424985952	0.81542545953623
5.6077900860456	0.81572595877131
5.6004569026714	0.81602668375858
5.5931428731343	0.81632763405304
5.5858479224893	0.81662880920284
5.5785719761816	0.81693020874909
5.5713149600446	0.81723183222568
5.5640768002970	0.81753367915918
5.5568574235403	0.81783574906859
5.5496567567568	0.81813804146524
5.5424747273063	0.81844055585260
5.5353112629247	0.81874329172612
5.5281662917204	0.81904624857310
5.5210397421731	0.81934942587249
5.5139315431304	0.81965282309478
5.5068416238060	0.81995643970179
5.4997699137773	0.82026027514659
5.4927163429828	0.82056432887328
5.4856808417200	0.82086860031690
5.4786633406433	0.82117308890325
5.4716637707611	0.82147779404875
5.4646820634342	0.82178271516030
5.4577181503732	0.82208785163514
5.4507719636364	0.82239320286071
5.4438434356274	0.82269876821452
5.4369324990932	0.82300454706400
5.4300390871219	0.82331053876640
5.4231631331404	0.82361674266859
5.4163045709124	0.82392315810702
5.4094633345363	0.82422978440753
5.4026393584430	0.82453662088524
5.3958325773938	0.82484366684443
5.3890429264785	0.82515092157844
5.3822703411131	0.82545838436951
5.3755147570378	0.82576605448870
5.3687761103152	0.82607393119576
5.3620543373278	0.82638201373902
5.3553493747767	0.82669030135528
5.3486611596789	0.82699879326971
5.3419896293656	0.82730748869574
5.3353347214807	0.82761638683495
5.3286963739780	0.82792548687698
5.3220745251198	0.82823478799944
5.3154691134752	0.82854428936779
5.3088800779175	0.82885399013528
5.3023073576229	0.82916388944282
5.2957508920685	0.82947398641894
5.2892106210303	0.82978428017967
5.2826864845815	0.83009476982846
5.2761784230905	0.83040545445610
5.2696863772192	0.83071633314068
5.2632102879213	0.83102740494745
5.2567500964405	0.83133866892881
5.2503057443082	0.83165012412420
5.2438771733427	0.83196176956003
5.2374643256464	0.83227360424966
5.2310671436050	0.83258562719330
5.2246855698850	0.83289783737795
5.2183195474326	0.83321023377736
5.2119690194715	0.83352281535197
5.2056339295016	0.83383558104888
5.1993142212973	0.83414852980174
5.1930098389052	0.83446166053078
5.1867207266436	0.83477497214273
5.1804468290997	0.83508846353077
5.1741880911288	0.83540213357452
5.1679444578521	0.83571598113999
5.1617158746556	0.83603000507955
5.1555022871883	0.83634420423191
5.1493036413604	0.83665857742208
5.1431198833419	0.83697312346136
5.1369509595613	0.83728784114733
5.1307968167037	0.83760272926378
5.1246574017094	0.83791778658077
5.1185326617722	0.83823301185458
5.1124225443383	0.83854840382769
5.1063269971044	0.83886396122880
5.1002459680163	0.83917968277282
5.0941794052676	0.83949556716086
5.0881272572980	0.83981161308025
5.0820894727920	0.84012781920453
5.0760660006773	0.84044418419347
5.0700567901235	0.84076070669309
5.0640617905405	0.84107738533564
5.0580809515775	0.84139421873967
5.0521142231210	0.84171120551000
5.0461615552937	0.84202834423779
5.0402228984533	0.84234563350053
5.0342982031906	0.84266307186209
5.0283874203287	0.84298065787274
5.0224905009214	0.84329839006920
5.0166073962517	0.84361626697468
5.0107380578305	0.84393428709889
5.0048824373957	0.84425244893813
4.9990404869101	0.84457075097530
4.9932121585610	0.84488919167997
4.9873974047579	0.84520776950844
4.9815961781323	0.84552648290378
4.9758084315353	0.84584533029588
4.9700341180371	0.84616431010155
4.9642731909256	0.84648342072453
4.9585256037049	0.84680266055563
4.9527913100942	0.84712202797273
4.9470702640264	0.84744152134089
4.9413624196473	0.84776113901242
4.9356677313138	0.84808087932696
4.9299861535932	0.84840074061158
4.9243176412615	0.84872072118081
4.9186621493027	0.84904081933678
4.9130196329072	0.84936103336932
4.9073900474709	0.84968136155599
4.9017733485939	0.85000180216223
4.8961694920790	0.85032235344144
4.8905784339315	0.85064301363510
4.8850001303569	0.85096378097284
4.8794345377604	0.85128465367258
4.8738816127459	0.85160562994060
4.8683413121143	0.85192670797171
4.8628135928629	0.85224788594932
4.8572984121841	0.85256916204556
4.8517957274640	0.85289053442144
4.8463054962819	0.85321200122692
4.8408276764088	0.85353356060106
4.8353622258065	0.85385521067216
4.8299091026261	0.85417694955788
4.8244682652076	0.85449877536536
4.8190396720784	0.85482068619137
4.8136232819525	0.85514268012245
4.8082190537289	0.85546475523505
4.8028269464915	0.85578690959566
4.7974469195071	0.85610914126097
4.7920789322251	0.85643144827801
4.7867229442759	0.85675382868431
4.7813789154705	0.85707628050803
4.7760468057989	0.85739880176813
4.7707265754297	0.85772139047455
4.7654181847083	0.85804404462832
4.7601215941569	0.85836676222175
4.7548367644726	0.85868954123861
4.7495636565272	0.85901237965424
4.7443022313657	0.85933527543580
4.7390524502055	0.85965822654234
4.7338142744355	0.85998123092508
4.7285876656151	0.86030428652749
4.7233725854735	0.86062739128551
4.7181689959081	0.86095054312775
4.7129768589844	0.86127373997560
4.7077961369347	0.86159697974348
4.7026267921569	0.86192026033900
4.6974687872140	0.86224357966314
4.6923220848333	0.86256693561041
4.6871866479049	0.86289032606911
4.6820624394815	0.86321374892146
4.6769494227769	0.86353720204380
4.6718475611657	0.86386068330680
4.6667568181818	0.86418419057565
4.6616771575183	0.86450772171026
4.6566085430258	0.86483127456544
4.6515509387122	0.86515484699112
4.6465043087415	0.86547843683254
4.6414686174330	0.86580204193046
4.6364438292607	0.86612566012136
4.6314299088522	0.86644928923762
4.6264268209877	0.86677292710779
4.6214345305997	0.86709657155671
4.6164530027718	0.86742022040580
4.6114822027380	0.86774387147321
4.6065220958820	0.86806752257408
4.6015726477360	0.86839117152069
4.5966338239804	0.86871481612275
4.5917055904426	0.86903845418752
4.5867879130967	0.86936208352011
4.5818807580621	0.86968570192366
4.5769840916031	0.87000930719952
4.5720978801281	0.87033289714754
4.5672220901889	0.87065646956623
4.5623566884797	0.87098002225297
4.5575016418364	0.87130355300430
4.5526569172361	0.87162705961605
4.5478224817961	0.87195053988362
4.5429983027731	0.87227399160216
4.5381843475628	0.87259741256681
4.5333805836988	0.87292080057294
4.5285869788520	0.87324415341632
4.5238035008299	0.87356746889337
4.5190301175761	0.87389074480138
4.5142667971691	0.87421397893872
4.5095135078219	0.87453716910508
4.5047702178813	0.87486031310165
4.5000368958271	0.87518340873139
4.4953135102714	0.87550645379921
4.4906000299581	0.87582944611220
4.4858964237618	0.87615238347987
4.4812026606876	0.87647526371434
4.4765187098701	0.87679808463056
4.4718445405728	0.87712084404655
4.4671801221875	0.87744353978361
4.4625254242334	0.87776616966650
4.4578804163569	0.87808873152371
4.4532450683304	0.87841122318766
4.4486193500519	0.87873364249487
4.4440032315446	0.87905598728625
4.4393966829557	0.87937825540722
4.4347996745562	0.87970044470802
4.4302121767401	0.88002255304385
4.4256341600236	0.88034457827509
4.4210655950450	0.88066651826754
4.4165064525633	0.88098837089259
4.4119567034584	0.88131013402746
4.4074163187298	0.88163180555536
4.4028852694963	0.88195338336573
4.3983635269953	0.88227486535444
4.3938510625824	0.88259624942396
4.3893478477306	0.88291753348358
4.3848538540295	0.88323871544960
4.3803690531853	0.88355979324555
4.3758934170194	0.88388076480232
4.3714269174686	0.88420162805843
4.3669695265841	0.88452238096014
4.3625212165309	0.88484302146170
4.3580819595871	0.88516354752550
4.3536517281441	0.88548395712226
4.3492304947048	0.88580424823123
4.3448182318841	0.88612441884033
4.3404149124077	0.88644446694634
4.3360205091119	0.88676439055510
4.3316349949429	0.88708418768164
4.3272583429561	0.88740385635039
4.3228905263158	0.88772339459528
4.3185315182944	0.88804280045998
4.3141812922723	0.88836207199803
4.3098398217366	0.88868120727295
4.3055070802815	0.88900020435848
4.3011830416069	0.88931906133865
4.2968676795184	0.88963777630799
4.2925609679267	0.88995634737163
4.2882628808468	0.89027477264548
4.2839733923978	0.89059305025633
4.2796924768023	0.89091117834202
4.2754201083856	0.89122915505154
4.2711562615757	0.89154697854520
4.2669009109024	0.89186464699469
4.2626540309967	0.89218215858328
4.2584155965909	0.89249951150586
4.2541855825174	0.89281670396914
4.2499639637085	0.89313373419165
4.2457507151961	0.89345060040397
4.2415458121109	0.89376730084872
4.2373492296820	0.89408383378073
4.2331609432364	0.89440019746711
4.2289809281986	0.89471639018735
4.2248091600902	0.89503241023339
4.2206456145291	0.89534825590970
4.2164902672293	0.89566392553338
4.2123430940003	0.89597941743421
4.2082040707468	0.89629472995475
4.2040731734680	0.89660986145035
4.1999503782572	0.89692481028926
4.1958356613016	0.89723957485267
4.1917289988814	0.89755415353474
4.1876303673697	0.89786854474267
4.1835397432319	0.89818274689672
4.1794571030252	0.89849675843029
4.1753824233983	0.89881057778988
4.1713156810909	0.89912420343516
4.1672568529330	0.89943763383899
4.1632059158450	0.89975086748744
4.1591628468368	0.90006390287975
4.1551276230076	0.90037673852842
4.1511002215453	0.90068937295912
4.1470806197261	0.90100180471075
4.1430687949143	0.90131403233538
4.1390647245616	0.90162605439830
4.1350683862069	0.90193786947791
4.1310797574755	0.90224947616574
4.1270988160793	0.90256087306645
4.1231255398157	0.90287205879771
4.1191599065677	0.90318303199021
4.1152018943034	0.90349379128760
4.1112514810752	0.90380433534643
4.1073086450199	0.90411466283606
4.1033733643581	0.90442477243865
4.0994456173937	0.90473466284901
4.0955253825137	0.90504433277459
4.0916126381875	0.90535378093535
4.0877073629670	0.90566300606365
4.0838095354856	0.90597200690422
4.0799191344584	0.90628078221398
4.0760361386812	0.90658933076194
4.0721605270307	0.90689765132914
4.0682922784638	0.90720574270842
4.0644313720174	0.90751360370440
4.0605777868075	0.90782123313326
4.0567315020298	0.90812862982262
4.0528924969582	0.90843579261140
4.0490607509454	0.90874272034963
4.0452362434219	0.90904941189831
4.0414189538959	0.90935586612924
4.0376088619529	0.90966208192482
4.0338059472551	0.90996805817786
4.0300101895416	0.91027379379142
4.0262215686274	0.91057928767857
4.0224400644036	0.91088453876221
4.0186656568365	0.91118954597483
4.0148983259676	0.91149430825832
4.0111380519133	0.91179882456370
4.0073848148643	0.91210309385094
4.0036385950855	0.91240711508863
3.9998993729153	0.91271088725384
3.9961671287657	0.91301440933175
3.9924418431216	0.91331768031546
3.9887234965407	0.91362069920570
3.9850120696531	0.91392346501053
3.9813075431607	0.91422597674507
3.9776098978373	0.91452823343119
3.9739191145281	0.91483023409722
3.9702351741491	0.91513197777765
3.9665580576872	0.91543346351277
3.9628877461996	0.91573469034840
3.9592242208135	0.91603565733549
3.9555674627260	0.91633636352985
3.9519174532033	0.91663680799175
3.9482741735809	0.91693698978559
3.9446376052632	0.91723690797953
3.9410077297226	0.91753656164510
3.9373845285001	0.91783594985684
3.9337679832043	0.91813507169192
3.9301580755113	0.91843392622971
3.9265547871644	0.91873251255144
3.9229580999738	0.91903082973969
3.9193679958164	0.91932887687809
3.9157844566353	0.91962665305078
3.9122074644395	0.91992415734208
3.9086370013038	0.92022138883595
3.9050730493682	0.92051834661562
3.9015155908381	0.92081502976308
3.8979646079834	0.92111143735865
3.8944200831385	0.92140756848045
3.8908819987021	0.92170342220400
3.8873503371369	0.92199899760168
3.8838250809690	0.92229429374220
3.8803062127880	0.92258930969019
3.8767937152463	0.92288404450558
3.8732875710594	0.92317849724316
3.8697877630050	0.92347266695201
3.8662942739231	0.92376655267497
3.8628070867156	0.92406015344809
3.8593261843460	0.92435346830011
3.8558515498392	0.92464649625183
3.8523831662812	0.92493923631562
3.8489210168186	0.92523168749479
3.8454650846588	0.92552384878303
3.8420153530693	0.92581571916381
3.8385718053777	0.92610729760976
3.8351344249712	0.92639858308210
3.8317031952965	0.92668957453001
3.8282780998595	0.92698027088999
3.8248591222251	0.92727067108524
3.8214462460166	0.92756077402502
3.8180394549159	0.92785057860401
3.8146387326632	0.92814008370165
3.8112440630562	0.92842928818146
3.8078554299505	0.92871819089040
3.8044728172589	0.92900679065818
3.8010962089514	0.92929508629658
3.7977255890550	0.92958307659872
3.7943609416530	0.92987076033843
3.7910022508852	0.93015813626946
3.7876495009476	0.93044520312486
3.7843026760919	0.93073195961614
3.7809617606256	0.93101840443266
3.7776267389113	0.93130453624081
3.7742975953670	0.93159035368329
3.7709743144654	0.93187585537836
3.7676568807339	0.93216103991910
3.7643452787544	0.93244590587260
3.7610394931627	0.93273045177922
3.7577395086488	0.93301467615180
3.7544453099562	0.93329857747487
3.7511568818819	0.93358215420385
3.7478742092762	0.93386540476428
3.7445972770422	0.93414832755096
3.7413260701360	0.93443092092716
3.7380605735661	0.93471318322383
3.7348007723932	0.93499511273872
3.7315466517301	0.93527670773557
3.7282981967417	0.93555796644325
3.7250553926441	0.93583888705495
3.7218182247052	0.93611946772728
3.7185866782436	0.93639970657946
3.7153607386293	0.93667960169238
3.7121403912828	0.93695915110780
3.7089256216751	0.93723835282743
3.7057164153276	0.93751720481206
3.7025127578115	0.93779570498063
3.6993146347483	0.93807385120942
3.6961220318087	0.93835164133103
3.6929349347130	0.93862907313358
3.6897533292308	0.93890614435972
3.6865772011805	0.93918285270573
3.6834065364295	0.93945919582063
3.6802413208937	0.93973517130518
3.6770815405372	0.94001077671101
3.6739271813725	0.94028600953965
3.6707782294600	0.94056086724156
3.6676346709078	0.94083534721522
3.6644964918714	0.94110944680614
3.6613636785540	0.94138316330594
3.6582362172056	0.94165649395133
3.6551140941234	0.94192943592317
3.6519972956511	0.94220198634550
3.6488858081792	0.94247414228454
3.6457796181442	0.94274590074772
3.6426787120292	0.94301725868269
3.6395830763628	0.94328821297633
3.6364926977196	0.94355876045373
3.6334075627197	0.94382889787724
3.6303276580286	0.94409862194541
3.6272529703569	0.94436792929203
3.6241834864603	0.94463681648507
3.6211191931393	0.94490528002573
3.6180600772387	0.94517331634735
3.6150061256481	0.94544092181448
3.6119573253012	0.94570809272174
3.6089136631756	0.94597482529291
3.6058751262930	0.94624111567982
3.6028417017185	0.94650695996137
3.5998133765610	0.94677235414247
3.5967901379724	0.94703729415300
3.5937719731479	0.94730177584680
3.5907588693257	0.94756579500060
3.5877508137865	0.94782934731301
3.5847477938539	0.94809242840344
3.5817497968937	0.94835503381109
3.5787568103140	0.94861715899388
3.5757688215649	0.94887879932744
3.5727858181385	0.94913995010400
3.5698077875685	0.94940060653140
3.5668347174301	0.94966076373202
3.5638665953400	0.94992041674173
3.5609034089559	0.95017956050882
3.5579451459767	0.95043818989300
3.5549917941421	0.95069629966429
3.5520433412322	0.95095388450202
3.5490997750681	0.95121093899377
3.5461610835108	0.95146745763428
3.5432272544616	0.95172343482447
3.5402982758621	0.95197886487033
3.5373741356932	0.95223374198191
3.5344548219759	0.95248806027229
3.5315403227706	0.95274181375647
3.5286306261770	0.95299499635041
3.5257257203340	0.95324760186994
3.5228255934195	0.95349962402974
3.5199302336503	0.95375105644229
3.5170396292820	0.95400189261686
3.5141537686086	0.95425212595847
3.5112726399625	0.95450174976686
3.5083962317145	0.95475075723546
3.5055245322732	0.95499914145040
3.5026575300853	0.95524689538945
3.4997952136353	0.95549401192103
3.4969375714452	0.95574048380322
3.4940845920746	0.95598630368271
3.4912362641202	0.95623146409385
3.4883925762160	0.95647595745762
3.4855535170329	0.95671977608062
3.4827190752788	0.95696291215416
3.4798892396982	0.95720535775320
3.4770639990721	0.95744710483543
3.4742433422181	0.95768814524026
3.4714272579898	0.95792847068789
3.4686157352771	0.95816807277833
3.4658087630058	0.95840694299047
3.4630063301375	0.95864507268114
3.4602084256694	0.95888245308413
3.4574150386345	0.95911907530931
3.4546261581009	0.95935493034170
3.4518417731721	0.95959000904054
3.4490618729867	0.95982430213840
3.4462864467180	0.96005780024027
3.4435154835745	0.96029049382268
3.4407489727993	0.96052237323282
3.4379869036697	0.96075342868767
3.4352292654979	0.96098365027315
3.4324760476300	0.96121302794324
3.4297272394463	0.96144155151917
3.4269828303612	0.96166921068855
3.4242428098230	0.96189599500462
3.4215071673134	0.96212189388534
3.4187758923480	0.96234689661270
3.4160489744758	0.96257099233183
3.4133264032791	0.96279417005030
3.4106081683732	0.96301641863733
3.4078942594066	0.96323772682304
3.4051846660609	0.96345808319767
3.4024793780502	0.96367747621095
3.3997783851213	0.96389589417127
3.3970816770538	0.96411332524509
3.3943892436594	0.96432975745615
3.3917010747822	0.96454517868489
3.3890171602984	0.96475957666773
3.3863374901163	0.96497293899645
3.3836620541761	0.96518525311754
3.3809908424495	0.96539650633164
3.3783238449403	0.96560668579287
3.3756610516834	0.96581577850830
3.3730024527453	0.96602377133735
3.3703480382237	0.96623065099128
3.3676977982476	0.96643640403260
3.3650517229768	0.96664101687460
3.3624098026021	0.96684447578084
3.3597720273451	0.96704676686465
3.3571383874580	0.96724787608870
3.3545088732237	0.96744778926450
3.3518834749553	0.96764649205203
3.3492621829963	0.96784396995931
3.3466449877205	0.96804020834199
3.3440318795315	0.96823519240302
3.3414228488631	0.96842890719227
3.3388178861789	0.96862133760621
3.3362169819720	0.96881246838759
3.3336201267653	0.96900228412519
3.3310273111111	0.96919076925349
