#Parameters = {thARC=0; nARC=2.5; thsub=1; p=1; nSub=3.5}
#"Wavelength / um"	"T (577) [Real Part]"
#---------------------------------------
14.989622900000	0.69135810468776
14.937342202292	0.69136885530185
14.885424925521	0.69137927493538
14.833867293419	0.69138936881115
14.782665581854	0.69139914210775
14.731816117936	0.69140859995955
14.681315279138	0.69141774745680
14.631159492435	0.69142658964559
14.581345233463	0.69143513152799
14.531869025691	0.69144337806202
14.482727439614	0.69145133416177
14.433917091960	0.69145900469739
14.385434644914	0.69146639449524
14.337276805356	0.69147350833786
14.289440324118	0.69148035096412
14.241921995249	0.69148692706925
14.194718655303	0.69149324130489
14.147827182633	0.69149929827926
14.101244496707	0.69150510255716
14.054967557431	0.69151065866008
14.008993364486	0.69151597106629
13.963318956684	0.69152104421096
13.917941411328	0.69152588248622
13.872857843591	0.69153049024126
13.828065405904	0.69153487178248
13.783561287356	0.69153903137352
13.739342713107	0.69154297323544
13.695406943810	0.69154670154680
13.651751275046	0.69155022044375
13.608373036768	0.69155353402022
13.565269592760	0.69155664632794
13.522438340099	0.69155956137668
13.479876708633	0.69156228313426
13.437582160466	0.69156481552677
13.395552189455	0.69156716243865
13.353784320713	0.69156932771285
13.312276110124	0.69157131515096
13.271025143869	0.69157312851333
13.230029037952	0.69157477151926
13.189285437747	0.69157624784708
13.148792017544	0.69157756113436
13.108546480105	0.69157871497803
13.068546556234	0.69157971293451
13.028790004346	0.69158055851993
12.989274610052	0.69158125521021
12.949998185745	0.69158180644127
12.910958570198	0.69158221560919
12.872153628167	0.69158248607034
12.833581250000	0.69158262114158
12.795239351259	0.69158262410040
12.757125872340	0.69158249818513
12.719238778108	0.69158224659506
12.681576057530	0.69158187249066
12.644135723323	0.69158137899374
12.606915811606	0.69158076918761
12.569914381551	0.69158004611727
12.533129515050	0.69157921278964
12.496559316382	0.69157827217365
12.460201911887	0.69157722720052
12.424055449648	0.69157608076386
12.388118099174	0.69157483571994
12.352388051092	0.69157349488784
12.316863516845	0.69157206104963
12.281542728390	0.69157053695059
12.246423937908	0.69156892529939
12.211505417515	0.69156722876830
12.176785458976	0.69156544999338
12.142262373431	0.69156359157467
12.107934491115	0.69156165607643
12.073800161095	0.69155964602730
12.039857751004	0.69155756392051
12.006105646776	0.69155541221410
11.972542252396	0.69155319333114
11.939165989646	0.69155090965991
11.905975297855	0.69154856355412
11.872968633663	0.69154615733311
11.840144470774	0.69154369328209
11.807501299724	0.69154117365233
11.775037627651	0.69153860066137
11.742751978065	0.69153597649326
11.710642890625	0.69153330329876
11.678708920919	0.69153058319554
11.646948640249	0.69152781826844
11.615360635413	0.69152501056963
11.583943508501	0.69152216211890
11.552695876686	0.69151927490384
11.521616372022	0.69151635088004
11.490703641242	0.69151339197138
11.459956345566	0.69151040007018
11.429373160503	0.69150737703746
11.398952775665	0.69150432470318
11.368693894577	0.69150124486644
11.338595234493	0.69149813929570
11.308655526217	0.69149500972904
11.278873513920	0.69149185787434
11.249247954972	0.69148868540957
11.219777619760	0.69148549398296
11.190461291527	0.69148228521324
11.161297766195	0.69147906068992
11.132285852209	0.69147582197346
11.103424370370	0.69147257059550
11.074712153676	0.69146930805916
11.046148047163	0.69146603583919
11.017730907755	0.69146275538224
10.989459604106	0.69145946810710
10.961333016453	0.69145617540491
10.933350036470	0.69145287863940
10.905509567115	0.69144957914713
10.877810522496	0.69144627823772
10.850251827723	0.69144297719408
10.822832418773	0.69143967727264
10.795551242348	0.69143637970358
10.768407255747	0.69143308569108
10.741399426729	0.69142979641356
10.714526733381	0.69142651302387
10.687788163993	0.69142323664957
10.661182716927	0.69141996839315
10.634709400497	0.69141670933223
10.608367232838	0.69141346051986
10.582155241793	0.69141022298470
10.556072464789	0.69140699773128
10.530117948718	0.69140378574021
10.504290749825	0.69140058796845
10.478589933590	0.69139740534950
10.453014574616	0.69139423879367
10.427563756522	0.69139108918828
10.402236571825	0.69138795739794
10.377032121841	0.69138484426474
10.351949516575	0.69138175060848
10.326987874612	0.69137867722694
10.302146323024	0.69137562489608
10.277423997257	0.69137259437029
10.252820041040	0.69136958638260
10.228333606278	0.69136660164493
10.203963852961	0.69136364084832
10.179709949066	0.69136070466316
10.155571070461	0.69135779373938
10.131546400811	0.69135490870676
10.107635131490	0.69135205017508
10.083836461487	0.69134921873439
10.060149597315	0.69134641495524
10.036573752929	0.69134363938887
10.013108149633	0.69134089256750
9.9897520159947	0.69133817500449
9.9665045877660	0.69133548719461
9.9433651077944	0.69133282961425
9.9203328259431	0.69133020272163
9.8974069990096	0.69132760695706
9.8745868906456	0.69132504274314
9.8518717712783	0.69132251048497
9.8292609180328	0.69132001057042
9.8067536146549	0.69131754337029
9.7843491514360	0.69131510923857
9.7620468251384	0.69131270851265
9.7398459389214	0.69131034151356
9.7177458022690	0.69130800854613
9.6957457309185	0.69130570989929
9.6738450467893	0.69130344584622
9.6520430779137	0.69130121664459
9.6303391583681	0.69129902253679
9.6087326282051	0.69129686375011
9.5872228333866	0.69129474049701
9.5658091257179	0.69129265297527
9.5444908627826	0.69129060136823
9.5232674078780	0.69128858584502
9.5021381299525	0.69128660656075
9.4811024035421	0.69128466365671
9.4601596087094	0.69128275726061
9.4393091309824	0.69128088748675
9.4185503612944	0.69127905443626
9.3978826959248	0.69127725819729
9.3773055364404	0.69127549884523
9.3568182896380	0.69127377644287
9.3364203674868	0.69127209104067
9.3161111870727	0.69127044267690
9.2958901705426	0.69126883137789
9.2757567450495	0.69126725715820
9.2557103426984	0.69126572002083
9.2357504004929	0.69126421995741
9.2158763602828	0.69126275694841
9.1960876687117	0.69126133096333
9.1763837771656	0.69125994196088
9.1567641417227	0.69125858988921
9.1372282231027	0.69125727468607
9.1177754866180	0.69125599627901
9.0984054021244	0.69125475458557
9.0791174439733	0.69125354951350
9.0599110909640	0.69125238096088
9.0407858262967	0.69125124881638
9.0217411375263	0.69125015295939
9.0027765165165	0.69124909326027
8.9838914593947	0.69124806958044
8.9650854665072	0.69124708177265
8.9463580423754	0.69124612968113
8.9277086956522	0.69124521314174
8.9091369390788	0.69124433198222
8.8906422894425	0.69124348602227
8.8722242675348	0.69124267507383
8.8538823981099	0.69124189894118
8.8356162098438	0.69124115742115
8.8174252352941	0.69124045030328
8.7993090108600	0.69123977737000
8.7812670767428	0.69123913839679
8.7632989769073	0.69123853315238
8.7454042590432	0.69123796139885
8.7275824745269	0.69123742289187
8.7098331783847	0.69123691738084
8.6921559292549	0.69123644460904
8.6745502893519	0.69123600431379
8.6570158244297	0.69123559622665
8.6395521037464	0.69123522007354
8.6221587000288	0.69123487557492
8.6048351894374	0.69123456244594
8.5875811515325	0.69123428039659
8.5703961692396	0.69123402913189
8.5532798288160	0.69123380835199
8.5362317198178	0.69123361775235
8.5192514350668	0.69123345702392
8.5023385706183	0.69123332585322
8.4854927257288	0.69123322392257
8.4687135028249	0.69123315091016
8.4520005074711	0.69123310649027
8.4353533483399	0.69123309033335
8.4187716371806	0.69123310210619
8.4022549887892	0.69123314147208
8.3858030209790	0.69123320809091
8.3694153545505	0.69123330161936
8.3530916132627	0.69123342171098
8.3368314238042	0.69123356801637
8.3206344157646	0.69123374018331
8.3045002216066	0.69123393785686
8.2884284766381	0.69123416067954
8.2724188189845	0.69123440829143
8.2564708895621	0.69123468033029
8.2405843320506	0.69123497643172
8.2247587928669	0.69123529622929
8.2089939211391	0.69123563935462
8.1932893686800	0.69123600543753
8.1776447899618	0.69123639410618
8.1620598420909	0.69123680498717
8.1465341847826	0.69123723770567
8.1310674803363	0.69123769188551
8.1156593936113	0.69123816714935
8.1003095920022	0.69123866311874
8.0850177454153	0.69123917941429
8.0697835262450	0.69123971565573
8.0546066093498	0.69124027146205
8.0394866720300	0.69124084645160
8.0244233940043	0.69124144024223
8.0094164573871	0.69124205245133
7.9944655466667	0.69124268269600
7.9795703486825	0.69124333059315
7.9647305526036	0.69124399575955
7.9499458499072	0.69124467781197
7.9352159343568	0.69124537636732
7.9205405019815	0.69124609104264
7.9059192510549	0.69124682145532
7.8913518820742	0.69124756722312
7.8768380977404	0.69124832796427
7.8623776029373	0.69124910329759
7.8479701047120	0.69124989284259
7.8336153122550	0.69125069621952
7.8193129368805	0.69125151304947
7.8050626920073	0.69125234295450
7.7908642931393	0.69125318555768
7.7767174578470	0.69125404048318
7.7626219057483	0.69125490735638
7.7485773584906	0.69125578580393
7.7345835397317	0.69125667545386
7.7206401751223	0.69125757593559
7.7067469922879	0.69125848688011
7.6929037208109	0.69125940791998
7.6791100922131	0.69126033868943
7.6653658399386	0.69126127882443
7.6516706993364	0.69126222796278
7.6380244076433	0.69126318574416
7.6244267039674	0.69126415181023
7.6108773292714	0.69126512580464
7.5973760263558	0.69126610737317
7.5839225398432	0.69126709616377
7.5705166161616	0.69126809182658
7.5571580035291	0.69126909401406
7.5438464519376	0.69127010238104
7.5305817131374	0.69127111658473
7.5173635406219	0.69127213628483
7.5041916896120	0.69127316114360
7.4910659170415	0.69127419082586
7.4779859815415	0.69127522499908
7.4649516434263	0.69127626333347
7.4519626646781	0.69127730550195
7.4390188089330	0.69127835118028
7.4261198414664	0.69127940004707
7.4132655291790	0.69128045178384
7.4004556405826	0.69128150607508
7.3876899457861	0.69128256260827
7.3749682164822	0.69128362107394
7.3622902259332	0.69128468116574
7.3496557489581	0.69128574258044
7.3370645619187	0.69128680501800
7.3245164427071	0.69128786818160
7.3120111707317	0.69128893177769
7.2995485269053	0.69128999551602
7.2871282936315	0.69129105910967
7.2747502547925	0.69129212227512
7.2624141957364	0.69129318473223
7.2501199032648	0.69129424620434
7.2378671656205	0.69129530641823
7.2256557724753	0.69129636510422
7.2134855149182	0.69129742199617
7.2013561854432	0.69129847683148
7.1892675779376	0.69129952935118
7.1772194876706	0.69130057929991
7.1652117112811	0.69130162642595
7.1532440467669	0.69130267048129
7.1413162934731	0.69130371122157
7.1294282520809	0.69130474840620
7.1175797245964	0.69130578179830
7.1057705143399	0.69130681116476
7.0940004259347	0.69130783627626
7.0822692652965	0.69130885690728
7.0705768396226	0.69130987283610
7.0589229573817	0.69131088384486
7.0473074283028	0.69131188971953
7.0357300633654	0.69131289024995
7.0241906747891	0.69131388522983
7.0126890760234	0.69131487445677
7.0012250817375	0.69131585773228
6.9897985078107	0.69131683486175
6.9784091713222	0.69131780565451
6.9670568905415	0.69131876992380
6.9557414849188	0.69131972748681
6.9444627750753	0.69132067816465
6.9332205827937	0.69132162178238
6.9220147310090	0.69132255816900
6.9108450437990	0.69132348715745
6.8997113463751	0.69132440858465
6.8886134650735	0.69132532229144
6.8775512273457	0.69132622812263
6.8665244617499	0.69132712592698
6.8555329979419	0.69132801555719
6.8445766666667	0.69132889686991
6.8336552997493	0.69132976972574
6.8227687300865	0.69133063398922
6.8119167916383	0.69133148952880
6.8010993194192	0.69133233621689
6.7903161494904	0.69133317392980
6.7795671189507	0.69133400254775
6.7688520659291	0.69133482195488
6.7581708295762	0.69133563203921
6.7475232500563	0.69133643269266
6.7369091685393	0.69133722381099
6.7263284271932	0.69133800529386
6.7157808691756	0.69133877704476
6.7052663386267	0.69133953897101
6.6947846806610	0.69134029098375
6.6843357413601	0.69134103299794
6.6739193677649	0.69134176493232
6.6635354078684	0.69134248670940
6.6531837106081	0.69134319825545
6.6428641258586	0.69134389950047
6.6325765044248	0.69134459037819
6.6223206980340	0.69134527082604
6.6120965593295	0.69134594078512
6.6019039418630	0.69134660020019
6.5917427000879	0.69134724901965
6.5816126893524	0.69134788719551
6.5715137658922	0.69134851468339
6.5614457868243	0.69134913144246
6.5514086101399	0.69134973743543
6.5414020946978	0.69135033262855
6.5314261002179	0.69135091699156
6.5214804872743	0.69135149049765
6.5115651172893	0.69135205312348
6.5016798525266	0.69135260484910
6.4918245560849	0.69135314565796
6.4819990918919	0.69135367553688
6.4722033246978	0.69135419447599
6.4624371200690	0.69135470246873
6.4527003443823	0.69135519951181
6.4429928648184	0.69135568560519
6.4333145493562	0.69135616075203
6.4236652667667	0.69135662495868
6.4140448866068	0.69135707823461
6.4044532792138	0.69135752059243
6.3948903156997	0.69135795204784
6.3853558679446	0.69135837261956
6.3758498085921	0.69135878232934
6.3663720110427	0.69135918120191
6.3569223494487	0.69135956926495
6.3475006987084	0.69135994654904
6.3381069344609	0.69136031308765
6.3287409330800	0.69136066891708
6.3194025716695	0.69136101407642
6.3100917280572	0.69136134860756
6.3008082807902	0.69136167255510
6.2915521091291	0.69136198596632
6.2823230930427	0.69136228889119
6.2731211132036	0.69136258138226
6.2639460509820	0.69136286349468
6.2547977884415	0.69136313528614
6.2456762083333	0.69136339681682
6.2365811940919	0.69136364814937
6.2275126298297	0.69136388934885
6.2184704003319	0.69136412048272
6.2094543910522	0.69136434162077
6.2004644881075	0.69136455283510
6.1915005782734	0.69136475420007
6.1825625489792	0.69136494579224
6.1736502883031	0.69136512769038
6.1647636849681	0.69136529997538
6.1559026283368	0.69136546273022
6.1470670084068	0.69136561603996
6.1382567158067	0.69136575999165
6.1294716417910	0.69136589467432
6.1207116782360	0.69136602017893
6.1119767176351	0.69136613659831
6.1032666530945	0.69136624402715
6.0945813783289	0.69136634256194
6.0859207876573	0.69136643230093
6.0772847759984	0.69136651334407
6.0686732388664	0.69136658579299
6.0600860723671	0.69136664975096
6.0515231731934	0.69136670532282
6.0429844386212	0.69136675261496
6.0344697665056	0.69136679173526
6.0259790552764	0.69136682279307
6.0175122039342	0.69136684589914
6.0090691120465	0.69136686116559
6.0006496797438	0.69136686870587
5.9922538077154	0.69136686863470
5.9838813972056	0.69136686106805
5.9755323500100	0.69136684612309
5.9672065684713	0.69136682391810
5.9589039554760	0.69136679457252
5.9506244144502	0.69136675820682
5.9423678493558	0.69136671494249
5.9341341646873	0.69136666490200
5.9259232654675	0.69136660820877
5.9177350572444	0.69136654498707
5.9095694460871	0.69136647536206
5.9014263385827	0.69136639945966
5.8933056418321	0.69136631740658
5.8852072634472	0.69136622933022
5.8771311115468	0.69136613535868
5.8690770947533	0.69136603562067
5.8610451221896	0.69136593024549
5.8530351034752	0.69136581936299
5.8450469487229	0.69136570310350
5.8370805685358	0.69136558159784
5.8291358740035	0.69136545497722
5.8212127766990	0.69136532337325
5.8133111886756	0.69136518691784
5.8054310224632	0.69136504574322
5.7975721910656	0.69136489998186
5.7897346079567	0.69136474976642
5.7819181870781	0.69136459522975
5.7741228428351	0.69136443650481
5.7663484900942	0.69136427372466
5.7585950441798	0.69136410702239
5.7508624208709	0.69136393653108
5.7431505363985	0.69136376238381
5.7354593074421	0.69136358471355
5.7277886511272	0.69136340365317
5.7201384850219	0.69136321933538
5.7125087271341	0.69136303189269
5.7048992959087	0.69136284145739
5.6973101102242	0.69136264816148
5.6897410893908	0.69136245213666
5.6821921531463	0.69136225351427
5.6746632216544	0.69136205242529
5.6671542155009	0.69136184900023
5.6596650556919	0.69136164336918
5.6521956636501	0.69136143566172
5.6447459612126	0.69136122600689
5.6373158706281	0.69136101453315
5.6299053145540	0.69136080136838
5.6225142160540	0.69136058663979
5.6151424985952	0.69136037047393
5.6077900860456	0.69136015299664
5.6004569026714	0.69135993433299
5.5931428731343	0.69135971460730
5.5858479224893	0.69135949394306
5.5785719761816	0.69135927246290
5.5713149600446	0.69135905028860
5.5640768002970	0.69135882754101
5.5568574235403	0.69135860434002
5.5496567567568	0.69135838080456
5.5424747273063	0.69135815705257
5.5353112629247	0.69135793320090
5.5281662917204	0.69135770936539
5.5210397421731	0.69135748566073
5.5139315431304	0.69135726220052
5.5068416238060	0.69135703909716
5.4997699137773	0.69135681646190
5.4927163429828	0.69135659440476
5.4856808417200	0.69135637303451
5.4786633406433	0.69135615245865
5.4716637707611	0.69135593278340
5.4646820634342	0.69135571411363
5.4577181503732	0.69135549655287
5.4507719636364	0.69135528020328
5.4438434356274	0.69135506516561
5.4369324990932	0.69135485153918
5.4300390871219	0.69135463942188
5.4231631331404	0.69135442891009
5.4163045709124	0.69135422009873
5.4094633345363	0.69135401308118
5.4026393584430	0.69135380794927
5.3958325773938	0.69135360479330
5.3890429264785	0.69135340370193
5.3822703411131	0.69135320476227
5.3755147570378	0.69135300805977
5.3687761103152	0.69135281367824
5.3620543373278	0.69135262169983
5.3553493747767	0.69135243220501
5.3486611596789	0.69135224527252
5.3419896293656	0.69135206097943
5.3353347214807	0.69135187940101
5.3286963739780	0.69135170061084
5.3220745251198	0.69135152468068
5.3154691134752	0.69135135168054
5.3088800779175	0.69135118167861
5.3023073576229	0.69135101474126
5.2957508920685	0.69135085093305
5.2892106210303	0.69135069031670
5.2826864845815	0.69135053295304
5.2761784230905	0.69135037890108
5.2696863772192	0.69135022821791
5.2632102879213	0.69135008095876
5.2567500964405	0.69134993717693
5.2503057443082	0.69134979692385
5.2438771733427	0.69134966024899
5.2374643256464	0.69134952719990
5.2310671436050	0.69134939782221
5.2246855698850	0.69134927215958
5.2183195474326	0.69134915025374
5.2119690194715	0.69134903214443
5.2056339295016	0.69134891786945
5.1993142212973	0.69134880746461
5.1930098389052	0.69134870096376
5.1867207266436	0.69134859839876
5.1804468290997	0.69134849979947
5.1741880911288	0.69134840519377
5.1679444578521	0.69134831460757
5.1617158746556	0.69134822806475
5.1555022871883	0.69134814558722
5.1493036413604	0.69134806719487
5.1431198833419	0.69134799290560
5.1369509595613	0.69134792273532
5.1307968167037	0.69134785669793
5.1246574017094	0.69134779480534
5.1185326617722	0.69134773706746
5.1124225443383	0.69134768349221
5.1063269971044	0.69134763408551
5.1002459680163	0.69134758885130
5.0941794052676	0.69134754779155
5.0881272572980	0.69134751090621
5.0820894727920	0.69134747819329
5.0760660006773	0.69134744964882
5.0700567901235	0.69134742526686
5.0640617905405	0.69134740503952
5.0580809515775	0.69134738895696
5.0521142231210	0.69134737700739
5.0461615552937	0.69134736917709
5.0402228984533	0.69134736545042
5.0342982031906	0.69134736580980
5.0283874203287	0.69134737023577
5.0224905009214	0.69134737870696
5.0166073962517	0.69134739120011
5.0107380578305	0.69134740769009
5.0048824373957	0.69134742814991
4.9990404869101	0.69134745255072
4.9932121585610	0.69134748086184
4.9873974047579	0.69134751305076
4.9815961781323	0.69134754908316
4.9758084315353	0.69134758892291
4.9700341180371	0.69134763253213
4.9642731909256	0.69134767987115
4.9585256037049	0.69134773089855
4.9527913100942	0.69134778557117
4.9470702640264	0.69134784384415
4.9413624196473	0.69134790567091
4.9356677313138	0.69134797100321
4.9299861535932	0.69134803979114
4.9243176412615	0.69134811198311
4.9186621493027	0.69134818752595
4.9130196329072	0.69134826636486
4.9073900474709	0.69134834844346
4.9017733485939	0.69134843370379
4.8961694920790	0.69134852208638
4.8905784339315	0.69134861353018
4.8850001303569	0.69134870797270
4.8794345377604	0.69134880534993
4.8738816127459	0.69134890559642
4.8683413121143	0.69134900864528
4.8628135928629	0.69134911442821
4.8572984121841	0.69134922287553
4.8517957274640	0.69134933391620
4.8463054962819	0.69134944747785
4.8408276764088	0.69134956348677
4.8353622258065	0.69134968186801
4.8299091026261	0.69134980254532
4.8244682652076	0.69134992544124
4.8190396720784	0.69135005047711
4.8136232819525	0.69135017757308
4.8082190537289	0.69135030664815
4.8028269464915	0.69135043762019
4.7974469195071	0.69135057040601
4.7920789322251	0.69135070492131
4.7867229442759	0.69135084108080
4.7813789154705	0.69135097879813
4.7760468057989	0.69135111798603
4.7707265754297	0.69135125855624
4.7654181847083	0.69135140041960
4.7601215941569	0.69135154348608
4.7548367644726	0.69135168766477
4.7495636565272	0.69135183286394
4.7443022313657	0.69135197899110
4.7390524502055	0.69135212595295
4.7338142744355	0.69135227365551
4.7285876656151	0.69135242200407
4.7233725854735	0.69135257090329
4.7181689959081	0.69135272025717
4.7129768589844	0.69135286996914
4.7077961369347	0.69135301994206
4.7026267921569	0.69135317007825
4.6974687872140	0.69135332027956
4.6923220848333	0.69135347044735
4.6871866479049	0.69135362048258
4.6820624394815	0.69135377028581
4.6769494227769	0.69135391975724
4.6718475611657	0.69135406879677
4.6667568181818	0.69135421730399
4.6616771575183	0.69135436517824
4.6566085430258	0.69135451231868
4.6515509387122	0.69135465862425
4.6465043087415	0.69135480399377
4.6414686174330	0.69135494832595
4.6364438292607	0.69135509151943
4.6314299088522	0.69135523347282
4.6264268209877	0.69135537408473
4.6214345305997	0.69135551325380
4.6164530027718	0.69135565087877
4.6114822027380	0.69135578685848
4.6065220958820	0.69135592109192
4.6015726477360	0.69135605347825
4.5966338239804	0.69135618391690
4.5917055904426	0.69135631230752
4.5867879130967	0.69135643855008
4.5818807580621	0.69135656254488
4.5769840916031	0.69135668419259
4.5720978801281	0.69135680339431
4.5672220901889	0.69135692005155
4.5623566884797	0.69135703406636
4.5575016418364	0.69135714534126
4.5526569172361	0.69135725377937
4.5478224817961	0.69135735928438
4.5429983027731	0.69135746176065
4.5381843475628	0.69135756111318
4.5333805836988	0.69135765724769
4.5285869788520	0.69135775007066
4.5238035008299	0.69135783948934
4.5190301175761	0.69135792541182
4.5142667971691	0.69135800774702
4.5095135078219	0.69135808640479
4.5047702178813	0.69135816129589
4.5000368958271	0.69135823233206
4.4953135102714	0.69135829942605
4.4906000299581	0.69135836249164
4.4858964237618	0.69135842144370
4.4812026606876	0.69135847619821
4.4765187098701	0.69135852667232
4.4718445405728	0.69135857278434
4.4671801221875	0.69135861445383
4.4625254242334	0.69135865160160
4.4578804163569	0.69135868414974
4.4532450683304	0.69135871202170
4.4486193500519	0.69135873514228
4.4440032315446	0.69135875343768
4.4393966829557	0.69135876683553
4.4347996745562	0.69135877526494
4.4302121767401	0.69135877865652
4.4256341600236	0.69135877694242
4.4210655950450	0.69135877005636
4.4165064525633	0.69135875793366
4.4119567034584	0.69135874051129
4.4074163187298	0.69135871772786
4.4028852694963	0.69135868952373
4.3983635269953	0.69135865584096
4.3938510625824	0.69135861662339
4.3893478477306	0.69135857181665
4.3848538540295	0.69135852136820
4.3803690531853	0.69135846522737
4.3758934170194	0.69135840334538
4.3714269174686	0.69135833567537
4.3669695265841	0.69135826217241
4.3625212165309	0.69135818279359
4.3580819595871	0.69135809749797
4.3536517281441	0.69135800624666
4.3492304947048	0.69135790900284
4.3448182318841	0.69135780573180
4.3404149124077	0.69135769640090
4.3360205091119	0.69135758097970
4.3316349949429	0.69135745943990
4.3272583429561	0.69135733175541
4.3228905263158	0.69135719790236
4.3185315182944	0.69135705785914
4.3141812922723	0.69135691160640
4.3098398217366	0.69135675912708
4.3055070802815	0.69135660040647
4.3011830416069	0.69135643543217
4.2968676795184	0.69135626419417
4.2925609679267	0.69135608668483
4.2882628808468	0.69135590289891
4.2839733923978	0.69135571283364
4.2796924768023	0.69135551648864
4.2754201083856	0.69135531386605
4.2711562615757	0.69135510497046
4.2669009109024	0.69135488980899
4.2626540309967	0.69135466839125
4.2584155965909	0.69135444072942
4.2541855825174	0.69135420683822
4.2499639637085	0.69135396673494
4.2457507151961	0.69135372043947
4.2415458121109	0.69135346797428
4.2373492296820	0.69135320936446
4.2331609432364	0.69135294463772
4.2289809281986	0.69135267382443
4.2248091600902	0.69135239695759
4.2206456145291	0.69135211407286
4.2164902672293	0.69135182520858
4.2123430940003	0.69135153040577
4.2082040707468	0.69135122970813
4.2040731734680	0.69135092316206
4.1999503782572	0.69135061081667
4.1958356613016	0.69135029272377
4.1917289988814	0.69134996893788
4.1876303673697	0.69134963951626
4.1835397432319	0.69134930451888
4.1794571030252	0.69134896400843
4.1753824233983	0.69134861805035
4.1713156810909	0.69134826671279
4.1672568529330	0.69134791006664
4.1632059158450	0.69134754818552
4.1591628468368	0.69134718114578
4.1551276230076	0.69134680902650
4.1511002215453	0.69134643190949
4.1470806197261	0.69134604987926
4.1430687949143	0.69134566302306
4.1390647245616	0.69134527143084
4.1350683862069	0.69134487519526
4.1310797574755	0.69134447441167
4.1270988160793	0.69134406917812
4.1231255398157	0.69134365959534
4.1191599065677	0.69134324576671
4.1152018943034	0.69134282779830
4.1112514810752	0.69134240579881
4.1073086450199	0.69134197987957
4.1033733643581	0.69134155015455
4.0994456173937	0.69134111674030
4.0955253825137	0.69134067975597
4.0916126381875	0.69134023932331
4.0877073629670	0.69133979556658
4.0838095354856	0.69133934861260
4.0799191344584	0.69133889859071
4.0760361386812	0.69133844563274
4.0721605270307	0.69133798987299
4.0682922784638	0.69133753144821
4.0644313720174	0.69133707049759
4.0605777868075	0.69133660716270
4.0567315020298	0.69133614158751
4.0528924969582	0.69133567391832
4.0490607509454	0.69133520430376
4.0452362434219	0.69133473289474
4.0414189538959	0.69133425984445
4.0376088619529	0.69133378530827
4.0338059472551	0.69133330944383
4.0300101895416	0.69133283241088
4.0262215686274	0.69133235437132
4.0224400644036	0.69133187548912
4.0186656568365	0.69133139593034
4.0148983259676	0.69133091586301
4.0111380519133	0.69133043545717
4.0073848148643	0.69132995488480
4.0036385950855	0.69132947431975
3.9998993729153	0.69132899393774
3.9961671287657	0.69132851391629
3.9924418431216	0.69132803443469
3.9887234965407	0.69132755567394
3.9850120696531	0.69132707781671
3.9813075431607	0.69132660104730
3.9776098978373	0.69132612555156
3.9739191145281	0.69132565151689
3.9702351741491	0.69132517913212
3.9665580576872	0.69132470858753
3.9628877461996	0.69132424007473
3.9592242208135	0.69132377378666
3.9555674627260	0.69132330991748
3.9519174532033	0.69132284866256
3.9482741735809	0.69132239021839
3.9446376052632	0.69132193478252
3.9410077297226	0.69132148255351
3.9373845285001	0.69132103373088
3.9337679832043	0.69132058851499
3.9301580755113	0.69132014710706
3.9265547871644	0.69131970970901
3.9229580999738	0.69131927652347
3.9193679958164	0.69131884775366
3.9157844566353	0.69131842360334
3.9122074644395	0.69131800427673
3.9086370013038	0.69131758997846
3.9050730493682	0.69131718091346
3.9015155908381	0.69131677728691
3.8979646079834	0.69131637930413
3.8944200831385	0.69131598717056
3.8908819987021	0.69131560109163
3.8873503371369	0.69131522127269
3.8838250809690	0.69131484791894
3.8803062127880	0.69131448123534
3.8767937152463	0.69131412142651
3.8732875710594	0.69131376869668
3.8697877630050	0.69131342324956
3.8662942739231	0.69131308528828
3.8628070867156	0.69131275501531
3.8593261843460	0.69131243263232
3.8558515498392	0.69131211834013
3.8523831662812	0.69131181233860
3.8489210168186	0.69131151482656
3.8454650846588	0.69131122600167
3.8420153530693	0.69131094606036
3.8385718053777	0.69131067519768
3.8351344249712	0.69131041360728
3.8317031952965	0.69131016148125
3.8282780998595	0.69130991901001
3.8248591222251	0.69130968638224
3.8214462460166	0.69130946378476
3.8180394549159	0.69130925140243
3.8146387326632	0.69130904941802
3.8112440630562	0.69130885801213
3.8078554299505	0.69130867736304
3.8044728172589	0.69130850764665
3.8010962089514	0.69130834903632
3.7977255890550	0.69130820170279
3.7943609416530	0.69130806581402
3.7910022508852	0.69130794153513
3.7876495009476	0.69130782902823
3.7843026760919	0.69130772845234
3.7809617606256	0.69130763996322
3.7776267389113	0.69130756371331
3.7742975953670	0.69130749985156
3.7709743144654	0.69130744852331
3.7676568807339	0.69130740987018
3.7643452787544	0.69130738402993
3.7610394931627	0.69130737113634
3.7577395086488	0.69130737131908
3.7544453099562	0.69130738470355
3.7511568818819	0.69130741141079
3.7478742092762	0.69130745155732
3.7445972770422	0.69130750525500
3.7413260701360	0.69130757261093
3.7380605735661	0.69130765372725
3.7348007723932	0.69130774870107
3.7315466517301	0.69130785762426
3.7282981967417	0.69130798058338
3.7250553926441	0.69130811765948
3.7218182247052	0.69130826892798
3.7185866782436	0.69130843445853
3.7153607386293	0.69130861431483
3.7121403912828	0.69130880855453
3.7089256216751	0.69130901722906
3.7057164153276	0.69130924038346
3.7025127578115	0.69130947805625
3.6993146347483	0.69130973027928
3.6961220318087	0.69130999707756
3.6929349347130	0.69131027846912
3.6897533292308	0.69131057446485
3.6865772011805	0.69131088506832
3.6834065364295	0.69131121027567
3.6802413208937	0.69131155007539
3.6770815405372	0.69131190444822
3.6739271813725	0.69131227336694
3.6707782294600	0.69131265679621
3.6676346709078	0.69131305469246
3.6644964918714	0.69131346700364
3.6613636785540	0.69131389366914
3.6582362172056	0.69131433461953
3.6551140941234	0.69131478977648
3.6519972956511	0.69131525905254
3.6488858081792	0.69131574235098
3.6457796181442	0.69131623956560
3.6426787120292	0.69131675058058
3.6395830763628	0.69131727527033
3.6364926977196	0.69131781349923
3.6334075627197	0.69131836512155
3.6303276580286	0.69131892998121
3.6272529703569	0.69131950791162
3.6241834864603	0.69132009873551
3.6211191931393	0.69132070226473
3.6180600772387	0.69132131830008
3.6150061256481	0.69132194663113
3.6119573253012	0.69132258703604
3.6089136631756	0.69132323928134
3.6058751262930	0.69132390312181
3.6028417017185	0.69132457830022
3.5998133765610	0.69132526454720
3.5967901379724	0.69132596158101
3.5937719731479	0.69132666910740
3.5907588693257	0.69132738681936
3.5877508137865	0.69132811439697
3.5847477938539	0.69132885150721
3.5817497968937	0.69132959780372
3.5787568103140	0.69133035292668
3.5757688215649	0.69133111650255
3.5727858181385	0.69133188814390
3.5698077875685	0.69133266744923
3.5668347174301	0.69133345400274
3.5638665953400	0.69133424737416
3.5609034089559	0.69133504711853
3.5579451459767	0.69133585277603
3.5549917941421	0.69133666387174
3.5520433412322	0.69133747991547
3.5490997750681	0.69133830040155
3.5461610835108	0.69133912480861
3.5432272544616	0.69133995259943
3.5402982758621	0.69134078322065
3.5373741356932	0.69134161610266
3.5344548219759	0.69134245065932
3.5315403227706	0.69134328628781
3.5286306261770	0.69134412236836
3.5257257203340	0.69134495826413
3.5228255934195	0.69134579332093
3.5199302336503	0.69134662686701
3.5170396292820	0.69134745821294
3.5141537686086	0.69134828665128
3.5112726399625	0.69134911145645
3.5083962317145	0.69134993188452
3.5055245322732	0.69135074717295
3.5026575300853	0.69135155654041
3.4997952136353	0.69135235918659
3.4969375714452	0.69135315429194
3.4940845920746	0.69135394101749
3.4912362641202	0.69135471850463
3.4883925762160	0.69135548587489
3.4855535170329	0.69135624222975
3.4827190752788	0.69135698665039
3.4798892396982	0.69135771819750
3.4770639990721	0.69135843591107
3.4742433422181	0.69135913881015
3.4714272579898	0.69135982589267
3.4686157352771	0.69136049613519
3.4658087630058	0.69136114849270
3.4630063301375	0.69136178189843
3.4602084256694	0.69136239526358
3.4574150386345	0.69136298747714
3.4546261581009	0.69136355740568
3.4518417731721	0.69136410389311
3.4490618729867	0.69136462576048
3.4462864467180	0.69136512180575
3.4435154835745	0.69136559080359
3.4407489727993	0.69136603150517
3.4379869036697	0.69136644263790
3.4352292654979	0.69136682290527
3.4324760476300	0.69136717098659
3.4297272394463	0.69136748553679
3.4269828303612	0.69136776518623
3.4242428098230	0.69136800854042
3.4215071673134	0.69136821417988
3.4187758923480	0.69136838065986
3.4160489744758	0.69136850651016
3.4133264032791	0.69136859023493
3.4106081683732	0.69136863031238
3.4078942594066	0.69136862519467
3.4051846660609	0.69136857330761
3.4024793780502	0.69136847305049
3.3997783851213	0.69136832279584
3.3970816770538	0.69136812088924
3.3943892436594	0.69136786564911
3.3917010747822	0.69136755536646
3.3890171602984	0.69136718830472
3.3863374901163	0.69136676269951
3.3836620541761	0.69136627675840
3.3809908424495	0.69136572866078
3.3783238449403	0.69136511655754
3.3756610516834	0.69136443857097
3.3730024527453	0.69136369279447
3.3703480382237	0.69136287729237
3.3676977982476	0.69136199009973
3.3650517229768	0.69136102922214
3.3624098026021	0.69135999263547
3.3597720273451	0.69135887828572
3.3571383874580	0.69135768408877
3.3545088732237	0.69135640793020
3.3518834749553	0.69135504766510
3.3492621829963	0.69135360111781
3.3466449877205	0.69135206608181
3.3440318795315	0.69135044031942
3.3414228488631	0.69134872156167
3.3388178861789	0.69134690750808
3.3362169819720	0.69134499582645
3.3336201267653	0.69134298415269
3.3310273111111	0.69134087009061
