#Parameters = {thARC=0.8; nARC=1; thsub=1; p=1; nSub=3.75}
#"Wavelength / um"	"T (599) [Real Part]"
#---------------------------------------
14.989622900000	0.66481912467209
14.937342202292	0.66486932201728
14.885424925521	0.66491802603603
14.833867293419	0.66496525775262
14.782665581854	0.66501103809413
14.731816117936	0.66505538788849
14.681315279138	0.66509832786276
14.631159492435	0.66513987864125
14.581345233463	0.66518006074388
14.531869025691	0.66521889458436
14.482727439614	0.66525640046860
14.433917091960	0.66529259859303
14.385434644914	0.66532750904299
14.337276805356	0.66536115179120
14.289440324118	0.66539354669617
14.241921995249	0.66542471350075
14.194718655303	0.66545467183067
14.147827182633	0.66548344119305
14.101244496707	0.66551104097510
14.054967557431	0.66553749044268
14.008993364486	0.66556280873903
13.963318956684	0.66558701488345
13.917941411328	0.66561012777007
13.872857843591	0.66563216616663
13.828065405904	0.66565314871326
13.783561287356	0.66567309392136
13.739342713107	0.66569202017251
13.695406943810	0.66570994571731
13.651751275046	0.66572688867439
13.608373036768	0.66574286702937
13.565269592760	0.66575789863390
13.522438340099	0.66577200120467
13.479876708633	0.66578519232251
13.437582160466	0.66579748943151
13.395552189455	0.66580890983816
13.353784320713	0.66581947071052
13.312276110124	0.66582918907745
13.271025143869	0.66583808182782
13.230029037952	0.66584616570982
13.189285437747	0.66585345733023
13.148792017544	0.66585997315375
13.108546480105	0.66586572950242
13.068546556234	0.66587074255493
13.028790004346	0.66587502834612
12.989274610052	0.66587860276640
12.949998185745	0.66588148156122
12.910958570198	0.66588368033061
12.872153628167	0.66588521452873
12.833581250000	0.66588609946338
12.795239351259	0.66588635029568
12.757125872340	0.66588598203964
12.719238778108	0.66588500956182
12.681576057530	0.66588344758106
12.644135723323	0.66588131066812
12.606915811606	0.66587861324546
12.569914381551	0.66587536958701
12.533129515050	0.66587159381791
12.496559316382	0.66586729991439
12.460201911887	0.66586250170356
12.424055449648	0.66585721286332
12.388118099174	0.66585144692219
12.352388051092	0.66584521725931
12.316863516845	0.66583853710431
12.281542728390	0.66583141953730
12.246423937908	0.66582387748889
12.211505417515	0.66581592374016
12.176785458976	0.66580757092272
12.142262373431	0.66579883151875
12.107934491115	0.66578971786112
12.073800161095	0.66578024213347
12.039857751004	0.66577041637033
12.006105646776	0.66576025245729
11.972542252396	0.66574976213117
11.939165989646	0.66573895698020
11.905975297855	0.66572784844424
11.872968633663	0.66571644781500
11.840144470774	0.66570476623634
11.807501299724	0.66569281470450
11.775037627651	0.66568060406841
11.742751978065	0.66566814503000
11.710642890625	0.66565544814454
11.678708920919	0.66564252382101
11.646948640249	0.66562938232241
11.615360635413	0.66561603376625
11.583943508501	0.66560248812485
11.552695876686	0.66558875522583
11.521616372022	0.66557484475255
11.490703641242	0.66556076624455
11.459956345566	0.66554652909803
11.429373160503	0.66553214256636
11.398952775665	0.66551761576057
11.368693894577	0.66550295764989
11.338595234493	0.66548817706228
11.308655526217	0.66547328268500
11.278873513920	0.66545828306517
11.249247954972	0.66544318661036
11.219777619760	0.66542800158921
11.190461291527	0.66541273613201
11.161297766195	0.66539739823136
11.132285852209	0.66538199574282
11.103424370370	0.66536653638551
11.074712153676	0.66535102774287
11.046148047163	0.66533547726327
11.017730907755	0.66531989226072
10.989459604106	0.66530427991563
10.961333016453	0.66528864727545
10.933350036470	0.66527300125546
10.905509567115	0.66525734863952
10.877810522496	0.66524169608077
10.850251827723	0.66522605010244
10.822832418773	0.66521041709863
10.795551242348	0.66519480333508
10.768407255747	0.66517921494998
10.741399426729	0.66516365795476
10.714526733381	0.66514813823494
10.687788163993	0.66513266155094
10.661182716927	0.66511723353889
10.634709400497	0.66510185971154
10.608367232838	0.66508654545907
10.582155241793	0.66507129604996
10.556072464789	0.66505611663186
10.530117948718	0.66504101223250
10.504290749825	0.66502598776054
10.478589933590	0.66501104800648
10.453014574616	0.66499619764359
10.427563756522	0.66498144122878
10.402236571825	0.66496678320353
10.377032121841	0.66495222789484
10.351949516575	0.66493777951614
10.326987874612	0.66492344216822
10.302146323024	0.66490921984020
10.277423997257	0.66489511641045
10.252820041040	0.66488113564757
10.228333606278	0.66486728121136
10.203963852961	0.66485355665373
10.179709949066	0.66483996541975
10.155571070461	0.66482651084856
10.131546400811	0.66481319617441
10.107635131490	0.66480002452759
10.083836461487	0.66478699893545
10.060149597315	0.66477412232340
10.036573752929	0.66476139751590
10.013108149633	0.66474882723745
9.9897520159947	0.66473641411361
9.9665045877660	0.66472416067200
9.9433651077944	0.66471206934335
9.9203328259431	0.66470014246243
9.8974069990096	0.66468838226917
9.8745868906456	0.66467679090960
9.8518717712783	0.66466537043692
9.8292609180328	0.66465412281250
9.8067536146549	0.66464304990693
9.7843491514360	0.66463215350102
9.7620468251384	0.66462143528687
9.7398459389214	0.66461089686887
9.7177458022690	0.66460053976473
9.6957457309185	0.66459036540655
9.6738450467893	0.66458037514184
9.6520430779137	0.66457057023453
9.6303391583681	0.66456095186606
9.6087326282051	0.66455152113638
9.5872228333866	0.66454227906499
9.5658091257179	0.66453322659202
9.5444908627826	0.66452436457920
9.5232674078780	0.66451569381099
9.5021381299525	0.66450721499553
9.4811024035421	0.66449892876573
9.4601596087094	0.66449083568032
9.4393091309824	0.66448293622483
9.4185503612944	0.66447523081271
9.3978826959248	0.66446771978628
9.3773055364404	0.66446040341784
9.3568182896380	0.66445328191065
9.3364203674868	0.66444635540001
9.3161111870727	0.66443962395426
9.2958901705426	0.66443308757580
9.2757567450495	0.66442674620218
9.2557103426984	0.66442059970705
9.2357504004929	0.66441464790125
9.2158763602828	0.66440889053378
9.1960876687117	0.66440332729286
9.1763837771656	0.66439795780694
9.1567641417227	0.66439278164571
9.1372282231027	0.66438779832111
9.1177754866180	0.66438300728835
9.0984054021244	0.66437840794693
9.0791174439733	0.66437399964162
9.0599110909640	0.66436978166348
9.0407858262967	0.66436575325086
9.0217411375263	0.66436191359037
9.0027765165165	0.66435826181794
8.9838914593947	0.66435479701972
8.9650854665072	0.66435151823315
8.9463580423754	0.66434842444787
8.9277086956522	0.66434551460677
8.9091369390788	0.66434278760690
8.8906422894425	0.66434024230051
8.8722242675348	0.66433787749592
8.8538823981099	0.66433569195861
8.8356162098438	0.66433368441206
8.8174252352941	0.66433185353878
8.7993090108600	0.66433019798123
8.7812670767428	0.66432871634278
8.7632989769073	0.66432740718863
8.7454042590432	0.66432626904679
8.7275824745269	0.66432530040895
8.7098331783847	0.66432449973146
8.6921559292549	0.66432386543622
8.6745502893519	0.66432339591162
8.6570158244297	0.66432308951345
8.6395521037464	0.66432294456577
8.6221587000288	0.66432295936186
8.6048351894374	0.66432313216510
8.5875811515325	0.66432346120986
8.5703961692396	0.66432394470237
8.5532798288160	0.66432458082161
8.5362317198178	0.66432536772021
8.5192514350668	0.66432630352528
8.5023385706183	0.66432738633929
8.4854927257288	0.66432861424094
8.4687135028249	0.66432998528596
8.4520005074711	0.66433149750805
8.4353533483399	0.66433314891960
8.4187716371806	0.66433493751263
8.4022549887892	0.66433686125955
8.3858030209790	0.66433891811401
8.3694153545505	0.66434110601169
8.3530916132627	0.66434342287114
8.3368314238042	0.66434586659456
8.3206344157646	0.66434843506859
8.3045002216066	0.66435112616512
8.2884284766381	0.66435393774206
8.2724188189845	0.66435686764410
8.2564708895621	0.66435991370350
8.2405843320506	0.66436307374086
8.2247587928669	0.66436634556584
8.2089939211391	0.66436972697793
8.1932893686800	0.66437321576719
8.1776447899618	0.66437680971498
8.1620598420909	0.66438050659471
8.1465341847826	0.66438430417250
8.1310674803363	0.66438820020797
8.1156593936113	0.66439219245489
8.1003095920022	0.66439627866189
8.0850177454153	0.66440045657317
8.0697835262450	0.66440472392916
8.0546066093498	0.66440907846723
8.0394866720300	0.66441351792231
8.0244233940043	0.66441804002761
8.0094164573871	0.66442264251521
7.9944655466667	0.66442732311677
7.9795703486825	0.66443207956412
7.9647305526036	0.66443690958994
7.9499458499072	0.66444181092832
7.9352159343568	0.66444678131546
7.9205405019815	0.66445181849019
7.9059192510549	0.66445692019465
7.8913518820742	0.66446208417483
7.8768380977404	0.66446730818118
7.8623776029373	0.66447258996919
7.8479701047120	0.66447792729995
7.8336153122550	0.66448331794073
7.8193129368805	0.66448875966550
7.8050626920073	0.66449425025554
7.7908642931393	0.66449978749990
7.7767174578470	0.66450536919600
7.7626219057483	0.66451099315012
7.7485773584906	0.66451665717793
7.7345835397317	0.66452235910497
7.7206401751223	0.66452809676720
7.7067469922879	0.66453386801144
7.6929037208109	0.66453967069590
7.6791100922131	0.66454550269062
7.6653658399386	0.66455136187796
7.6516706993364	0.66455724615306
7.6380244076433	0.66456315342428
7.6244267039674	0.66456908161364
7.6108773292714	0.66457502865729
7.5973760263558	0.66458099250591
7.5839225398432	0.66458697112513
7.5705166161616	0.66459296249597
7.5571580035291	0.66459896461519
7.5438464519376	0.66460497549576
7.5305817131374	0.66461099316718
7.5173635406219	0.66461701567592
7.5041916896120	0.66462304108574
7.4910659170415	0.66462906747810
7.4779859815415	0.66463509295246
7.4649516434263	0.66464111562671
7.4519626646781	0.66464713363743
7.4390188089330	0.66465314514027
7.4261198414664	0.66465914831028
7.4132655291790	0.66466514134218
7.4004556405826	0.66467112245071
7.3876899457861	0.66467708987094
7.3749682164822	0.66468304185851
7.3622902259332	0.66468897668998
7.3496557489581	0.66469489266305
7.3370645619187	0.66470078809688
7.3245164427071	0.66470666133230
7.3120111707317	0.66471251073212
7.2995485269053	0.66471833468134
7.2871282936315	0.66472413158738
7.2747502547925	0.66472989988035
7.2624141957364	0.66473563801323
7.2501199032648	0.66474134446213
7.2378671656205	0.66474701772645
7.2256557724753	0.66475265632911
7.2134855149182	0.66475825881675
7.2013561854432	0.66476382375987
7.1892675779376	0.66476934975305
7.1772194876706	0.66477483541513
7.1652117112811	0.66478027938932
7.1532440467669	0.66478568034339
7.1413162934731	0.66479103696981
7.1294282520809	0.66479634798590
7.1175797245964	0.66480161213394
7.1057705143399	0.66480682818131
7.0940004259347	0.66481199492060
7.0822692652965	0.66481711116975
7.0705768396226	0.66482217577210
7.0589229573817	0.66482718759651
7.0473074283028	0.66483214553749
7.0357300633654	0.66483704851522
7.0241906747891	0.66484189547564
7.0126890760234	0.66484668539054
7.0012250817375	0.66485141725761
6.9897985078107	0.66485609010049
6.9784091713222	0.66486070296880
6.9670568905415	0.66486525493823
6.9557414849188	0.66486974511052
6.9444627750753	0.66487417261350
6.9332205827937	0.66487853660113
6.9220147310090	0.66488283625350
6.9108450437990	0.66488707077683
6.8997113463751	0.66489123940347
6.8886134650735	0.66489534139191
6.8775512273457	0.66489937602675
6.8665244617499	0.66490334261869
6.8555329979419	0.66490724050449
6.8445766666667	0.66491106904696
6.8336552997493	0.66491482763489
6.8227687300865	0.66491851568305
6.8119167916383	0.66492213263208
6.8010993194192	0.66492567794850
6.7903161494904	0.66492915112460
6.7795671189507	0.66493255167836
6.7688520659291	0.66493587915345
6.7581708295762	0.66493913311905
6.7475232500563	0.66494231316983
6.7369091685393	0.66494541892585
6.7263284271932	0.66494845003245
6.7157808691756	0.66495140616012
6.7052663386267	0.66495428700446
6.6947846806610	0.66495709228600
6.6843357413601	0.66495982175011
6.6739193677649	0.66496247516687
6.6635354078684	0.66496505233094
6.6531837106081	0.66496755306143
6.6428641258586	0.66496997720174
6.6325765044248	0.66497232461944
6.6223206980340	0.66497459520610
6.6120965593295	0.66497678887713
6.6019039418630	0.66497890557166
6.5917427000879	0.66498094525230
6.5816126893524	0.66498290790505
6.5715137658922	0.66498479353908
6.5614457868243	0.66498660218655
6.5514086101399	0.66498833390243
6.5414020946978	0.66498998876435
6.5314261002179	0.66499156687232
6.5214804872743	0.66499306834864
6.5115651172893	0.66499449333762
6.5016798525266	0.66499584200539
6.4918245560849	0.66499711453971
6.4819990918919	0.66499831114975
6.4722033246978	0.66499943206587
6.4624371200690	0.66500047753939
6.4527003443823	0.66500144784236
6.4429928648184	0.66500234326737
6.4333145493562	0.66500316412726
6.4236652667667	0.66500391075494
6.4140448866068	0.66500458350311
6.4044532792138	0.66500518274402
6.3948903156997	0.66500570886925
6.3853558679446	0.66500616228945
6.3758498085921	0.66500654343405
6.3663720110427	0.66500685275106
6.3569223494487	0.66500709070678
6.3475006987084	0.66500725778555
6.3381069344609	0.66500735448947
6.3287409330800	0.66500738133813
6.3194025716695	0.66500733886836
6.3100917280572	0.66500722763396
6.3008082807902	0.66500704820540
6.2915521091291	0.66500680116953
6.2823230930427	0.66500648712936
6.2731211132036	0.66500610670371
6.2639460509820	0.66500566052697
6.2547977884415	0.66500514924879
6.2456762083333	0.66500457353379
6.2365811940919	0.66500393406128
6.2275126298297	0.66500323152495
6.2184704003319	0.66500246663260
6.2094543910522	0.66500164010583
6.2004644881075	0.66500075267972
6.1915005782734	0.66499980510255
6.1825625489792	0.66499879813550
6.1736502883031	0.66499773255236
6.1647636849681	0.66499660913917
6.1559026283368	0.66499542869397
6.1470670084068	0.66499419202647
6.1382567158067	0.66499289995775
6.1294716417910	0.66499155331991
6.1207116782360	0.66499015295583
6.1119767176351	0.66498869971880
6.1032666530945	0.66498719447221
6.0945813783289	0.66498563808929
6.0859207876573	0.66498403145272
6.0772847759984	0.66498237545437
6.0686732388664	0.66498067099496
6.0600860723671	0.66497891898375
6.0515231731934	0.66497712033822
6.0429844386212	0.66497527598376
6.0344697665056	0.66497338685335
6.0259790552764	0.66497145388723
6.0175122039342	0.66496947803260
6.0090691120465	0.66496746024328
6.0006496797438	0.66496540147942
5.9922538077154	0.66496330270718
5.9838813972056	0.66496116489837
5.9755323500100	0.66495898903017
5.9672065684713	0.66495677608484
5.9589039554760	0.66495452704932
5.9506244144502	0.66495224291499
5.9423678493558	0.66494992467733
5.9341341646873	0.66494757333559
5.9259232654675	0.66494518989248
5.9177350572444	0.66494277535389
5.9095694460871	0.66494033072852
5.9014263385827	0.66493785702761
5.8933056418321	0.66493535526462
5.8852072634472	0.66493282645491
5.8771311115468	0.66493027161542
5.8690770947533	0.66492769176442
5.8610451221896	0.66492508792112
5.8530351034752	0.66492246110542
5.8450469487229	0.66491981233759
5.8370805685358	0.66491714263797
5.8291358740035	0.66491445302666
5.8212127766990	0.66491174452322
5.8133111886756	0.66490901814639
5.8054310224632	0.66490627491377
5.7975721910656	0.66490351584155
5.7897346079567	0.66490074194417
5.7819181870781	0.66489795423409
5.7741228428351	0.66489515372144
5.7663484900942	0.66489234141379
5.7585950441798	0.66488951831582
5.7508624208709	0.66488668542905
5.7431505363985	0.66488384375156
5.7354593074421	0.66488099427772
5.7277886511272	0.66487813799788
5.7201384850219	0.66487527589815
5.7125087271341	0.66487240896005
5.7048992959087	0.66486953816033
5.6973101102242	0.66486666447063
5.6897410893908	0.66486378885725
5.6821921531463	0.66486091228085
5.6746632216544	0.66485803569626
5.6671542155009	0.66485516005216
5.6596650556919	0.66485228629083
5.6521956636501	0.66484941534792
5.6447459612126	0.66484654815221
5.6373158706281	0.66484368562533
5.6299053145540	0.66484082868153
5.6225142160540	0.66483797822744
5.6151424985952	0.66483513516184
5.6077900860456	0.66483230037541
5.6004569026714	0.66482947475053
5.5931428731343	0.66482665916099
5.5858479224893	0.66482385447183
5.5785719761816	0.66482106153907
5.5713149600446	0.66481828120955
5.5640768002970	0.66481551432062
5.5568574235403	0.66481276170001
5.5496567567568	0.66481002416562
5.5424747273063	0.66480730252523
5.5353112629247	0.66480459757641
5.5281662917204	0.66480191010623
5.5210397421731	0.66479924089111
5.5139315431304	0.66479659069664
5.5068416238060	0.66479396027735
5.4997699137773	0.66479135037655
5.4927163429828	0.66478876172616
5.4856808417200	0.66478619504649
5.4786633406433	0.66478365104613
5.4716637707611	0.66478113042171
5.4646820634342	0.66477863385782
5.4577181503732	0.66477616202674
5.4507719636364	0.66477371558838
5.4438434356274	0.66477129519006
5.4369324990932	0.66476890146641
5.4300390871219	0.66476653503917
5.4231631331404	0.66476419651710
5.4163045709124	0.66476188649579
5.4094633345363	0.66475960555757
5.4026393584430	0.66475735427137
5.3958325773938	0.66475513319254
5.3890429264785	0.66475294286283
5.3822703411131	0.66475078381017
5.3755147570378	0.66474865654860
5.3687761103152	0.66474656157818
5.3620543373278	0.66474449938485
5.3553493747767	0.66474247044033
5.3486611596789	0.66474047520205
5.3419896293656	0.66473851411301
5.3353347214807	0.66473658760174
5.3286963739780	0.66473469608218
5.3220745251198	0.66473283995362
5.3154691134752	0.66473101960061
5.3088800779175	0.66472923539289
5.3023073576229	0.66472748768531
5.2957508920685	0.66472577681781
5.2892106210303	0.66472410311529
5.2826864845815	0.66472246688761
5.2761784230905	0.66472086842953
5.2696863772192	0.66471930802063
5.2632102879213	0.66471778592532
5.2567500964405	0.66471630239275
5.2503057443082	0.66471485765680
5.2438771733427	0.66471345193606
5.2374643256464	0.66471208543378
5.2310671436050	0.66471075833785
5.2246855698850	0.66470947082083
5.2183195474326	0.66470822303987
5.2119690194715	0.66470701513673
5.2056339295016	0.66470584723780
5.1993142212973	0.66470471945405
5.1930098389052	0.66470363188110
5.1867207266436	0.66470258459915
5.1804468290997	0.66470157767307
5.1741880911288	0.66470061115234
5.1679444578521	0.66469968507115
5.1617158746556	0.66469879944837
5.1555022871883	0.66469795428760
5.1493036413604	0.66469714957721
5.1431198833419	0.66469638529036
5.1369509595613	0.66469566138506
5.1307968167037	0.66469497780419
5.1246574017094	0.66469433447561
5.1185326617722	0.66469373131214
5.1124225443383	0.66469316821168
5.1063269971044	0.66469264505723
5.1002459680163	0.66469216171698
5.0941794052676	0.66469171804438
5.0881272572980	0.66469131387823
5.0820894727920	0.66469094904272
5.0760660006773	0.66469062334754
5.0700567901235	0.66469033658798
5.0640617905405	0.66469008854500
5.0580809515775	0.66468987898532
5.0521142231210	0.66468970766155
5.0461615552937	0.66468957431227
5.0402228984533	0.66468947866215
5.0342982031906	0.66468942042204
5.0283874203287	0.66468939928911
5.0224905009214	0.66468941494697
5.0166073962517	0.66468946706577
5.0107380578305	0.66468955530234
5.0048824373957	0.66468967930034
4.9990404869101	0.66468983869034
4.9932121585610	0.66469003309002
4.9873974047579	0.66469026210428
4.9815961781323	0.66469052532538
4.9758084315353	0.66469082233311
4.9700341180371	0.66469115269492
4.9642731909256	0.66469151596610
4.9585256037049	0.66469191168990
4.9527913100942	0.66469233939775
4.9470702640264	0.66469279860937
4.9413624196473	0.66469328883298
4.9356677313138	0.66469380956544
4.9299861535932	0.66469436029246
4.9243176412615	0.66469494048875
4.9186621493027	0.66469554961823
4.9130196329072	0.66469618713418
4.9073900474709	0.66469685247946
4.9017733485939	0.66469754508669
4.8961694920790	0.66469826437846
4.8905784339315	0.66469900976748
4.8850001303569	0.66469978065685
4.8794345377604	0.66470057644021
4.8738816127459	0.66470139650197
4.8683413121143	0.66470224021751
4.8628135928629	0.66470310695341
4.8572984121841	0.66470399606765
4.8517957274640	0.66470490690980
4.8463054962819	0.66470583882131
4.8408276764088	0.66470679113568
4.8353622258065	0.66470776317867
4.8299091026261	0.66470875426860
4.8244682652076	0.66470976371651
4.8190396720784	0.66471079082641
4.8136232819525	0.66471183489554
4.8082190537289	0.66471289521459
4.8028269464915	0.66471397106793
4.7974469195071	0.66471506173385
4.7920789322251	0.66471616648484
4.7867229442759	0.66471728458779
4.7813789154705	0.66471841530426
4.7760468057989	0.66471955789073
4.7707265754297	0.66472071159884
4.7654181847083	0.66472187567566
4.7601215941569	0.66472304936392
4.7548367644726	0.66472423190229
4.7495636565272	0.66472542252562
4.7443022313657	0.66472662046523
4.7390524502055	0.66472782494913
4.7338142744355	0.66472903520230
4.7285876656151	0.66473025044696
4.7233725854735	0.66473146990284
4.7181689959081	0.66473269278742
4.7129768589844	0.66473391831623
4.7077961369347	0.66473514570308
4.7026267921569	0.66473637416038
4.6974687872140	0.66473760289937
4.6923220848333	0.66473883113041
4.6871866479049	0.66474005806323
4.6820624394815	0.66474128290724
4.6769494227769	0.66474250487178
4.6718475611657	0.66474372316638
4.6667568181818	0.66474493700109
4.6616771575183	0.66474614558670
4.6566085430258	0.66474734813502
4.6515509387122	0.66474854385919
4.6465043087415	0.66474973197395
4.6414686174330	0.66475091169588
4.6364438292607	0.66475208224372
4.6314299088522	0.66475324283863
4.6264268209877	0.66475439270447
4.6214345305997	0.66475553106806
4.6164530027718	0.66475665715949
4.6114822027380	0.66475777021237
4.6065220958820	0.66475886946413
4.6015726477360	0.66475995415626
4.5966338239804	0.66476102353462
4.5917055904426	0.66476207684972
4.5867879130967	0.66476311335697
4.5818807580621	0.66476413231694
4.5769840916031	0.66476513299570
4.5720978801281	0.66476611466502
4.5672220901889	0.66476707660269
4.5623566884797	0.66476801809277
4.5575016418364	0.66476893842586
4.5526569172361	0.66476983689938
4.5478224817961	0.66477071281783
4.5429983027731	0.66477156549306
4.5381843475628	0.66477239424454
4.5333805836988	0.66477319839962
4.5285869788520	0.66477397729379
4.5238035008299	0.66477473027093
4.5190301175761	0.66477545668362
4.5142667971691	0.66477615589332
4.5095135078219	0.66477682727070
4.5047702178813	0.66477747019586
4.5000368958271	0.66477808405857
4.4953135102714	0.66477866825855
4.4906000299581	0.66477922220571
4.4858964237618	0.66477974532040
4.4812026606876	0.66478023703362
4.4765187098701	0.66478069678732
4.4718445405728	0.66478112403461
4.4671801221875	0.66478151823998
4.4625254242334	0.66478187887958
4.4578804163569	0.66478220544140
4.4532450683304	0.66478249742555
4.4486193500519	0.66478275434447
4.4440032315446	0.66478297572312
4.4393966829557	0.66478316109928
4.4347996745562	0.66478331002367
4.4302121767401	0.66478342206026
4.4256341600236	0.66478349678642
4.4210655950450	0.66478353379317
4.4165064525633	0.66478353268534
4.4119567034584	0.66478349308184
4.4074163187298	0.66478341461579
4.4028852694963	0.66478329693477
4.3983635269953	0.66478313970099
4.3938510625824	0.66478294259148
4.3893478477306	0.66478270529828
4.3848538540295	0.66478242752862
4.3803690531853	0.66478210900512
4.3758934170194	0.66478174946592
4.3714269174686	0.66478134866490
4.3669695265841	0.66478090637182
4.3625212165309	0.66478042237249
4.3580819595871	0.66477989646891
4.3536517281441	0.66477932847948
4.3492304947048	0.66477871823909
4.3448182318841	0.66477806559928
4.3404149124077	0.66477737042842
4.3360205091119	0.66477663261181
4.3316349949429	0.66477585205183
4.3272583429561	0.66477502866804
4.3228905263158	0.66477416239735
4.3185315182944	0.66477325319412
4.3141812922723	0.66477230103026
4.3098398217366	0.66477130589535
4.3055070802815	0.66477026779675
4.3011830416069	0.66476918675969
4.2968676795184	0.66476806282739
4.2925609679267	0.66476689606112
4.2882628808468	0.66476568654029
4.2839733923978	0.66476443436255
4.2796924768023	0.66476313964383
4.2754201083856	0.66476180251846
4.2711562615757	0.66476042313917
4.2669009109024	0.66475900167722
4.2626540309967	0.66475753832238
4.2584155965909	0.66475603328303
4.2541855825174	0.66475448678618
4.2499639637085	0.66475289907751
4.2457507151961	0.66475127042141
4.2415458121109	0.66474960110099
4.2373492296820	0.66474789141810
4.2331609432364	0.66474614169336
4.2289809281986	0.66474435226613
4.2248091600902	0.66474252349457
4.2206456145291	0.66474065575557
4.2164902672293	0.66473874944480
4.2123430940003	0.66473680497663
4.2082040707468	0.66473482278418
4.2040731734680	0.66473280331923
4.1999503782572	0.66473074705219
4.1958356613016	0.66472865447210
4.1917289988814	0.66472652608655
4.1876303673697	0.66472436242162
4.1835397432319	0.66472216402184
4.1794571030252	0.66471993145011
4.1753824233983	0.66471766528763
4.1713156810909	0.66471536613381
4.1672568529330	0.66471303460621
4.1632059158450	0.66471067134041
4.1591628468368	0.66470827698992
4.1551276230076	0.66470585222611
4.1511002215453	0.66470339773803
4.1470806197261	0.66470091423235
4.1430687949143	0.66469840243319
4.1390647245616	0.66469586308202
4.1350683862069	0.66469329693749
4.1310797574755	0.66469070477529
4.1270988160793	0.66468808738802
4.1231255398157	0.66468544558498
4.1191599065677	0.66468278019203
4.1152018943034	0.66468009205144
4.1112514810752	0.66467738202165
4.1073086450199	0.66467465097711
4.1033733643581	0.66467189980808
4.0994456173937	0.66466912942045
4.0955253825137	0.66466634073546
4.0916126381875	0.66466353468956
4.0877073629670	0.66466071223414
4.0838095354856	0.66465787433530
4.0799191344584	0.66465502197361
4.0760361386812	0.66465215614388
4.0721605270307	0.66464927785489
4.0682922784638	0.66464638812911
4.0644313720174	0.66464348800248
4.0605777868075	0.66464057852408
4.0567315020298	0.66463766075586
4.0528924969582	0.66463473577239
4.0490607509454	0.66463180466048
4.0452362434219	0.66462886851896
4.0414189538959	0.66462592845831
4.0376088619529	0.66462298560035
4.0338059472551	0.66462004107792
4.0300101895416	0.66461709603453
4.0262215686274	0.66461415162404
4.0224400644036	0.66461120901029
4.0186656568365	0.66460826936674
4.0148983259676	0.66460533387611
4.0111380519133	0.66460240373001
4.0073848148643	0.66459948012856
4.0036385950855	0.66459656427998
3.9998993729153	0.66459365740023
3.9961671287657	0.66459076071257
3.9924418431216	0.66458787544718
3.9887234965407	0.66458500284073
3.9850120696531	0.66458214413595
3.9813075431607	0.66457930058120
3.9776098978373	0.66457647343003
3.9739191145281	0.66457366394073
3.9702351741491	0.66457087337589
3.9665580576872	0.66456810300192
3.9628877461996	0.66456535408857
3.9592242208135	0.66456262790850
3.9555674627260	0.66455992573674
3.9519174532033	0.66455724885023
3.9482741735809	0.66455459852732
3.9446376052632	0.66455197604724
3.9410077297226	0.66454938268962
3.9373845285001	0.66454681973395
3.9337679832043	0.66454428845906
3.9301580755113	0.66454179014257
3.9265547871644	0.66453932606037
3.9229580999738	0.66453689748603
3.9193679958164	0.66453450569032
3.9157844566353	0.66453215194055
3.9122074644395	0.66452983750007
3.9086370013038	0.66452756362769
3.9050730493682	0.66452533157704
3.9015155908381	0.66452314259602
3.8979646079834	0.66452099792623
3.8944200831385	0.66451889880228
3.8908819987021	0.66451684645126
3.8873503371369	0.66451484209209
3.8838250809690	0.66451288693487
3.8803062127880	0.66451098218029
3.8767937152463	0.66450912901897
3.8732875710594	0.66450732863080
3.8697877630050	0.66450558218432
3.8662942739231	0.66450389083604
3.8628070867156	0.66450225572976
3.8593261843460	0.66450067799595
3.8558515498392	0.66449915875101
3.8523831662812	0.66449769909663
3.8489210168186	0.66449630011906
3.8454650846588	0.66449496288845
3.8420153530693	0.66449368845814
3.8385718053777	0.66449247786393
3.8351344249712	0.66449133212336
3.8317031952965	0.66449025223503
3.8282780998595	0.66448923917783
3.8248591222251	0.66448829391023
3.8214462460166	0.66448741736952
3.8180394549159	0.66448661047109
3.8146387326632	0.66448587410766
3.8112440630562	0.66448520914853
3.8078554299505	0.66448461643881
3.8044728172589	0.66448409679866
3.8010962089514	0.66448365102252
3.7977255890550	0.66448327987832
3.7943609416530	0.66448298410671
3.7910022508852	0.66448276442024
3.7876495009476	0.66448262150262
3.7843026760919	0.66448255600786
3.7809617606256	0.66448256855951
3.7776267389113	0.66448265974981
3.7742975953670	0.66448283013893
3.7709743144654	0.66448308025410
3.7676568807339	0.66448341058880
3.7643452787544	0.66448382160194
3.7610394931627	0.66448431371704
3.7577395086488	0.66448488732135
3.7544453099562	0.66448554276504
3.7511568818819	0.66448628036036
3.7478742092762	0.66448710038075
3.7445972770422	0.66448800306004
3.7413260701360	0.66448898859154
3.7380605735661	0.66449005712721
3.7348007723932	0.66449120877677
3.7315466517301	0.66449244360687
3.7282981967417	0.66449376164015
3.7250553926441	0.66449516285443
3.7218182247052	0.66449664718180
3.7185866782436	0.66449821450772
3.7153607386293	0.66449986467016
3.7121403912828	0.66450159745870
3.7089256216751	0.66450341261364
3.7057164153276	0.66450530982508
3.7025127578115	0.66450728873205
3.6993146347483	0.66450934892160
3.6961220318087	0.66451148992790
3.6929349347130	0.66451371123132
3.6897533292308	0.66451601225751
3.6865772011805	0.66451839237654
3.6834065364295	0.66452085090193
3.6802413208937	0.66452338708977
3.6770815405372	0.66452600013777
3.6739271813725	0.66452868918437
3.6707782294600	0.66453145330783
3.6676346709078	0.66453429152527
3.6644964918714	0.66453720279176
3.6613636785540	0.66454018599940
3.6582362172056	0.66454323997641
3.6551140941234	0.66454636348617
3.6519972956511	0.66454955522633
3.6488858081792	0.66455281382784
3.6457796181442	0.66455613785406
3.6426787120292	0.66455952579979
3.6395830763628	0.66456297609039
3.6364926977196	0.66456648708082
3.6334075627197	0.66457005705469
3.6303276580286	0.66457368422339
3.6272529703569	0.66457736672510
3.6241834864603	0.66458110262391
3.6211191931393	0.66458488990884
3.6180600772387	0.66458872649298
3.6150061256481	0.66459261021249
3.6119573253012	0.66459653882574
3.6089136631756	0.66460051001233
3.6058751262930	0.66460452137221
3.6028417017185	0.66460857042475
3.5998133765610	0.66461265460779
3.5967901379724	0.66461677127677
3.5937719731479	0.66462091770378
3.5907588693257	0.66462509107665
3.5877508137865	0.66462928849807
3.5847477938539	0.66463350698463
3.5817497968937	0.66463774346596
3.5787568103140	0.66464199478381
3.5757688215649	0.66464625769114
3.5727858181385	0.66465052885125
3.5698077875685	0.66465480483686
3.5668347174301	0.66465908212923
3.5638665953400	0.66466335711729
3.5609034089559	0.66466762609674
3.5579451459767	0.66467188526917
3.5549917941421	0.66467613074120
3.5520433412322	0.66468035852362
3.5490997750681	0.66468456453050
3.5461610835108	0.66468874457835
3.5432272544616	0.66469289438525
3.5402982758621	0.66469700957004
3.5373741356932	0.66470108565142
3.5344548219759	0.66470511804718
3.5315403227706	0.66470910207330
3.5286306261770	0.66471303294318
3.5257257203340	0.66471690576679
3.5228255934195	0.66472071554987
3.5199302336503	0.66472445719314
3.5170396292820	0.66472812549147
3.5141537686086	0.66473171513311
3.5112726399625	0.66473522069890
3.5083962317145	0.66473863666151
3.5055245322732	0.66474195738463
3.5026575300853	0.66474517712227
3.4997952136353	0.66474829001797
3.4969375714452	0.66475129010405
3.4940845920746	0.66475417130092
3.4912362641202	0.66475692741629
3.4883925762160	0.66475955214452
3.4855535170329	0.66476203906587
3.4827190752788	0.66476438164582
3.4798892396982	0.66476657323439
3.4770639990721	0.66476860706543
3.4742433422181	0.66477047625601
3.4714272579898	0.66477217380569
3.4686157352771	0.66477369259596
3.4658087630058	0.66477502538954
3.4630063301375	0.66477616482979
3.4602084256694	0.66477710344008
3.4574150386345	0.66477783362321
3.4546261581009	0.66477834766081
3.4518417731721	0.66477863771278
3.4490618729867	0.66477869581671
3.4462864467180	0.66477851388733
3.4435154835745	0.66477808371601
3.4407489727993	0.66477739697019
3.4379869036697	0.66477644519291
3.4352292654979	0.66477521980226
3.4324760476300	0.66477371209099
3.4297272394463	0.66477191322593
3.4269828303612	0.66476981424766
3.4242428098230	0.66476740606996
3.4215071673134	0.66476467947947
3.4187758923480	0.66476162513522
3.4160489744758	0.66475823356831
3.4133264032791	0.66475449518147
3.4106081683732	0.66475040024873
3.4078942594066	0.66474593891509
3.4051846660609	0.66474110119616
3.4024793780502	0.66473587697788
3.3997783851213	0.66473025601623
3.3970816770538	0.66472422793693
3.3943892436594	0.66471778223522
3.3917010747822	0.66471090827558
3.3890171602984	0.66470359529155
3.3863374901163	0.66469583238550
3.3836620541761	0.66468760852848
3.3809908424495	0.66467891256002
3.3783238449403	0.66466973318801
3.3756610516834	0.66466005898858
3.3730024527453	0.66464987840597
3.3703480382237	0.66463917975246
3.3676977982476	0.66462795120835
3.3650517229768	0.66461618082183
3.3624098026021	0.66460385650903
3.3597720273451	0.66459096605400
3.3571383874580	0.66457749710872
3.3545088732237	0.66456343719316
3.3518834749553	0.66454877369532
3.3492621829963	0.66453349387135
3.3466449877205	0.66451758484564
3.3440318795315	0.66450103361097
3.3414228488631	0.66448382702863
3.3388178861789	0.66446595182866
3.3362169819720	0.66444739460999
3.3336201267653	0.66442814184070
3.3310273111111	0.66440817985827
