#Parameters = {thARC=0.6; nARC=3; thsub=1; p=1; nSub=3.5}
#"Wavelength / um"	"T (592) [Real Part]"
#---------------------------------------
14.989622900000	0.74094469482469
14.937342202292	0.74124355369075
14.885424925521	0.74154274014105
14.833867293419	0.74184224634302
14.782665581854	0.74214206443587
14.731816117936	0.74244218653077
14.681315279138	0.74274260471104
14.631159492435	0.74304331103236
14.581345233463	0.74334429752291
14.531869025691	0.74364555618360
14.482727439614	0.74394707898826
14.433917091960	0.74424885788382
14.385434644914	0.74455088479047
14.337276805356	0.74485315160192
14.289440324118	0.74515565018554
14.241921995249	0.74545837238257
14.194718655303	0.74576131000833
14.147827182633	0.74606445485238
14.101244496707	0.74636779867875
14.054967557431	0.74667133322612
14.008993364486	0.74697505020803
13.963318956684	0.74727894131308
13.917941411328	0.74758299820510
13.872857843591	0.74788721252340
13.828065405904	0.74819157588293
13.783561287356	0.74849607987453
13.739342713107	0.74880071606508
13.695406943810	0.74910547599775
13.651751275046	0.74941035119219
13.608373036768	0.74971533314473
13.565269592760	0.75002041332861
13.522438340099	0.75032558319418
13.479876708633	0.75063083416913
13.437582160466	0.75093615765866
13.395552189455	0.75124154504576
13.353784320713	0.75154698769138
13.312276110124	0.75185247693464
13.271025143869	0.75215800409310
13.230029037952	0.75246356046295
13.189285437747	0.75276913731923
13.148792017544	0.75307472591607
13.108546480105	0.75338031748690
13.068546556234	0.75368590324471
13.028790004346	0.75399147438223
12.989274610052	0.75429702207222
12.949998185745	0.75460253746765
12.910958570198	0.75490801170199
12.872153628167	0.75521343588940
12.833581250000	0.75551880112498
12.795239351259	0.75582409848505
12.757125872340	0.75612931902733
12.719238778108	0.75643445379125
12.681576057530	0.75673949379816
12.644135723323	0.75704443005157
12.606915811606	0.75734925353745
12.569914381551	0.75765395522441
12.533129515050	0.75795852606405
12.496559316382	0.75826295699114
12.460201911887	0.75856723892391
12.424055449648	0.75887136276431
12.388118099174	0.75917531939829
12.352388051092	0.75947909969604
12.316863516845	0.75978269451229
12.281542728390	0.76008609468657
12.246423937908	0.76038929104345
12.211505417515	0.76069227439288
12.176785458976	0.76099503553043
12.142262373431	0.76129756523759
12.107934491115	0.76159985428202
12.073800161095	0.76190189341789
12.039857751004	0.76220367338612
12.006105646776	0.76250518491472
11.972542252396	0.76280641871904
11.939165989646	0.76310736550209
11.905975297855	0.76340801595484
11.872968633663	0.76370836075654
11.840144470774	0.76400839057498
11.807501299724	0.76430809606682
11.775037627651	0.76460746787794
11.742751978065	0.76490649664369
11.710642890625	0.76520517298925
11.678708920919	0.76550348752994
11.646948640249	0.76580143087151
11.615360635413	0.76609899361054
11.583943508501	0.76639616633469
11.552695876686	0.76669293962306
11.521616372022	0.76698930404655
11.490703641242	0.76728525016816
11.459956345566	0.76758076854333
11.429373160503	0.76787584972032
11.398952775665	0.76817048424052
11.368693894577	0.76846466263880
11.338595234493	0.76875837544388
11.308655526217	0.76905161317868
11.278873513920	0.76934436636066
11.249247954972	0.76963662550221
11.219777619760	0.76992838111097
11.190461291527	0.77021962369024
11.161297766195	0.77051034373934
11.132285852209	0.77080053175396
11.103424370370	0.77109017822654
11.074712153676	0.77137927364668
11.046148047163	0.77166780850148
11.017730907755	0.77195577327596
10.989459604106	0.77224315845342
10.961333016453	0.77252995451584
10.933350036470	0.77281615194427
10.905509567115	0.77310174121926
10.877810522496	0.77338671282118
10.850251827723	0.77367105723073
10.822832418773	0.77395476492924
10.795551242348	0.77423782639915
10.768407255747	0.77452023212439
10.741399426729	0.77480197259081
10.714526733381	0.77508303828660
10.687788163993	0.77536341970266
10.661182716927	0.77564310733310
10.634709400497	0.77592209167562
10.608367232838	0.77620036323194
10.582155241793	0.77647791250825
10.556072464789	0.77675473001563
10.530117948718	0.77703080627050
10.504290749825	0.77730613179504
10.478589933590	0.77758069711766
10.453014574616	0.77785449277342
10.427563756522	0.77812750930451
10.402236571825	0.77839973726066
10.377032121841	0.77867116719964
10.351949516575	0.77894178968768
10.326987874612	0.77921159529997
10.302146323024	0.77948057462106
10.277423997257	0.77974871824540
10.252820041040	0.78001601677774
10.228333606278	0.78028246083366
10.203963852961	0.78054804103999
10.179709949066	0.78081274803533
10.155571070461	0.78107657247051
10.131546400811	0.78133950500904
10.107635131490	0.78160153632765
10.083836461487	0.78186265711674
10.060149597315	0.78212285808087
10.036573752929	0.78238212993927
10.013108149633	0.78264046342629
9.9897520159947	0.78289784929194
9.9665045877660	0.78315427830238
9.9433651077944	0.78340974124039
9.9203328259431	0.78366422890588
9.8974069990096	0.78391773211643
9.8745868906456	0.78417024170775
9.8518717712783	0.78442174853420
9.8292609180328	0.78467224346931
9.8067536146549	0.78492171740630
9.7843491514360	0.78517016125854
9.7620468251384	0.78541756596014
9.7398459389214	0.78566392246640
9.7177458022690	0.78590922175438
9.6957457309185	0.78615345482339
9.6738450467893	0.78639661269550
9.6520430779137	0.78663868641610
9.6303391583681	0.78687966705441
9.6087326282051	0.78711954570398
9.5872228333866	0.78735831348326
9.5658091257179	0.78759596153609
9.5444908627826	0.78783248103226
9.5232674078780	0.78806786316803
9.5021381299525	0.78830209916664
9.4811024035421	0.78853518027888
9.4601596087094	0.78876709778362
9.4393091309824	0.78899784298832
9.4185503612944	0.78922740722956
9.3978826959248	0.78945578187364
9.3773055364404	0.78968295831704
9.3568182896380	0.78990892798702
9.3364203674868	0.79013368234210
9.3161111870727	0.79035721287267
9.2958901705426	0.79057951110148
9.2757567450495	0.79080056858417
9.2557103426984	0.79102037690986
9.2357504004929	0.79123892770168
9.2158763602828	0.79145621261727
9.1960876687117	0.79167222334936
9.1763837771656	0.79188695162631
9.1567641417227	0.79210038921265
9.1372282231027	0.79231252790959
9.1177754866180	0.79252335955561
9.0984054021244	0.79273287602699
9.0791174439733	0.79294106923833
9.0599110909640	0.79314793114310
9.0407858262967	0.79335345373418
9.0217411375263	0.79355762904443
9.0027765165165	0.79376044914719
8.9838914593947	0.79396190615683
8.9650854665072	0.79416199222930
8.9463580423754	0.79436069956265
8.9277086956522	0.79455802039759
8.9091369390788	0.79475394701802
8.8906422894425	0.79494847175153
8.8722242675348	0.79514158696999
8.8538823981099	0.79533328509005
8.8356162098438	0.79552355857366
8.8174252352941	0.79571239992864
8.7993090108600	0.79589980170917
8.7812670767428	0.79608575651634
8.7632989769073	0.79627025699866
8.7454042590432	0.79645329585260
8.7275824745269	0.79663486582312
8.7098331783847	0.79681495970414
8.6921559292549	0.79699357033913
8.6745502893519	0.79717069062157
8.6570158244297	0.79734631349550
8.6395521037464	0.79752043195601
8.6221587000288	0.79769303904977
8.6048351894374	0.79786412787551
8.5875811515325	0.79803369158456
8.5703961692396	0.79820172338134
8.5532798288160	0.79836821652385
8.5362317198178	0.79853316432417
8.5192514350668	0.79869656014899
8.5023385706183	0.79885839742004
8.4854927257288	0.79901866961463
8.4687135028249	0.79917737026615
8.4520005074711	0.79933449296449
8.4353533483399	0.79949003135658
8.4187716371806	0.79964397914683
8.4022549887892	0.79979633009765
8.3858030209790	0.79994707802988
8.3694153545505	0.80009621682325
8.3530916132627	0.80024374041691
8.3368314238042	0.80038964280981
8.3206344157646	0.80053391806123
8.3045002216066	0.80067656029117
8.2884284766381	0.80081756368086
8.2724188189845	0.80095692247314
8.2564708895621	0.80109463097299
8.2405843320506	0.80123068354788
8.2247587928669	0.80136507462826
8.2089939211391	0.80149779870796
8.1932893686800	0.80162885034466
8.1776447899618	0.80175822416027
8.1620598420909	0.80188591484133
8.1465341847826	0.80201191713951
8.1310674803363	0.80213622587192
8.1156593936113	0.80225883592159
8.1003095920022	0.80237974223781
8.0850177454153	0.80249893983656
8.0697835262450	0.80261642380092
8.0546066093498	0.80273218928140
8.0394866720300	0.80284623149637
8.0244233940043	0.80295854573239
8.0094164573871	0.80306912734465
7.9944655466667	0.80317797175726
7.9795703486825	0.80328507446364
7.9647305526036	0.80339043102692
7.9499458499072	0.80349403708022
7.9352159343568	0.80359588832703
7.9205405019815	0.80369598054154
7.9059192510549	0.80379430956901
7.8913518820742	0.80389087132603
7.8768380977404	0.80398566180090
7.8623776029373	0.80407867705395
7.8479701047120	0.80416991321780
7.8336153122550	0.80425936649773
7.8193129368805	0.80434703317191
7.8050626920073	0.80443290959178
7.7908642931393	0.80451699218228
7.7767174578470	0.80459927744212
7.7626219057483	0.80467976194414
7.7485773584906	0.80475844233547
7.7345835397317	0.80483531533789
7.7206401751223	0.80491037774804
7.7067469922879	0.80498362643770
7.6929037208109	0.80505505835399
7.6791100922131	0.80512467051967
7.6653658399386	0.80519246003334
7.6516706993364	0.80525842406969
7.6380244076433	0.80532255987969
7.6244267039674	0.80538486479083
7.6108773292714	0.80544533620733
7.5973760263558	0.80550397161034
7.5839225398432	0.80556076855814
7.5705166161616	0.80561572468629
7.5571580035291	0.80566883770789
7.5438464519376	0.80572010541371
7.5305817131374	0.80576952567234
7.5173635406219	0.80581709643040
7.5041916896120	0.80586281571268
7.4910659170415	0.80590668162229
7.4779859815415	0.80594869234079
7.4649516434263	0.80598884612836
7.4519626646781	0.80602714132389
7.4390188089330	0.80606357634515
7.4261198414664	0.80609814968886
7.4132655291790	0.80613085993084
7.4004556405826	0.80616170572610
7.3876899457861	0.80619068580892
7.3749682164822	0.80621779899298
7.3622902259332	0.80624304417141
7.3496557489581	0.80626642031685
7.3370645619187	0.80628792648159
7.3245164427071	0.80630756179757
7.3120111707317	0.80632532547645
7.2995485269053	0.80634121680968
7.2871282936315	0.80635523516852
7.2747502547925	0.80636738000409
7.2624141957364	0.80637765084739
7.2501199032648	0.80638604730933
7.2378671656205	0.80639256908075
7.2256557724753	0.80639721593240
7.2134855149182	0.80639998771499
7.2013561854432	0.80640088435914
7.1892675779376	0.80639990587538
7.1772194876706	0.80639705235416
7.1652117112811	0.80639232396578
7.1532440467669	0.80638572096041
7.1413162934731	0.80637724366799
7.1294282520809	0.80636689249823
7.1175797245964	0.80635466794055
7.1057705143399	0.80634057056401
7.0940004259347	0.80632460101724
7.0822692652965	0.80630676002840
7.0705768396226	0.80628704840506
7.0589229573817	0.80626546703413
7.0473074283028	0.80624201688178
7.0357300633654	0.80621669899334
7.0241906747891	0.80618951449317
7.0126890760234	0.80616046458457
7.0012250817375	0.80612955054965
6.9897985078107	0.80609677374922
6.9784091713222	0.80606213562266
6.9670568905415	0.80602563768774
6.9557414849188	0.80598728154054
6.9444627750753	0.80594706885524
6.9332205827937	0.80590500138402
6.9220147310090	0.80586108095684
6.9108450437990	0.80581530948132
6.8997113463751	0.80576768894252
6.8886134650735	0.80571822140279
6.8775512273457	0.80566690900159
6.8665244617499	0.80561375395524
6.8555329979419	0.80555875855680
6.8445766666667	0.80550192517580
6.8336552997493	0.80544325625804
6.8227687300865	0.80538275432540
6.8119167916383	0.80532042197559
6.8010993194192	0.80525626188194
6.7903161494904	0.80519027679313
6.7795671189507	0.80512246953299
6.7688520659291	0.80505284300023
6.7581708295762	0.80498140016818
6.7475232500563	0.80490814408455
6.7369091685393	0.80483307787117
6.7263284271932	0.80475620472370
6.7157808691756	0.80467752791136
6.7052663386267	0.80459705077665
6.6947846806610	0.80451477673509
6.6843357413601	0.80443070927490
6.6739193677649	0.80434485195670
6.6635354078684	0.80425720841322
6.6531837106081	0.80416778234901
6.6428641258586	0.80407657754011
6.6325765044248	0.80398359783373
6.6223206980340	0.80388884714792
6.6120965593295	0.80379232947128
6.6019039418630	0.80369404886260
6.5917427000879	0.80359400945054
6.5816126893524	0.80349221543325
6.5715137658922	0.80338867107808
6.5614457868243	0.80328338072121
6.5514086101399	0.80317634876726
6.5414020946978	0.80306757968899
6.5314261002179	0.80295707802690
6.5214804872743	0.80284484838885
6.5115651172893	0.80273089544974
6.5016798525266	0.80261522395108
6.4918245560849	0.80249783870064
6.4819990918919	0.80237874457204
6.4722033246978	0.80225794650440
6.4624371200690	0.80213544950191
6.4527003443823	0.80201125863345
6.4429928648184	0.80188537903221
6.4333145493562	0.80175781589523
6.4236652667667	0.80162857448305
6.4140448866068	0.80149766011927
6.4044532792138	0.80136507819014
6.3948903156997	0.80123083414415
6.3853558679446	0.80109493349157
6.3758498085921	0.80095738180411
6.3663720110427	0.80081818471437
6.3569223494487	0.80067734791554
6.3475006987084	0.80053487716085
6.3381069344609	0.80039077826322
6.3287409330800	0.80024505709474
6.3194025716695	0.80009771958631
6.3100917280572	0.79994877172713
6.3008082807902	0.79979821956426
6.2915521091291	0.79964606920219
6.2823230930427	0.79949232680239
6.2731211132036	0.79933699858280
6.2639460509820	0.79918009081744
6.2547977884415	0.79902160983588
6.2456762083333	0.79886156202283
6.2365811940919	0.79869995381765
6.2275126298297	0.79853679171388
6.2184704003319	0.79837208225874
6.2094543910522	0.79820583205272
6.2004644881075	0.79803804774905
6.1915005782734	0.79786873605325
6.1825625489792	0.79769790372263
6.1736502883031	0.79752555756582
6.1647636849681	0.79735170444228
6.1559026283368	0.79717635126182
6.1470670084068	0.79699950498412
6.1382567158067	0.79682117261822
6.1294716417910	0.79664136122205
6.1207116782360	0.79646007790192
6.1119767176351	0.79627732981204
6.1032666530945	0.79609312415403
6.0945813783289	0.79590746817640
6.0859207876573	0.79572036917408
6.0772847759984	0.79553183448791
6.0686732388664	0.79534187150413
6.0600860723671	0.79515048765391
6.0515231731934	0.79495769041280
6.0429844386212	0.79476348730028
6.0344697665056	0.79456788587922
6.0259790552764	0.79437089375540
6.0175122039342	0.79417251857699
6.0090691120465	0.79397276803404
6.0006496797438	0.79377164985799
5.9922538077154	0.79356917182116
5.9838813972056	0.79336534173624
5.9755323500100	0.79316016745576
5.9672065684713	0.79295365687164
5.9589039554760	0.79274581791461
5.9506244144502	0.79253665855377
5.9423678493558	0.79232618679602
5.9341341646873	0.79211441068561
5.9259232654675	0.79190133830356
5.9177350572444	0.79168697776723
5.9095694460871	0.79147133722976
5.9014263385827	0.79125442487956
5.8933056418321	0.79103624893985
5.8852072634472	0.79081681766808
5.8771311115468	0.79059613935549
5.8690770947533	0.79037422232655
5.8610451221896	0.79015107493848
5.8530351034752	0.78992670558073
5.8450469487229	0.78970112267450
5.8370805685358	0.78947433467219
5.8291358740035	0.78924635005693
5.8212127766990	0.78901717734206
5.8133111886756	0.78878682507063
5.8054310224632	0.78855530181488
5.7975721910656	0.78832261617576
5.7897346079567	0.78808877678243
5.7819181870781	0.78785379229173
5.7741228428351	0.78761767138770
5.7663484900942	0.78738042278107
5.7585950441798	0.78714205520879
5.7508624208709	0.78690257743348
5.7431505363985	0.78666199824297
5.7354593074421	0.78642032644982
5.7277886511272	0.78617757089077
5.7201384850219	0.78593374042630
5.7125087271341	0.78568884394011
5.7048992959087	0.78544289033862
5.6973101102242	0.78519588855052
5.6897410893908	0.78494784752625
5.6821921531463	0.78469877623751
5.6746632216544	0.78444868367679
5.6671542155009	0.78419757885688
5.6596650556919	0.78394547081039
5.6521956636501	0.78369236858925
5.6447459612126	0.78343828126427
5.6373158706281	0.78318321792463
5.6299053145540	0.78292718767739
5.6225142160540	0.78267019964707
5.6151424985952	0.78241226297511
5.6077900860456	0.78215338681945
5.6004569026714	0.78189358035405
5.5931428731343	0.78163285276838
5.5858479224893	0.78137121326701
5.5785719761816	0.78110867106912
5.5713149600446	0.78084523540804
5.5640768002970	0.78058091553078
5.5568574235403	0.78031572069759
5.5496567567568	0.78004966018148
5.5424747273063	0.77978274326777
5.5353112629247	0.77951497925367
5.5281662917204	0.77924637744779
5.5210397421731	0.77897694716970
5.5139315431304	0.77870669774948
5.5068416238060	0.77843563852730
5.4997699137773	0.77816377885293
5.4927163429828	0.77789112808537
5.4856808417200	0.77761769559232
5.4786633406433	0.77734349074984
5.4716637707611	0.77706852294182
5.4646820634342	0.77679280155964
5.4577181503732	0.77651633600167
5.4507719636364	0.77623913567286
5.4438434356274	0.77596120998436
5.4369324990932	0.77568256835302
5.4300390871219	0.77540322020103
5.4231631331404	0.77512317495548
5.4163045709124	0.77484244204793
5.4094633345363	0.77456103091403
5.4026393584430	0.77427895099307
5.3958325773938	0.77399621172759
5.3890429264785	0.77371282256298
5.3822703411131	0.77342879294708
5.3755147570378	0.77314413232974
5.3687761103152	0.77285885016245
5.3620543373278	0.77257295589796
5.3553493747767	0.77228645898985
5.3486611596789	0.77199936889214
5.3419896293656	0.77171169505893
5.3353347214807	0.77142344694400
5.3286963739780	0.77113463400039
5.3220745251198	0.77084526568008
5.3154691134752	0.77055535143355
5.3088800779175	0.77026490070946
5.3023073576229	0.76997392295421
5.2957508920685	0.76968242761164
5.2892106210303	0.76939042412258
5.2826864845815	0.76909792192458
5.2761784230905	0.76880493045144
5.2696863772192	0.76851145913293
5.2632102879213	0.76821751739439
5.2567500964405	0.76792311465639
5.2503057443082	0.76762826033434
5.2438771733427	0.76733296383821
5.2374643256464	0.76703723457211
5.2310671436050	0.76674108193398
5.2246855698850	0.76644451531522
5.2183195474326	0.76614754410038
5.2119690194715	0.76585017766681
5.2056339295016	0.76555242538431
5.1993142212973	0.76525429661481
5.1930098389052	0.76495580071204
5.1867207266436	0.76465694702118
5.1804468290997	0.76435774487857
5.1741880911288	0.76405820361137
5.1679444578521	0.76375833253721
5.1617158746556	0.76345814096392
5.1555022871883	0.76315763818920
5.1493036413604	0.76285683350029
5.1431198833419	0.76255573617367
5.1369509595613	0.76225435547475
5.1307968167037	0.76195270065758
5.1246574017094	0.76165078096453
5.1185326617722	0.76134860562600
5.1124225443383	0.76104618386012
5.1063269971044	0.76074352487244
5.1002459680163	0.76044063785567
5.0941794052676	0.76013753198937
5.0881272572980	0.75983421643967
5.0820894727920	0.75953070035897
5.0760660006773	0.75922699288569
5.0700567901235	0.75892310314396
5.0640617905405	0.75861904024336
5.0580809515775	0.75831481327864
5.0521142231210	0.75801043132947
5.0461615552937	0.75770590346013
5.0402228984533	0.75740123871928
5.0342982031906	0.75709644613968
5.0283874203287	0.75679153473794
5.0224905009214	0.75648651351424
5.0166073962517	0.75618139145211
5.0107380578305	0.75587617751814
5.0048824373957	0.75557088066176
4.9990404869101	0.75526550981497
4.9932121585610	0.75496007389211
4.9873974047579	0.75465458178959
4.9815961781323	0.75434904238570
4.9758084315353	0.75404346454032
4.9700341180371	0.75373785709471
4.9642731909256	0.75343222887128
4.9585256037049	0.75312658867334
4.9527913100942	0.75282094528491
4.9470702640264	0.75251530747045
4.9413624196473	0.75220968397466
4.9356677313138	0.75190408352227
4.9299861535932	0.75159851481780
4.9243176412615	0.75129298654534
4.9186621493027	0.75098750736839
4.9130196329072	0.75068208592957
4.9073900474709	0.75037673085047
4.9017733485939	0.75007145073145
4.8961694920790	0.74976625415137
4.8905784339315	0.74946114966746
4.8850001303569	0.74915614581510
4.8794345377604	0.74885125110762
4.8738816127459	0.74854647403608
4.8683413121143	0.74824182306913
4.8628135928629	0.74793730665280
4.8572984121841	0.74763293321030
4.8517957274640	0.74732871114185
4.8463054962819	0.74702464882448
4.8408276764088	0.74672075461190
4.8353622258065	0.74641703683426
4.8299091026261	0.74611350379802
4.8244682652076	0.74581016378575
4.8190396720784	0.74550702505599
4.8136232819525	0.74520409584307
4.8082190537289	0.74490138435691
4.8028269464915	0.74459889878291
4.7974469195071	0.74429664728178
4.7920789322251	0.74399463798934
4.7867229442759	0.74369287901642
4.7813789154705	0.74339137844866
4.7760468057989	0.74309014434640
4.7707265754297	0.74278918474448
4.7654181847083	0.74248850765215
4.7601215941569	0.74218812105288
4.7548367644726	0.74188803290425
4.7495636565272	0.74158825113779
4.7443022313657	0.74128878365883
4.7390524502055	0.74098963834642
4.7338142744355	0.74069082305312
4.7285876656151	0.74039234560493
4.7233725854735	0.74009421380112
4.7181689959081	0.73979643541413
4.7129768589844	0.73949901818944
4.7077961369347	0.73920196984544
4.7026267921569	0.73890529807330
4.6974687872140	0.73860901053688
4.6923220848333	0.73831311487258
4.6871866479049	0.73801761868925
4.6820624394815	0.73772252956808
4.6769494227769	0.73742785506248
4.6718475611657	0.73713360269794
4.6667568181818	0.73683977997200
4.6616771575183	0.73654639435408
4.6566085430258	0.73625345328539
4.6515509387122	0.73596096417887
4.6465043087415	0.73566893441904
4.6414686174330	0.73537737136193
4.6364438292607	0.73508628233499
4.6314299088522	0.73479567463699
4.6264268209877	0.73450555553792
4.6214345305997	0.73421593227892
4.6164530027718	0.73392681207221
4.6114822027380	0.73363820210094
4.6065220958820	0.73335010951920
4.6015726477360	0.73306254145185
4.5966338239804	0.73277550499451
4.5917055904426	0.73248900721344
4.5867879130967	0.73220305514551
4.5818807580621	0.73191765579806
4.5769840916031	0.73163281614891
4.5720978801281	0.73134854314623
4.5672220901889	0.73106484370850
4.5623566884797	0.73078172472443
4.5575016418364	0.73049919305293
4.5526569172361	0.73021725552299
4.5478224817961	0.72993591893370
4.5429983027731	0.72965519005411
4.5381843475628	0.72937507562324
4.5333805836988	0.72909558234996
4.5285869788520	0.72881671691302
4.5238035008299	0.72853848596093
4.5190301175761	0.72826089611194
4.5142667971691	0.72798395395399
4.5095135078219	0.72770766604467
4.5047702178813	0.72743203891114
4.5000368958271	0.72715707905017
4.4953135102714	0.72688279292800
4.4906000299581	0.72660918698037
4.4858964237618	0.72633626761246
4.4812026606876	0.72606404119885
4.4765187098701	0.72579251408350
4.4718445405728	0.72552169257971
4.4671801221875	0.72525158297008
4.4625254242334	0.72498219150650
4.4578804163569	0.72471352441011
4.4532450683304	0.72444558787129
4.4486193500519	0.72417838804959
4.4440032315446	0.72391193107378
4.4393966829557	0.72364622304176
4.4347996745562	0.72338127002059
4.4302121767401	0.72311707804645
4.4256341600236	0.72285365312460
4.4210655950450	0.72259100122942
4.4165064525633	0.72232912830436
4.4119567034584	0.72206804026191
4.4074163187298	0.72180774298364
4.4028852694963	0.72154824232016
4.3983635269953	0.72128954409111
4.3938510625824	0.72103165408514
4.3893478477306	0.72077457805996
4.3848538540295	0.72051832174227
4.3803690531853	0.72026289082781
4.3758934170194	0.72000829098130
4.3714269174686	0.71975452783652
4.3669695265841	0.71950160699624
4.3625212165309	0.71924953403225
4.3580819595871	0.71899831448538
4.3536517281441	0.71874795386545
4.3492304947048	0.71849845765137
4.3448182318841	0.71824983129105
4.3404149124077	0.71800208020147
4.3360205091119	0.71775520976866
4.3316349949429	0.71750922534773
4.3272583429561	0.71726413226289
4.3228905263158	0.71701993580740
4.3185315182944	0.71677664124370
4.3141812922723	0.71653425380329
4.3098398217366	0.71629277868687
4.3055070802815	0.71605222106428
4.3011830416069	0.71581258607453
4.2968676795184	0.71557387882586
4.2925609679267	0.71533610439570
4.2882628808468	0.71509926783076
4.2839733923978	0.71486337414699
4.2796924768023	0.71462842832965
4.2754201083856	0.71439443533330
4.2711562615757	0.71416140008186
4.2669009109024	0.71392932746860
4.2626540309967	0.71369822235620
4.2584155965909	0.71346808957677
4.2541855825174	0.71323893393186
4.2499639637085	0.71301076019252
4.2457507151961	0.71278357309929
4.2415458121109	0.71255737736229
4.2373492296820	0.71233217766119
4.2331609432364	0.71210797864531
4.2289809281986	0.71188478493358
4.2248091600902	0.71166260111464
4.2206456145291	0.71144143174684
4.2164902672293	0.71122128135826
4.2123430940003	0.71100215444682
4.2082040707468	0.71078405548023
4.2040731734680	0.71056698889608
4.1999503782572	0.71035095910187
4.1958356613016	0.71013597047503
4.1917289988814	0.70992202736301
4.1876303673697	0.70970913408324
4.1835397432319	0.70949729492325
4.1794571030252	0.70928651414067
4.1753824233983	0.70907679596327
4.1713156810909	0.70886814458903
4.1672568529330	0.70866056418616
4.1632059158450	0.70845405889315
4.1591628468368	0.70824863281880
4.1551276230076	0.70804429004230
4.1511002215453	0.70784103461324
4.1470806197261	0.70763887055167
4.1430687949143	0.70743780184813
4.1390647245616	0.70723783246372
4.1350683862069	0.70703896633014
4.1310797574755	0.70684120734972
4.1270988160793	0.70664455939547
4.1231255398157	0.70644902631115
4.1191599065677	0.70625461191127
4.1152018943034	0.70606131998120
4.1112514810752	0.70586915427716
4.1073086450199	0.70567811852629
4.1033733643581	0.70548821642672
4.0994456173937	0.70529945164755
4.0955253825137	0.70511182782899
4.0916126381875	0.70492534858232
4.0877073629670	0.70474001749001
4.0838095354856	0.70455583810569
4.0799191344584	0.70437281395429
4.0760361386812	0.70419094853201
4.0721605270307	0.70401024530638
4.0682922784638	0.70383070771636
4.0644313720174	0.70365233917232
4.0605777868075	0.70347514305612
4.0567315020298	0.70329912272116
4.0528924969582	0.70312428149241
4.0490607509454	0.70295062266648
4.0452362434219	0.70277814951161
4.0414189538959	0.70260686526781
4.0376088619529	0.70243677314681
4.0338059472551	0.70226787633215
4.0300101895416	0.70210017797925
4.0262215686274	0.70193368121539
4.0224400644036	0.70176838913980
4.0186656568365	0.70160430482369
4.0148983259676	0.70144143131030
4.0111380519133	0.70127977161494
4.0073848148643	0.70111932872501
4.0036385950855	0.70096010560007
3.9998993729153	0.70080210517188
3.9961671287657	0.70064533034442
3.9924418431216	0.70048978399394
3.9887234965407	0.70033546896901
3.9850120696531	0.70018238809054
3.9813075431607	0.70003054415183
3.9776098978373	0.69987993991859
3.9739191145281	0.69973057812902
3.9702351741491	0.69958246149378
3.9665580576872	0.69943559269609
3.9628877461996	0.69928997439170
3.9592242208135	0.69914560920900
3.9555674627260	0.69900249974897
3.9519174532033	0.69886064858528
3.9482741735809	0.69872005826428
3.9446376052632	0.69858073130503
3.9410077297226	0.69844267019937
3.9373845285001	0.69830587741190
3.9337679832043	0.69817035538001
3.9301580755113	0.69803610651396
3.9265547871644	0.69790313319684
3.9229580999738	0.69777143778462
3.9193679958164	0.69764102260618
3.9157844566353	0.69751188996332
3.9122074644395	0.69738404213080
3.9086370013038	0.69725748135631
3.9050730493682	0.69713220986057
3.9015155908381	0.69700822983725
3.8979646079834	0.69688554345308
3.8944200831385	0.69676415284778
3.8908819987021	0.69664406013415
3.8873503371369	0.69652526739802
3.8838250809690	0.69640777669830
3.8803062127880	0.69629159006696
3.8767937152463	0.69617670950906
3.8732875710594	0.69606313700277
3.8697877630050	0.69595087449932
3.8662942739231	0.69583992392307
3.8628070867156	0.69573028717145
3.8593261843460	0.69562196611504
3.8558515498392	0.69551496259746
3.8523831662812	0.69540927843549
3.8489210168186	0.69530491541896
3.8454650846588	0.69520187531081
3.8420153530693	0.69510015984708
3.8385718053777	0.69499977073685
3.8351344249712	0.69490070966230
3.8317031952965	0.69480297827864
3.8282780998595	0.69470657821414
3.8248591222251	0.69461151107008
3.8214462460166	0.69451777842077
3.8180394549159	0.69442538181350
3.8146387326632	0.69433432276851
3.8112440630562	0.69424460277904
3.8078554299505	0.69415622331121
3.8044728172589	0.69406918580408
3.8010962089514	0.69398349166954
3.7977255890550	0.69389914229236
3.7943609416530	0.69381613903013
3.7910022508852	0.69373448321319
3.7876495009476	0.69365417614464
3.7843026760919	0.69357521910032
3.7809617606256	0.69349761332870
3.7776267389113	0.69342136005091
3.7742975953670	0.69334646046067
3.7709743144654	0.69327291572423
3.7676568807339	0.69320072698037
3.7643452787544	0.69312989534029
3.7610394931627	0.69306042188762
3.7577395086488	0.69299230767833
3.7544453099562	0.69292555374069
3.7511568818819	0.69286016107521
3.7478742092762	0.69279613065460
3.7445972770422	0.69273346342366
3.7413260701360	0.69267216029928
3.7380605735661	0.69261222217034
3.7348007723932	0.69255364989766
3.7315466517301	0.69249644431390
3.7282981967417	0.69244060622353
3.7250553926441	0.69238613640274
3.7218182247052	0.69233303559937
3.7185866782436	0.69228130453282
3.7153607386293	0.69223094389397
3.7121403912828	0.69218195434514
3.7089256216751	0.69213433651994
3.7057164153276	0.69208809102326
3.7025127578115	0.69204321843110
3.6993146347483	0.69199971929055
3.6961220318087	0.69195759411967
3.6929349347130	0.69191684340739
3.6897533292308	0.69187746761343
3.6865772011805	0.69183946716818
3.6834065364295	0.69180284247263
3.6802413208937	0.69176759389824
3.6770815405372	0.69173372178684
3.6739271813725	0.69170122645054
3.6707782294600	0.69167010817159
3.6676346709078	0.69164036720231
3.6644964918714	0.69161200376495
3.6613636785540	0.69158501805155
3.6582362172056	0.69155941022388
3.6551140941234	0.69153518041329
3.6519972956511	0.69151232872056
3.6488858081792	0.69149085521584
3.6457796181442	0.69147075993844
3.6426787120292	0.69145204289680
3.6395830763628	0.69143470406826
3.6364926977196	0.69141874339901
3.6334075627197	0.69140416080389
3.6303276580286	0.69139095616630
3.6272529703569	0.69137912933802
3.6241834864603	0.69136868013912
3.6211191931393	0.69135960835776
3.6180600772387	0.69135191375008
3.6150061256481	0.69134559604004
3.6119573253012	0.69134065491929
3.6089136631756	0.69133709004697
3.6058751262930	0.69133490104961
3.6028417017185	0.69133408752094
3.5998133765610	0.69133464902175
3.5967901379724	0.69133658507972
3.5937719731479	0.69133989518926
3.5907588693257	0.69134457881136
3.5877508137865	0.69135063537339
3.5847477938539	0.69135806426897
3.5817497968937	0.69136686485778
3.5787568103140	0.69137703646540
3.5757688215649	0.69138857838312
3.5727858181385	0.69140148986779
3.5698077875685	0.69141577014161
3.5668347174301	0.69143141839198
3.5638665953400	0.69144843377132
3.5609034089559	0.69146681539687
3.5579451459767	0.69148656235050
3.5549917941421	0.69150767367857
3.5520433412322	0.69153014839169
3.5490997750681	0.69155398546456
3.5461610835108	0.69157918383578
3.5432272544616	0.69160574240765
3.5402982758621	0.69163366004598
3.5373741356932	0.69166293557988
3.5344548219759	0.69169356780162
3.5315403227706	0.69172555546635
3.5286306261770	0.69175889729197
3.5257257203340	0.69179359195890
3.5228255934195	0.69182963810989
3.5199302336503	0.69186703434978
3.5170396292820	0.69190577924538
3.5141537686086	0.69194587132517
3.5112726399625	0.69198730907915
3.5083962317145	0.69203009095864
3.5055245322732	0.69207421537604
3.5026575300853	0.69211968070462
3.4997952136353	0.69216648527836
3.4969375714452	0.69221462739167
3.4940845920746	0.69226410529925
3.4912362641202	0.69231491721582
3.4883925762160	0.69236706131593
3.4855535170329	0.69242053573377
3.4827190752788	0.69247533856289
3.4798892396982	0.69253146785608
3.4770639990721	0.69258892162508
3.4742433422181	0.69264769784038
3.4714272579898	0.69270779443103
3.4686157352771	0.69276920928441
3.4658087630058	0.69283194024600
3.4630063301375	0.69289598511917
3.4602084256694	0.69296134166500
3.4574150386345	0.69302800760201
3.4546261581009	0.69309598060596
3.4518417731721	0.69316525830966
3.4490618729867	0.69323583830273
3.4462864467180	0.69330771813138
3.4435154835745	0.69338089529820
3.4407489727993	0.69345536726197
3.4379869036697	0.69353113143740
3.4352292654979	0.69360818519494
3.4324760476300	0.69368652586058
3.4297272394463	0.69376615071560
3.4269828303612	0.69384705699639
3.4242428098230	0.69392924189423
3.4215071673134	0.69401270255507
3.4187758923480	0.69409743607933
3.4160489744758	0.69418343952167
3.4133264032791	0.69427070989081
3.4106081683732	0.69435924414934
3.4078942594066	0.69444903921343
3.4051846660609	0.69454009195272
3.4024793780502	0.69463239919009
3.3997783851213	0.69472595770140
3.3970816770538	0.69482076421539
3.3943892436594	0.69491681541340
3.3917010747822	0.69501410792921
3.3890171602984	0.69511263834884
3.3863374901163	0.69521240321037
3.3836620541761	0.69531339900371
3.3809908424495	0.69541562217045
3.3783238449403	0.69551906910368
3.3756610516834	0.69562373614776
3.3730024527453	0.69572961959818
3.3703480382237	0.69583671570135
3.3676977982476	0.69594502065446
3.3650517229768	0.69605453060527
3.3624098026021	0.69616524165196
3.3597720273451	0.69627714984295
3.3571383874580	0.69639025117675
3.3545088732237	0.69650454160178
3.3518834749553	0.69662001701621
3.3492621829963	0.69673667326781
3.3466449877205	0.69685450615380
3.3440318795315	0.69697351142071
3.3414228488631	0.69709368476421
3.3388178861789	0.69721502182896
3.3362169819720	0.69733751820852
3.3336201267653	0.69746116944515
3.3310273111111	0.69758597102975
