#Parameters = {thARC=0.8; nARC=1; thsub=1; p=1; nSub=1}
#"Wavelength / um"	"T (6) [Real Part]"
#-------------------------------------
14.989622900000	0.99999999192729
14.937342202292	1.0000000000000
14.885424925521	1.0000000000000
14.833867293419	1.0000000000000
14.782665581854	1.0000000000000
14.731816117936	1.0000000000000
14.681315279138	1.0000000000000
14.631159492435	1.0000000000000
14.581345233463	1.0000000000000
14.531869025691	1.0000000000000
14.482727439614	1.0000000000000
14.433917091960	1.0000000000000
14.385434644914	1.0000000000000
14.337276805356	1.0000000000000
14.289440324118	1.0000000000000
14.241921995249	1.0000000000000
14.194718655303	1.0000000000000
14.147827182633	1.0000000000000
14.101244496707	1.0000000000000
14.054967557431	1.0000000000000
14.008993364486	1.0000000000000
13.963318956684	1.0000000000000
13.917941411328	1.0000000000000
13.872857843591	1.0000000000000
13.828065405904	1.0000000000000
13.783561287356	1.0000000000000
13.739342713107	1.0000000000000
13.695406943810	1.0000000000000
13.651751275046	1.0000000000000
13.608373036768	1.0000000000000
13.565269592760	1.0000000000000
13.522438340099	1.0000000000000
13.479876708633	1.0000000000000
13.437582160466	1.0000000000000
13.395552189455	1.0000000000000
13.353784320713	1.0000000000000
13.312276110124	1.0000000000000
13.271025143869	1.0000000000000
13.230029037952	1.0000000000000
13.189285437747	1.0000000000000
13.148792017544	1.0000000000000
13.108546480105	1.0000000000000
13.068546556234	1.0000000000000
13.028790004346	1.0000000000000
12.989274610052	1.0000000000000
12.949998185745	1.0000000000000
12.910958570198	1.0000000000000
12.872153628167	1.0000000000000
12.833581250000	1.0000000000000
12.795239351259	1.0000000000000
12.757125872340	1.0000000000000
12.719238778108	1.0000000000000
12.681576057530	1.0000000000000
12.644135723323	1.0000000000000
12.606915811606	1.0000000000000
12.569914381551	1.0000000000000
12.533129515050	1.0000000000000
12.496559316382	1.0000000000000
12.460201911887	1.0000000000000
12.424055449648	1.0000000000000
12.388118099174	1.0000000000000
12.352388051092	1.0000000000000
12.316863516845	1.0000000000000
12.281542728390	1.0000000000000
12.246423937908	1.0000000000000
12.211505417515	1.0000000000000
12.176785458976	1.0000000000000
12.142262373431	1.0000000000000
12.107934491115	1.0000000000000
12.073800161095	1.0000000000000
12.039857751004	1.0000000000000
12.006105646776	1.0000000000000
11.972542252396	1.0000000000000
11.939165989646	1.0000000000000
11.905975297855	1.0000000000000
11.872968633663	1.0000000000000
11.840144470774	1.0000000000000
11.807501299724	1.0000000000000
11.775037627651	1.0000000000000
11.742751978065	1.0000000000000
11.710642890625	1.0000000000000
11.678708920919	1.0000000000000
11.646948640249	1.0000000000000
11.615360635413	1.0000000000000
11.583943508501	1.0000000000000
11.552695876686	1.0000000000000
11.521616372022	1.0000000000000
11.490703641242	1.0000000000000
11.459956345566	1.0000000000000
11.429373160503	1.0000000000000
11.398952775665	1.0000000000000
11.368693894577	1.0000000000000
11.338595234493	1.0000000000000
11.308655526217	1.0000000000000
11.278873513920	1.0000000000000
11.249247954972	1.0000000000000
11.219777619760	1.0000000000000
11.190461291527	1.0000000000000
11.161297766195	1.0000000000000
11.132285852209	1.0000000000000
11.103424370370	1.0000000000000
11.074712153676	1.0000000000000
11.046148047163	1.0000000000000
11.017730907755	1.0000000000000
10.989459604106	1.0000000000000
10.961333016453	1.0000000000000
10.933350036470	1.0000000000000
10.905509567115	1.0000000000000
10.877810522496	1.0000000000000
10.850251827723	1.0000000000000
10.822832418773	1.0000000000000
10.795551242348	1.0000000000000
10.768407255747	1.0000000000000
10.741399426729	1.0000000000000
10.714526733381	1.0000000000000
10.687788163993	1.0000000000000
10.661182716927	1.0000000000000
10.634709400497	1.0000000000000
10.608367232838	1.0000000000000
10.582155241793	1.0000000000000
10.556072464789	1.0000000000000
10.530117948718	1.0000000000000
10.504290749825	1.0000000000000
10.478589933590	1.0000000000000
10.453014574616	1.0000000000000
10.427563756522	1.0000000000000
10.402236571825	1.0000000000000
10.377032121841	1.0000000000000
10.351949516575	1.0000000000000
10.326987874612	1.0000000000000
10.302146323024	1.0000000000000
10.277423997257	1.0000000000000
10.252820041040	1.0000000000000
10.228333606278	1.0000000000000
10.203963852961	1.0000000000000
10.179709949066	1.0000000000000
10.155571070461	1.0000000000000
10.131546400811	1.0000000000000
10.107635131490	1.0000000000000
10.083836461487	1.0000000000000
10.060149597315	1.0000000000000
10.036573752929	1.0000000000000
10.013108149633	1.0000000000000
9.9897520159947	1.0000000000000
9.9665045877660	1.0000000000000
9.9433651077944	1.0000000000000
9.9203328259431	1.0000000000000
9.8974069990096	1.0000000000000
9.8745868906456	1.0000000000000
9.8518717712783	1.0000000000000
9.8292609180328	1.0000000000000
9.8067536146549	1.0000000000000
9.7843491514360	1.0000000000000
9.7620468251384	1.0000000000000
9.7398459389214	1.0000000000000
9.7177458022690	1.0000000000000
9.6957457309185	1.0000000000000
9.6738450467893	1.0000000000000
9.6520430779137	1.0000000000000
9.6303391583681	1.0000000000000
9.6087326282051	1.0000000000000
9.5872228333866	1.0000000000000
9.5658091257179	1.0000000000000
9.5444908627826	1.0000000000000
9.5232674078780	1.0000000000000
9.5021381299525	1.0000000000000
9.4811024035421	1.0000000000000
9.4601596087094	1.0000000000000
9.4393091309824	1.0000000000000
9.4185503612944	1.0000000000000
9.3978826959248	1.0000000000000
9.3773055364404	1.0000000000000
9.3568182896380	1.0000000000000
9.3364203674868	1.0000000000000
9.3161111870727	1.0000000000000
9.2958901705426	1.0000000000000
9.2757567450495	1.0000000000000
9.2557103426984	1.0000000000000
9.2357504004929	1.0000000000000
9.2158763602828	1.0000000000000
9.1960876687117	1.0000000000000
9.1763837771656	1.0000000000000
9.1567641417227	1.0000000000000
9.1372282231027	1.0000000000000
9.1177754866180	1.0000000000000
9.0984054021244	1.0000000000000
9.0791174439733	1.0000000000000
9.0599110909640	1.0000000000000
9.0407858262967	1.0000000000000
9.0217411375263	1.0000000000000
9.0027765165165	1.0000000000000
8.9838914593947	1.0000000000000
8.9650854665072	1.0000000000000
8.9463580423754	1.0000000000000
8.9277086956522	1.0000000000000
8.9091369390788	1.0000000000000
8.8906422894425	1.0000000000000
8.8722242675348	1.0000000000000
8.8538823981099	1.0000000000000
8.8356162098438	1.0000000000000
8.8174252352941	1.0000000000000
8.7993090108600	1.0000000000000
8.7812670767428	1.0000000000000
8.7632989769073	1.0000000000000
8.7454042590432	1.0000000000000
8.7275824745269	1.0000000000000
8.7098331783847	1.0000000000000
8.6921559292549	1.0000000000000
8.6745502893519	1.0000000000000
8.6570158244297	1.0000000000000
8.6395521037464	1.0000000000000
8.6221587000288	1.0000000000000
8.6048351894374	1.0000000000000
8.5875811515325	1.0000000000000
8.5703961692396	1.0000000000000
8.5532798288160	1.0000000000000
8.5362317198178	1.0000000000000
8.5192514350668	1.0000000000000
8.5023385706183	1.0000000000000
8.4854927257288	1.0000000000000
8.4687135028249	1.0000000000000
8.4520005074711	1.0000000000000
8.4353533483399	1.0000000000000
8.4187716371806	1.0000000000000
8.4022549887892	1.0000000000000
8.3858030209790	1.0000000000000
8.3694153545505	1.0000000000000
8.3530916132627	1.0000000000000
8.3368314238042	1.0000000000000
8.3206344157646	1.0000000000000
8.3045002216066	1.0000000000000
8.2884284766381	1.0000000000000
8.2724188189845	1.0000000000000
8.2564708895621	1.0000000000000
8.2405843320506	1.0000000000000
8.2247587928669	1.0000000000000
8.2089939211391	1.0000000000000
8.1932893686800	1.0000000000000
8.1776447899618	1.0000000000000
8.1620598420909	1.0000000000000
8.1465341847826	1.0000000000000
8.1310674803363	1.0000000000000
8.1156593936113	1.0000000000000
8.1003095920022	1.0000000000000
8.0850177454153	1.0000000000000
8.0697835262450	1.0000000000000
8.0546066093498	1.0000000000000
8.0394866720300	1.0000000000000
8.0244233940043	1.0000000000000
8.0094164573871	1.0000000000000
7.9944655466667	1.0000000000000
7.9795703486825	0.99999386679573
7.9647305526036	0.99998769773120
7.9499458499072	0.99998158470560
7.9352159343568	0.99997552810009
7.9205405019815	0.99996952828507
7.9059192510549	0.99996358562027
7.8913518820742	0.99995770045484
7.8768380977404	0.99995187312739
7.8623776029373	0.99994610396603
7.8479701047120	0.99994039328850
7.8336153122550	0.99993474140218
7.8193129368805	0.99992914860421
7.8050626920073	0.99992361518149
7.7908642931393	0.99991814141081
7.7767174578470	0.99991272755889
7.7626219057483	0.99990737388242
7.7485773584906	0.99990208062819
7.7345835397317	0.99989684803311
7.7206401751223	0.99989167632429
7.7067469922879	0.99988656571910
7.6929037208109	0.99988151642526
7.6791100922131	0.99987652864087
7.6653658399386	0.99987160255454
7.6516706993364	0.99986673834537
7.6380244076433	0.99986193618311
7.6244267039674	0.99985719622817
7.6108773292714	0.99985251863168
7.5973760263558	0.99984790353562
7.5839225398432	0.99984335107282
7.5705166161616	0.99983886136707
7.5571580035291	0.99983443453317
7.5438464519376	0.99983007067701
7.5305817131374	0.99982576989563
7.5173635406219	0.99982153227729
7.5041916896120	0.99981735790154
7.4910659170415	0.99981324683928
7.4779859815415	0.99980919915286
7.4649516434263	0.99980521489609
7.4519626646781	0.99980129411438
7.4390188089330	0.99979743684476
7.4261198414664	0.99979364311594
7.4132655291790	0.99978991294843
7.4004556405826	0.99978624635456
7.3876899457861	0.99978264333858
7.3749682164822	0.99977910389670
7.3622902259332	0.99977562801720
7.3496557489581	0.99977221568045
7.3370645619187	0.99976886685901
7.3245164427071	0.99976558151769
7.3120111707317	0.99976235961364
7.2995485269053	0.99975920109638
7.2871282936315	0.99975610590788
7.2747502547925	0.99975307398266
7.2624141957364	0.99975010524783
7.2501199032648	0.99974719962314
7.2378671656205	0.99974435702111
7.2256557724753	0.99974157734704
7.2134855149182	0.99973886049911
7.2013561854432	0.99973620636844
7.1892675779376	0.99973361483915
7.1772194876706	0.99973108578844
7.1652117112811	0.99972861908666
7.1532440467669	0.99972621459738
7.1413162934731	0.99972387217745
7.1294282520809	0.99972159167707
7.1175797245964	0.99971937293985
7.1057705143399	0.99971721580291
7.0940004259347	0.99971512009691
7.0822692652965	0.99971308564615
7.0705768396226	0.99971111226862
7.0589229573817	0.99970919977606
7.0473074283028	0.99970734797407
7.0357300633654	0.99970555666212
7.0241906747891	0.99970382563366
7.0126890760234	0.99970215467618
7.0012250817375	0.99970054357126
6.9897985078107	0.99969899209468
6.9784091713222	0.99969750001643
6.9670568905415	0.99969606710082
6.9557414849188	0.99969469310654
6.9444627750753	0.99969337778672
6.9332205827937	0.99969212088900
6.9220147310090	0.99969092215559
6.9108450437990	0.99968978132336
6.8997113463751	0.99968869812389
6.8886134650735	0.99968767228355
6.8775512273457	0.99968670352353
6.8665244617499	0.99968579155996
6.8555329979419	0.99968493610396
6.8445766666667	0.99968413686167
6.8336552997493	0.99968339353437
6.8227687300865	0.99968270581851
6.8119167916383	0.99968207340581
6.8010993194192	0.99968149598328
6.7903161494904	0.99968097323333
6.7795671189507	0.99968050483382
6.7688520659291	0.99968009045812
6.7581708295762	0.99967972977518
6.7475232500563	0.99967942244961
6.7369091685393	0.99967916814172
6.7263284271932	0.99967896650761
6.7157808691756	0.99967881719921
6.7052663386267	0.99967871986439
6.6947846806610	0.99967867414698
6.6843357413601	0.99967867968684
6.6739193677649	0.99967873611995
6.6635354078684	0.99967884307848
6.6531837106081	0.99967900019079
6.6428641258586	0.99967920708160
6.6325765044248	0.99967946337196
6.6223206980340	0.99967976867935
6.6120965593295	0.99968012261776
6.6019039418630	0.99968052479775
6.5917427000879	0.99968097482647
6.5816126893524	0.99968147230779
6.5715137658922	0.99968201684232
6.5614457868243	0.99968260802748
6.5514086101399	0.99968324545758
6.5414020946978	0.99968392872387
6.5314261002179	0.99968465741459
6.5214804872743	0.99968543111509
6.5115651172893	0.99968624940779
6.5016798525266	0.99968711187237
6.4918245560849	0.99968801808571
6.4819990918919	0.99968896762206
6.4722033246978	0.99968996005300
6.4624371200690	0.99969099494760
6.4527003443823	0.99969207187240
6.4429928648184	0.99969319039154
6.4333145493562	0.99969435006675
6.4236652667667	0.99969555045749
6.4140448866068	0.99969679112095
6.4044532792138	0.99969807161212
6.3948903156997	0.99969939148389
6.3853558679446	0.99970075028707
6.3758498085921	0.99970214757046
6.3663720110427	0.99970358288092
6.3569223494487	0.99970505576342
6.3475006987084	0.99970656576111
6.3381069344609	0.99970811241536
6.3287409330800	0.99970969526586
6.3194025716695	0.99971131385063
6.3100917280572	0.99971296770609
6.3008082807902	0.99971465636717
6.2915521091291	0.99971637936728
6.2823230930427	0.99971813623846
6.2731211132036	0.99971992651136
6.2639460509820	0.99972174971537
6.2547977884415	0.99972360537860
6.2456762083333	0.99972549302800
6.2365811940919	0.99972741218941
6.2275126298297	0.99972936238757
6.2184704003319	0.99973134314623
6.2094543910522	0.99973335398819
6.2004644881075	0.99973539443533
6.1915005782734	0.99973746400872
6.1825625489792	0.99973956222861
6.1736502883031	0.99974168861455
6.1647636849681	0.99974384268541
6.1559026283368	0.99974602395942
6.1470670084068	0.99974823195427
6.1382567158067	0.99975046618714
6.1294716417910	0.99975272617473
6.1207116782360	0.99975501143337
6.1119767176351	0.99975732147903
6.1032666530945	0.99975965582739
6.0945813783289	0.99976201399389
6.0859207876573	0.99976439549378
6.0772847759984	0.99976679984219
6.0686732388664	0.99976922655415
6.0600860723671	0.99977167514470
6.0515231731934	0.99977414512885
6.0429844386212	0.99977663602174
6.0344697665056	0.99977914733861
6.0259790552764	0.99978167859488
6.0175122039342	0.99978422930621
6.0090691120465	0.99978679898856
6.0006496797438	0.99978938715818
5.9922538077154	0.99979199333174
5.9838813972056	0.99979461702633
5.9755323500100	0.99979725775953
5.9672065684713	0.99979991504945
5.9589039554760	0.99980258841477
5.9506244144502	0.99980527737483
5.9423678493558	0.99980798144962
5.9341341646873	0.99981070015989
5.9259232654675	0.99981343302714
5.9177350572444	0.99981617957370
5.9095694460871	0.99981893932280
5.9014263385827	0.99982171179855
5.8933056418321	0.99982449652606
5.8852072634472	0.99982729303144
5.8771311115468	0.99983010084186
5.8690770947533	0.99983291948560
5.8610451221896	0.99983574849209
5.8530351034752	0.99983858739197
5.8450469487229	0.99984143571710
5.8370805685358	0.99984429300066
5.8291358740035	0.99984715877713
5.8212127766990	0.99985003258241
5.8133111886756	0.99985291395377
5.8054310224632	0.99985580242999
5.7975721910656	0.99985869755133
5.7897346079567	0.99986159885964
5.7819181870781	0.99986450589832
5.7741228428351	0.99986741821243
5.7663484900942	0.99987033534872
5.7585950441798	0.99987325685566
5.7508624208709	0.99987618228346
5.7431505363985	0.99987911118415
5.7354593074421	0.99988204311163
5.7277886511272	0.99988497762165
5.7201384850219	0.99988791427190
5.7125087271341	0.99989085262206
5.7048992959087	0.99989379223378
5.6973101102242	0.99989673267079
5.6897410893908	0.99989967349888
5.6821921531463	0.99990261428599
5.6746632216544	0.99990555460219
5.6671542155009	0.99990849401979
5.6596650556919	0.99991143211330
5.6521956636501	0.99991436845955
5.6447459612126	0.99991730263763
5.6373158706281	0.99992023422904
5.6299053145540	0.99992316281762
5.6225142160540	0.99992608798965
5.6151424985952	0.99992900933387
5.6077900860456	0.99993192644151
5.6004569026714	0.99993483890634
5.5931428731343	0.99993774632468
5.5858479224893	0.99994064829546
5.5785719761816	0.99994354442022
5.5713149600446	0.99994643430321
5.5640768002970	0.99994931755133
5.5568574235403	0.99995219377424
5.5496567567568	0.99995506258436
5.5424747273063	0.99995792359692
5.5353112629247	0.99996077642995
5.5281662917204	0.99996362070437
5.5210397421731	0.99996645604398
5.5139315431304	0.99996928207550
5.5068416238060	0.99997209842861
5.4997699137773	0.99997490473598
5.4927163429828	0.99997770063329
5.4856808417200	0.99998048575925
5.4786633406433	0.99998325975566
5.4716637707611	0.99998602226741
5.4646820634342	0.99998877294254
5.4577181503732	0.99999151143222
5.4507719636364	0.99999423739083
5.4438434356274	0.99999695047594
5.4369324990932	0.99999965034839
5.4300390871219	1.0000000000000
5.4231631331404	1.0000000000000
5.4163045709124	1.0000000000000
5.4094633345363	1.0000000000000
5.4026393584430	1.0000000000000
5.3958325773938	1.0000000000000
5.3890429264785	1.0000000000000
5.3822703411131	1.0000000000000
5.3755147570378	1.0000000000000
5.3687761103152	1.0000000000000
5.3620543373278	1.0000000000000
5.3553493747767	1.0000000000000
5.3486611596789	1.0000000000000
5.3419896293656	1.0000000000000
5.3353347214807	1.0000000000000
5.3286963739780	1.0000000000000
5.3220745251198	1.0000000000000
5.3154691134752	1.0000000000000
5.3088800779175	1.0000000000000
5.3023073576229	1.0000000000000
5.2957508920685	1.0000000000000
5.2892106210303	1.0000000000000
5.2826864845815	1.0000000000000
5.2761784230905	1.0000000000000
5.2696863772192	1.0000000000000
5.2632102879213	1.0000000000000
5.2567500964405	1.0000000000000
5.2503057443082	1.0000000000000
5.2438771733427	1.0000000000000
5.2374643256464	1.0000000000000
5.2310671436050	1.0000000000000
5.2246855698850	1.0000000000000
5.2183195474326	1.0000000000000
5.2119690194715	1.0000000000000
5.2056339295016	1.0000000000000
5.1993142212973	1.0000000000000
5.1930098389052	1.0000000000000
5.1867207266436	1.0000000000000
5.1804468290997	1.0000000000000
5.1741880911288	1.0000000000000
5.1679444578521	1.0000000000000
5.1617158746556	1.0000000000000
5.1555022871883	1.0000000000000
5.1493036413604	1.0000000000000
5.1431198833419	1.0000000000000
5.1369509595613	1.0000000000000
5.1307968167037	1.0000000000000
5.1246574017094	1.0000000000000
5.1185326617722	1.0000000000000
5.1124225443383	1.0000000000000
5.1063269971044	1.0000000000000
5.1002459680163	1.0000000000000
5.0941794052676	1.0000000000000
5.0881272572980	1.0000000000000
5.0820894727920	1.0000000000000
5.0760660006773	1.0000000000000
5.0700567901235	1.0000000000000
5.0640617905405	1.0000000000000
5.0580809515775	1.0000000000000
5.0521142231210	1.0000000000000
5.0461615552937	1.0000000000000
5.0402228984533	1.0000000000000
5.0342982031906	1.0000000000000
5.0283874203287	1.0000000000000
5.0224905009214	1.0000000000000
5.0166073962517	1.0000000000000
5.0107380578305	1.0000000000000
5.0048824373957	1.0000000000000
4.9990404869101	1.0000000000000
4.9932121585610	1.0000000000000
4.9873974047579	1.0000000000000
4.9815961781323	1.0000000000000
4.9758084315353	1.0000000000000
4.9700341180371	1.0000000000000
4.9642731909256	1.0000000000000
4.9585256037049	1.0000000000000
4.9527913100942	1.0000000000000
4.9470702640264	1.0000000000000
4.9413624196473	1.0000000000000
4.9356677313138	1.0000000000000
4.9299861535932	1.0000000000000
4.9243176412615	1.0000000000000
4.9186621493027	1.0000000000000
4.9130196329072	1.0000000000000
4.9073900474709	1.0000000000000
4.9017733485939	1.0000000000000
4.8961694920790	1.0000000000000
4.8905784339315	1.0000000000000
4.8850001303569	1.0000000000000
4.8794345377604	1.0000000000000
4.8738816127459	1.0000000000000
4.8683413121143	1.0000000000000
4.8628135928629	1.0000000000000
4.8572984121841	1.0000000000000
4.8517957274640	1.0000000000000
4.8463054962819	1.0000000000000
4.8408276764088	1.0000000000000
4.8353622258065	1.0000000000000
4.8299091026261	1.0000000000000
4.8244682652076	1.0000000000000
4.8190396720784	1.0000000000000
4.8136232819525	1.0000000000000
4.8082190537289	1.0000000000000
4.8028269464915	1.0000000000000
4.7974469195071	1.0000000000000
4.7920789322251	1.0000000000000
4.7867229442759	1.0000000000000
4.7813789154705	1.0000000000000
4.7760468057989	1.0000000000000
4.7707265754297	1.0000000000000
4.7654181847083	1.0000000000000
4.7601215941569	1.0000000000000
4.7548367644726	1.0000000000000
4.7495636565272	1.0000000000000
4.7443022313657	1.0000000000000
4.7390524502055	1.0000000000000
4.7338142744355	1.0000000000000
4.7285876656151	1.0000000000000
4.7233725854735	1.0000000000000
4.7181689959081	1.0000000000000
4.7129768589844	1.0000000000000
4.7077961369347	1.0000000000000
4.7026267921569	1.0000000000000
4.6974687872140	1.0000000000000
4.6923220848333	1.0000000000000
4.6871866479049	1.0000000000000
4.6820624394815	1.0000000000000
4.6769494227769	1.0000000000000
4.6718475611657	1.0000000000000
4.6667568181818	1.0000000000000
4.6616771575183	1.0000000000000
4.6566085430258	1.0000000000000
4.6515509387122	1.0000000000000
4.6465043087415	1.0000000000000
4.6414686174330	1.0000000000000
4.6364438292607	1.0000000000000
4.6314299088522	1.0000000000000
4.6264268209877	1.0000000000000
4.6214345305997	1.0000000000000
4.6164530027718	1.0000000000000
4.6114822027380	1.0000000000000
4.6065220958820	1.0000000000000
4.6015726477360	1.0000000000000
4.5966338239804	1.0000000000000
4.5917055904426	1.0000000000000
4.5867879130967	1.0000000000000
4.5818807580621	1.0000000000000
4.5769840916031	1.0000000000000
4.5720978801281	1.0000000000000
4.5672220901889	1.0000000000000
4.5623566884797	1.0000000000000
4.5575016418364	1.0000000000000
4.5526569172361	1.0000000000000
4.5478224817961	1.0000000000000
4.5429983027731	1.0000000000000
4.5381843475628	1.0000000000000
4.5333805836988	1.0000000000000
4.5285869788520	1.0000000000000
4.5238035008299	1.0000000000000
4.5190301175761	1.0000000000000
4.5142667971691	1.0000000000000
4.5095135078219	1.0000000000000
4.5047702178813	1.0000000000000
4.5000368958271	1.0000000000000
4.4953135102714	1.0000000000000
4.4906000299581	1.0000000000000
4.4858964237618	1.0000000000000
4.4812026606876	1.0000000000000
4.4765187098701	1.0000000000000
4.4718445405728	1.0000000000000
4.4671801221875	1.0000000000000
4.4625254242334	1.0000000000000
4.4578804163569	1.0000000000000
4.4532450683304	1.0000000000000
4.4486193500519	1.0000000000000
4.4440032315446	1.0000000000000
4.4393966829557	1.0000000000000
4.4347996745562	1.0000000000000
4.4302121767401	1.0000000000000
4.4256341600236	1.0000000000000
4.4210655950450	1.0000000000000
4.4165064525633	1.0000000000000
4.4119567034584	1.0000000000000
4.4074163187298	1.0000000000000
4.4028852694963	1.0000000000000
4.3983635269953	1.0000000000000
4.3938510625824	1.0000000000000
4.3893478477306	1.0000000000000
4.3848538540295	1.0000000000000
4.3803690531853	1.0000000000000
4.3758934170194	1.0000000000000
4.3714269174686	1.0000000000000
4.3669695265841	1.0000000000000
4.3625212165309	1.0000000000000
4.3580819595871	1.0000000000000
4.3536517281441	1.0000000000000
4.3492304947048	1.0000000000000
4.3448182318841	1.0000000000000
4.3404149124077	1.0000000000000
4.3360205091119	1.0000000000000
4.3316349949429	1.0000000000000
4.3272583429561	1.0000000000000
4.3228905263158	1.0000000000000
4.3185315182944	1.0000000000000
4.3141812922723	1.0000000000000
4.3098398217366	1.0000000000000
4.3055070802815	1.0000000000000
4.3011830416069	1.0000000000000
4.2968676795184	1.0000000000000
4.2925609679267	1.0000000000000
4.2882628808468	1.0000000000000
4.2839733923978	1.0000000000000
4.2796924768023	1.0000000000000
4.2754201083856	1.0000000000000
4.2711562615757	1.0000000000000
4.2669009109024	1.0000000000000
4.2626540309967	1.0000000000000
4.2584155965909	1.0000000000000
4.2541855825174	1.0000000000000
4.2499639637085	1.0000000000000
4.2457507151961	1.0000000000000
4.2415458121109	1.0000000000000
4.2373492296820	1.0000000000000
4.2331609432364	1.0000000000000
4.2289809281986	1.0000000000000
4.2248091600902	1.0000000000000
4.2206456145291	1.0000000000000
4.2164902672293	1.0000000000000
4.2123430940003	1.0000000000000
4.2082040707468	1.0000000000000
4.2040731734680	1.0000000000000
4.1999503782572	1.0000000000000
4.1958356613016	1.0000000000000
4.1917289988814	1.0000000000000
4.1876303673697	1.0000000000000
4.1835397432319	1.0000000000000
4.1794571030252	1.0000000000000
4.1753824233983	1.0000000000000
4.1713156810909	1.0000000000000
4.1672568529330	1.0000000000000
4.1632059158450	1.0000000000000
4.1591628468368	1.0000000000000
4.1551276230076	1.0000000000000
4.1511002215453	1.0000000000000
4.1470806197261	1.0000000000000
4.1430687949143	1.0000000000000
4.1390647245616	1.0000000000000
4.1350683862069	1.0000000000000
4.1310797574755	0.99999877918951
4.1270988160793	0.99999733312108
4.1231255398157	0.99999589843030
4.1191599065677	0.99999447543016
4.1152018943034	0.99999306443177
4.1112514810752	0.99999166574433
4.1073086450199	0.99999027967510
4.1033733643581	0.99998890652930
4.0994456173937	0.99998754661006
4.0955253825137	0.99998620021839
4.0916126381875	0.99998486765307
4.0877073629670	0.99998354921062
4.0838095354856	0.99998224518526
4.0799191344584	0.99998095586879
4.0760361386812	0.99997968155058
4.0721605270307	0.99997842251749
4.0682922784638	0.99997717905382
4.0644313720174	0.99997595144122
4.0605777868075	0.99997473995868
4.0567315020298	0.99997354488239
4.0528924969582	0.99997236648576
4.0490607509454	0.99997120503932
4.0452362434219	0.99997006081065
4.0414189538959	0.99996893406433
4.0376088619529	0.99996782506187
4.0338059472551	0.99996673406168
4.0300101895416	0.99996566131894
4.0262215686274	0.99996460708561
4.0224400644036	0.99996357161033
4.0186656568365	0.99996255513834
4.0148983259676	0.99996155791147
4.0111380519133	0.99996058016801
4.0073848148643	0.99995962214271
4.0036385950855	0.99995868406667
3.9998993729153	0.99995776616730
3.9961671287657	0.99995686866826
3.9924418431216	0.99995599178938
3.9887234965407	0.99995513574658
3.9850120696531	0.99995430075185
3.9813075431607	0.99995348701317
3.9776098978373	0.99995269473442
3.9739191145281	0.99995192411535
3.9702351741491	0.99995117535148
3.9665580576872	0.99995044863407
3.9628877461996	0.99994974415004
3.9592242208135	0.99994906208189
3.9555674627260	0.99994840260767
3.9519174532033	0.99994776590088
3.9482741735809	0.99994715213042
3.9446376052632	0.99994656146054
3.9410077297226	0.99994599405074
3.9373845285001	0.99994545005573
3.9337679832043	0.99994492962536
3.9301580755113	0.99994443290453
3.9265547871644	0.99994396003319
3.9229580999738	0.99994351114619
3.9193679958164	0.99994308637326
3.9157844566353	0.99994268583897
3.9122074644395	0.99994230966259
3.9086370013038	0.99994195795808
3.9050730493682	0.99994163083404
3.9015155908381	0.99994132839356
3.8979646079834	0.99994105073425
3.8944200831385	0.99994079794811
3.8908819987021	0.99994057012150
3.8873503371369	0.99994036733504
3.8838250809690	0.99994018966357
3.8803062127880	0.99994003717608
3.8767937152463	0.99993990993562
3.8732875710594	0.99993980799929
3.8697877630050	0.99993973141809
3.8662942739231	0.99993968023692
3.8628070867156	0.99993965449451
3.8593261843460	0.99993965422329
3.8558515498392	0.99993967944941
3.8523831662812	0.99993973019261
3.8489210168186	0.99993980646618
3.8454650846588	0.99993990827689
3.8420153530693	0.99994003562491
3.8385718053777	0.99994018850377
3.8351344249712	0.99994036690026
3.8317031952965	0.99994057079440
3.8282780998595	0.99994080015934
3.8248591222251	0.99994105496130
3.8214462460166	0.99994133515952
3.8180394549159	0.99994164070618
3.8146387326632	0.99994197154634
3.8112440630562	0.99994232761786
3.8078554299505	0.99994270885135
3.8044728172589	0.99994311517009
3.8010962089514	0.99994354648996
3.7977255890550	0.99994400271940
3.7943609416530	0.99994448375930
3.7910022508852	0.99994498950298
3.7876495009476	0.99994551983609
3.7843026760919	0.99994607463655
3.7809617606256	0.99994665377450
3.7776267389113	0.99994725711221
3.7742975953670	0.99994788450402
3.7709743144654	0.99994853579629
3.7676568807339	0.99994921082732
3.7643452787544	0.99994990942726
3.7610394931627	0.99995063141810
3.7577395086488	0.99995137661355
3.7544453099562	0.99995214481900
3.7511568818819	0.99995293583145
3.7478742092762	0.99995374943945
3.7445972770422	0.99995458542300
3.7413260701360	0.99995544355354
3.7380605735661	0.99995632359383
3.7348007723932	0.99995722529793
3.7315466517301	0.99995814841109
3.7282981967417	0.99995909266972
3.7250553926441	0.99996005780130
3.7218182247052	0.99996104352433
3.7185866782436	0.99996204954827
3.7153607386293	0.99996307557344
3.7121403912828	0.99996412129098
3.7089256216751	0.99996518638281
3.7057164153276	0.99996627052151
3.7025127578115	0.99996737337029
3.6993146347483	0.99996849458291
3.6961220318087	0.99996963380364
3.6929349347130	0.99997079066717
3.6897533292308	0.99997196479853
3.6865772011805	0.99997315581307
3.6834065364295	0.99997436331638
3.6802413208937	0.99997558690420
3.6770815405372	0.99997682616239
3.6739271813725	0.99997808066683
3.6707782294600	0.99997934998340
3.6676346709078	0.99998063366787
3.6644964918714	0.99998193126588
3.6613636785540	0.99998324231285
3.6582362172056	0.99998456633390
3.6551140941234	0.99998590284384
3.6519972956511	0.99998725134706
3.6488858081792	0.99998861133747
3.6457796181442	0.99998998229848
3.6426787120292	0.99999136370288
3.6395830763628	0.99999275501280
3.6364926977196	0.99999415567969
3.6334075627197	0.99999556514417
3.6303276580286	0.99999698283605
3.6272529703569	0.99999840817423
3.6241834864603	0.99999984056664
3.6211191931393	1.0000000000000
3.6180600772387	1.0000000000000
3.6150061256481	1.0000000000000
3.6119573253012	1.0000000000000
3.6089136631756	1.0000000000000
3.6058751262930	1.0000000000000
3.6028417017185	1.0000000000000
3.5998133765610	1.0000000000000
3.5967901379724	1.0000000000000
3.5937719731479	1.0000000000000
3.5907588693257	1.0000000000000
3.5877508137865	1.0000000000000
3.5847477938539	1.0000000000000
3.5817497968937	1.0000000000000
3.5787568103140	1.0000000000000
3.5757688215649	1.0000000000000
3.5727858181385	1.0000000000000
3.5698077875685	1.0000000000000
3.5668347174301	1.0000000000000
3.5638665953400	1.0000000000000
3.5609034089559	1.0000000000000
3.5579451459767	1.0000000000000
3.5549917941421	1.0000000000000
3.5520433412322	1.0000000000000
3.5490997750681	1.0000000000000
3.5461610835108	1.0000000000000
3.5432272544616	1.0000000000000
3.5402982758621	1.0000000000000
3.5373741356932	1.0000000000000
3.5344548219759	1.0000000000000
3.5315403227706	1.0000000000000
3.5286306261770	1.0000000000000
3.5257257203340	1.0000000000000
3.5228255934195	1.0000000000000
3.5199302336503	1.0000000000000
3.5170396292820	1.0000000000000
3.5141537686086	1.0000000000000
3.5112726399625	1.0000000000000
3.5083962317145	1.0000000000000
3.5055245322732	1.0000000000000
3.5026575300853	1.0000000000000
3.4997952136353	1.0000000000000
3.4969375714452	1.0000000000000
3.4940845920746	1.0000000000000
3.4912362641202	1.0000000000000
3.4883925762160	1.0000000000000
3.4855535170329	1.0000000000000
3.4827190752788	1.0000000000000
3.4798892396982	1.0000000000000
3.4770639990721	1.0000000000000
3.4742433422181	1.0000000000000
3.4714272579898	1.0000000000000
3.4686157352771	1.0000000000000
3.4658087630058	1.0000000000000
3.4630063301375	1.0000000000000
3.4602084256694	1.0000000000000
3.4574150386345	1.0000000000000
3.4546261581009	1.0000000000000
3.4518417731721	1.0000000000000
3.4490618729867	1.0000000000000
3.4462864467180	1.0000000000000
3.4435154835745	1.0000000000000
3.4407489727993	1.0000000000000
3.4379869036697	1.0000000000000
3.4352292654979	1.0000000000000
3.4324760476300	1.0000000000000
3.4297272394463	1.0000000000000
3.4269828303612	1.0000000000000
3.4242428098230	1.0000000000000
3.4215071673134	1.0000000000000
3.4187758923480	1.0000000000000
3.4160489744758	1.0000000000000
3.4133264032791	1.0000000000000
3.4106081683732	1.0000000000000
3.4078942594066	1.0000000000000
3.4051846660609	1.0000000000000
3.4024793780502	1.0000000000000
3.3997783851213	1.0000000000000
3.3970816770538	1.0000000000000
3.3943892436594	1.0000000000000
3.3917010747822	1.0000000000000
3.3890171602984	1.0000000000000
3.3863374901163	1.0000000000000
3.3836620541761	1.0000000000000
3.3809908424495	1.0000000000000
3.3783238449403	1.0000000000000
3.3756610516834	1.0000000000000
3.3730024527453	1.0000000000000
3.3703480382237	1.0000000000000
3.3676977982476	1.0000000000000
3.3650517229768	1.0000000000000
3.3624098026021	1.0000000000000
3.3597720273451	1.0000000000000
3.3571383874580	1.0000000000000
3.3545088732237	1.0000000000000
3.3518834749553	1.0000000000000
3.3492621829963	1.0000000000000
3.3466449877205	1.0000000000000
3.3440318795315	1.0000000000000
3.3414228488631	1.0000000000000
3.3388178861789	1.0000000000000
3.3362169819720	1.0000000000000
3.3336201267653	1.0000000000000
3.3310273111111	1.0000000000000
