#Parameters = {thARC=0.2; nARC=1.25; thsub=1; p=1; nSub=3.75}
#"Wavelength / um"	"T (602) [Real Part]"
#---------------------------------------
14.989622900000	0.66627375288386
14.937342202292	0.66631142864412
14.885424925521	0.66634835185927
14.833867293419	0.66638453376002
14.782665581854	0.66641998550535
14.731816117936	0.66645471818209
14.681315279138	0.66648874280455
14.631159492435	0.66652207031408
14.581345233463	0.66655471157872
14.531869025691	0.66658667739284
14.482727439614	0.66661797847677
14.433917091960	0.66664862547643
14.385434644914	0.66667862896306
14.337276805356	0.66670799943289
14.289440324118	0.66673674730679
14.241921995249	0.66676488293004
14.194718655303	0.66679241657200
14.147827182633	0.66681935842589
14.101244496707	0.66684571860850
14.054967557431	0.66687150715997
14.008993364486	0.66689673404355
13.963318956684	0.66692140914538
13.917941411328	0.66694554227430
13.872857843591	0.66696914316163
13.828065405904	0.66699222146101
13.783561287356	0.66701478674820
13.739342713107	0.66703684852097
13.695406943810	0.66705841619889
13.651751275046	0.66707949912325
13.608373036768	0.66710010655687
13.565269592760	0.66712024768407
13.522438340099	0.66713993161046
13.479876708633	0.66715916736294
13.437582160466	0.66717796388956
13.395552189455	0.66719633005949
13.353784320713	0.66721427466289
13.312276110124	0.66723180641095
13.271025143869	0.66724893393576
13.230029037952	0.66726566579034
13.189285437747	0.66728201044860
13.148792017544	0.66729797630530
13.108546480105	0.66731357167609
13.068546556234	0.66732880479751
13.028790004346	0.66734368382699
12.989274610052	0.66735821684287
12.949998185745	0.66737241184448
12.910958570198	0.66738627675214
12.872153628167	0.66739981940722
12.833581250000	0.66741304757225
12.795239351259	0.66742596893093
12.757125872340	0.66743859108824
12.719238778108	0.66745092157056
12.681576057530	0.66746296782570
12.644135723323	0.66747473722307
12.606915811606	0.66748623705377
12.569914381551	0.66749747453071
12.533129515050	0.66750845678875
12.496559316382	0.66751919088485
12.460201911887	0.66752968379817
12.424055449648	0.66753994243032
12.388118099174	0.66754997360542
12.352388051092	0.66755978407034
12.316863516845	0.66756938049484
12.281542728390	0.66757876947179
12.246423937908	0.66758795751735
12.211505417515	0.66759695107114
12.176785458976	0.66760575649651
12.142262373431	0.66761438008069
12.107934491115	0.66762282803507
12.073800161095	0.66763110649538
12.039857751004	0.66763922152196
12.006105646776	0.66764717909998
11.972542252396	0.66765498513969
11.939165989646	0.66766264547670
11.905975297855	0.66767016587221
11.872968633663	0.66767755201328
11.840144470774	0.66768480951313
11.807501299724	0.66769194391138
11.775037627651	0.66769896067438
11.742751978065	0.66770586519545
11.710642890625	0.66771266279523
11.678708920919	0.66771935872194
11.646948640249	0.66772595815168
11.615360635413	0.66773246618881
11.583943508501	0.66773888786618
11.552695876686	0.66774522814552
11.521616372022	0.66775149191773
11.490703641242	0.66775768400323
11.459956345566	0.66776380915230
11.429373160503	0.66776987204539
11.398952775665	0.66777587729351
11.368693894577	0.66778182943859
11.338595234493	0.66778773295376
11.308655526217	0.66779359224379
11.278873513920	0.66779941164544
11.249247954972	0.66780519542777
11.219777619760	0.66781094779261
11.190461291527	0.66781667287485
11.161297766195	0.66782237474287
11.132285852209	0.66782805739890
11.103424370370	0.66783372477943
11.074712153676	0.66783938075560
11.046148047163	0.66784502913357
11.017730907755	0.66785067365494
10.989459604106	0.66785631799715
10.961333016453	0.66786196577390
10.933350036470	0.66786762053553
10.905509567115	0.66787328576945
10.877810522496	0.66787896490054
10.850251827723	0.66788466129161
10.822832418773	0.66789037824376
10.795551242348	0.66789611899685
10.768407255747	0.66790188672991
10.741399426729	0.66790768456157
10.714526733381	0.66791351555050
10.687788163993	0.66791938269583
10.661182716927	0.66792528893758
10.634709400497	0.66793123715714
10.608367232838	0.66793723017766
10.582155241793	0.66794327076453
10.556072464789	0.66794936162581
10.530117948718	0.66795550541267
10.504290749825	0.66796170471986
10.478589933590	0.66796796208614
10.453014574616	0.66797427999475
10.427563756522	0.66798066087386
10.402236571825	0.66798710709700
10.377032121841	0.66799362098358
10.351949516575	0.66800020479928
10.326987874612	0.66800686075654
10.302146323024	0.66801359101504
10.277423997257	0.66802039768214
10.252820041040	0.66802728281334
10.228333606278	0.66803424841276
10.203963852961	0.66804129643362
10.179709949066	0.66804842877867
10.155571070461	0.66805564730067
10.131546400811	0.66806295380291
10.107635131490	0.66807035003958
10.083836461487	0.66807783771635
10.060149597315	0.66808541849077
10.036573752929	0.66809309397275
10.013108149633	0.66810086572506
9.9897520159947	0.66810873526380
9.9665045877660	0.66811670405884
9.9433651077944	0.66812477353433
9.9203328259431	0.66813294506915
9.8974069990096	0.66814121999742
9.8745868906456	0.66814959960892
9.8518717712783	0.66815808514960
9.8292609180328	0.66816667782208
9.8067536146549	0.66817537878606
9.7843491514360	0.66818418915885
9.7620468251384	0.66819311001581
9.7398459389214	0.66820214239085
9.7177458022690	0.66821128727689
9.6957457309185	0.66822054562635
9.6738450467893	0.66822991835159
9.6520430779137	0.66823940632541
9.6303391583681	0.66824901038154
9.6087326282051	0.66825873131506
9.5872228333866	0.66826856988293
9.5658091257179	0.66827852680442
9.5444908627826	0.66828860276160
9.5232674078780	0.66829879839979
9.5021381299525	0.66830911432808
9.4811024035421	0.66831955111972
9.4601596087094	0.66833010931267
9.4393091309824	0.66834078941000
9.4185503612944	0.66835159188039
9.3978826959248	0.66836251715862
9.3773055364404	0.66837356564595
9.3568182896380	0.66838473771069
9.3364203674868	0.66839603368857
9.3161111870727	0.66840745388325
9.2958901705426	0.66841899856678
9.2757567450495	0.66843066798003
9.2557103426984	0.66844246233319
9.2357504004929	0.66845438180617
9.2158763602828	0.66846642654910
9.1960876687117	0.66847859668277
9.1763837771656	0.66849089229907
9.1567641417227	0.66850331346146
9.1372282231027	0.66851586020540
9.1177754866180	0.66852853253882
9.0984054021244	0.66854133044252
9.0791174439733	0.66855425387068
9.0599110909640	0.66856730275124
9.0407858262967	0.66858047698639
9.0217411375263	0.66859377645296
9.0027765165165	0.66860720100290
8.9838914593947	0.66862075046371
8.9650854665072	0.66863442463883
8.9463580423754	0.66864822330814
8.9277086956522	0.66866214622831
8.9091369390788	0.66867619313332
8.8906422894425	0.66869036373479
8.8722242675348	0.66870465772248
8.8538823981099	0.66871907476467
8.8356162098438	0.66873361450859
8.8174252352941	0.66874827658085
8.7993090108600	0.66876306058783
8.7812670767428	0.66877796611611
8.7632989769073	0.66879299273289
8.7454042590432	0.66880813998636
8.7275824745269	0.66882340740618
8.7098331783847	0.66883879450378
8.6921559292549	0.66885430077286
8.6745502893519	0.66886992568974
8.6570158244297	0.66888566871376
8.6395521037464	0.66890152928769
8.6221587000288	0.66891750683811
8.6048351894374	0.66893360077579
8.5875811515325	0.66894981049612
8.5703961692396	0.66896613537945
8.5532798288160	0.66898257479149
8.5362317198178	0.66899912808369
8.5192514350668	0.66901579459361
8.5023385706183	0.66903257364533
8.4854927257288	0.66904946454976
8.4687135028249	0.66906646660506
8.4520005074711	0.66908357909699
8.4353533483399	0.66910080129928
8.4187716371806	0.66911813247398
8.4022549887892	0.66913557187184
8.3858030209790	0.66915311873263
8.3694153545505	0.66917077228554
8.3530916132627	0.66918853174949
8.3368314238042	0.66920639633351
8.3206344157646	0.66922436523707
8.3045002216066	0.66924243765041
8.2884284766381	0.66926061275491
8.2724188189845	0.66927888972340
8.2564708895621	0.66929726772050
8.2405843320506	0.66931574590297
8.2247587928669	0.66933432342002
8.2089939211391	0.66935299941364
8.1932893686800	0.66937177301890
8.1776447899618	0.66939064336432
8.1620598420909	0.66940960957214
8.1465341847826	0.66942867075866
8.1310674803363	0.66944782603453
8.1156593936113	0.66946707450510
8.1003095920022	0.66948641527065
8.0850177454153	0.66950584742676
8.0697835262450	0.66952537006460
8.0546066093498	0.66954498227117
8.0394866720300	0.66956468312967
8.0244233940043	0.66958447171973
8.0094164573871	0.66960434711772
7.9944655466667	0.66962430839704
7.9795703486825	0.66964435462840
7.9647305526036	0.66966448488006
7.9499458499072	0.66968469821816
7.9352159343568	0.66970499370696
7.9205405019815	0.66972537040909
7.9059192510549	0.66974582738588
7.8913518820742	0.66976636369753
7.8768380977404	0.66978697840346
7.8623776029373	0.66980767056249
7.8479701047120	0.66982843923315
7.8336153122550	0.66984928347388
7.8193129368805	0.66987020234332
7.8050626920073	0.66989119490052
7.7908642931393	0.66991226020521
7.7767174578470	0.66993339731799
7.7626219057483	0.66995460530062
7.7485773584906	0.66997588321621
7.7345835397317	0.66999723012945
7.7206401751223	0.67001864510687
7.7067469922879	0.67004012721700
7.6929037208109	0.67006167553065
7.6791100922131	0.67008328912109
7.6653658399386	0.67010496706425
7.6516706993364	0.67012670843896
7.6380244076433	0.67014851232713
7.6244267039674	0.67017037781396
7.6108773292714	0.67019230398817
7.5973760263558	0.67021428994211
7.5839225398432	0.67023633477206
7.5705166161616	0.67025843757832
7.5571580035291	0.67028059746548
7.5438464519376	0.67030281354253
7.5305817131374	0.67032508492310
7.5173635406219	0.67034741072560
7.5041916896120	0.67036979007339
7.4910659170415	0.67039222209497
7.4779859815415	0.67041470592416
7.4649516434263	0.67043724070021
7.4519626646781	0.67045982556801
7.4390188089330	0.67048245967822
7.4261198414664	0.67050514218745
7.4132655291790	0.67052787225838
7.4004556405826	0.67055064905993
7.3876899457861	0.67057347176741
7.3749682164822	0.67059633956262
7.3622902259332	0.67061925163405
7.3496557489581	0.67064220717697
7.3370645619187	0.67066520539357
7.3245164427071	0.67068824549311
7.3120111707317	0.67071132669203
7.2995485269053	0.67073444821406
7.2871282936315	0.67075760929037
7.2747502547925	0.67078080915967
7.2624141957364	0.67080404706834
7.2501199032648	0.67082732227050
7.2378671656205	0.67085063402817
7.2256557724753	0.67087398161133
7.2134855149182	0.67089736429808
7.2013561854432	0.67092078137466
7.1892675779376	0.67094423213562
7.1772194876706	0.67096771588388
7.1652117112811	0.67099123193079
7.1532440467669	0.67101477959628
7.1413162934731	0.67103835820893
7.1294282520809	0.67106196710599
7.1175797245964	0.67108560563354
7.1057705143399	0.67110927314651
7.0940004259347	0.67113296900880
7.0822692652965	0.67115669259329
7.0705768396226	0.67118044328197
7.0589229573817	0.67120422046595
7.0473074283028	0.67122802354557
7.0357300633654	0.67125185193042
7.0241906747891	0.67127570503941
7.0126890760234	0.67129958230085
7.0012250817375	0.67132348315245
6.9897985078107	0.67134740704139
6.9784091713222	0.67137135342440
6.9670568905415	0.67139532176774
6.9557414849188	0.67141931154728
6.9444627750753	0.67144332224853
6.9332205827937	0.67146735336669
6.9220147310090	0.67149140440663
6.9108450437990	0.67151547488297
6.8997113463751	0.67153956432011
6.8886134650735	0.67156367225220
6.8775512273457	0.67158779822322
6.8665244617499	0.67161194178696
6.8555329979419	0.67163610250708
6.8445766666667	0.67166027995705
6.8336552997493	0.67168447372025
6.8227687300865	0.67170868338990
6.8119167916383	0.67173290856915
6.8010993194192	0.67175714887099
6.7903161494904	0.67178140391832
6.7795671189507	0.67180567334392
6.7688520659291	0.67182995679049
6.7581708295762	0.67185425391055
6.7475232500563	0.67187856436655
6.7369091685393	0.67190288783078
6.7263284271932	0.67192722398536
6.7157808691756	0.67195157252229
6.7052663386267	0.67197593314337
6.6947846806610	0.67200030556019
6.6843357413601	0.67202468949413
6.6739193677649	0.67204908467634
6.6635354078684	0.67207349084768
6.6531837106081	0.67209790775875
6.6428641258586	0.67212233516979
6.6325765044248	0.67214677285069
6.6223206980340	0.67217122058098
6.6120965593295	0.67219567814974
6.6019039418630	0.67222014535559
6.5917427000879	0.67224462200665
6.5816126893524	0.67226910792051
6.5715137658922	0.67229360292417
6.5614457868243	0.67231810685398
6.5514086101399	0.67234261955563
6.5414020946978	0.67236714088408
6.5314261002179	0.67239167070352
6.5214804872743	0.67241620888728
6.5115651172893	0.67244075531785
6.5016798525266	0.67246530988674
6.4918245560849	0.67248987249448
6.4819990918919	0.67251444305054
6.4722033246978	0.67253902147327
6.4624371200690	0.67256360768983
6.4527003443823	0.67258820163615
6.4429928648184	0.67261280325683
6.4333145493562	0.67263741250511
6.4236652667667	0.67266202934276
6.4140448866068	0.67268665374004
6.4044532792138	0.67271128567561
6.3948903156997	0.67273592513648
6.3853558679446	0.67276057211791
6.3758498085921	0.67278522662333
6.3663720110427	0.67280988866430
6.3569223494487	0.67283455826038
6.3475006987084	0.67285923543910
6.3381069344609	0.67288392023583
6.3287409330800	0.67290861269373
6.3194025716695	0.67293331286365
6.3100917280572	0.67295802080406
6.3008082807902	0.67298273658095
6.2915521091291	0.67300746026773
6.2823230930427	0.67303219194518
6.2731211132036	0.67305693170130
6.2639460509820	0.67308167963129
6.2547977884415	0.67310643583739
6.2456762083333	0.67313120042885
6.2365811940919	0.67315597352178
6.2275126298297	0.67318075523907
6.2184704003319	0.67320554571032
6.2094543910522	0.67323034507171
6.2004644881075	0.67325515346592
6.1915005782734	0.67327997104203
6.1825625489792	0.67330479795541
6.1736502883031	0.67332963436762
6.1647636849681	0.67335448044631
6.1559026283368	0.67337933636514
6.1470670084068	0.67340420230363
6.1382567158067	0.67342907844709
6.1294716417910	0.67345396498652
6.1207116782360	0.67347886211849
6.1119767176351	0.67350377004501
6.1032666530945	0.67352868897349
6.0945813783289	0.67355361911655
6.0859207876573	0.67357856069199
6.0772847759984	0.67360351392262
6.0686732388664	0.67362847903620
6.0600860723671	0.67365345626528
6.0515231731934	0.67367844584713
6.0429844386212	0.67370344802363
6.0344697665056	0.67372846304114
6.0259790552764	0.67375349115037
6.0175122039342	0.67377853260633
6.0090691120465	0.67380358766816
6.0006496797438	0.67382865659905
5.9922538077154	0.67385373966612
5.9838813972056	0.67387883714028
5.9755323500100	0.67390394929618
5.9672065684713	0.67392907641203
5.9589039554760	0.67395421876953
5.9506244144502	0.67397937665374
5.9423678493558	0.67400455035296
5.9341341646873	0.67402974015864
5.9259232654675	0.67405494636524
5.9177350572444	0.67408016927014
5.9095694460871	0.67410540917350
5.9014263385827	0.67413066637817
5.8933056418321	0.67415594118956
5.8852072634472	0.67418123391554
5.8771311115468	0.67420654486631
5.8690770947533	0.67423187435431
5.8610451221896	0.67425722269407
5.8530351034752	0.67428259020215
5.8450469487229	0.67430797719697
5.8370805685358	0.67433338399873
5.8291358740035	0.67435881092930
5.8212127766990	0.67438425831208
5.8133111886756	0.67440972647193
5.8054310224632	0.67443521573500
5.7975721910656	0.67446072642869
5.7897346079567	0.67448625888147
5.7819181870781	0.67451181342283
5.7741228428351	0.67453739038310
5.7663484900942	0.67456299009342
5.7585950441798	0.67458861288556
5.7508624208709	0.67461425909186
5.7431505363985	0.67463992904510
5.7354593074421	0.67466562307837
5.7277886511272	0.67469134152501
5.7201384850219	0.67471708471847
5.7125087271341	0.67474285299222
5.7048992959087	0.67476864667961
5.6973101102242	0.67479446611382
5.6897410893908	0.67482031162771
5.6821921531463	0.67484618355373
5.6746632216544	0.67487208222382
5.6671542155009	0.67489800796930
5.6596650556919	0.67492396112078
5.6521956636501	0.67494994200804
5.6447459612126	0.67497595095995
5.6373158706281	0.67500198830434
5.6299053145540	0.67502805436793
5.6225142160540	0.67505414947624
5.6151424985952	0.67508027395345
5.6077900860456	0.67510642812232
5.6004569026714	0.67513261230413
5.5931428731343	0.67515882681853
5.5858479224893	0.67518507198348
5.5785719761816	0.67521134811515
5.5713149600446	0.67523765552782
5.5640768002970	0.67526399453380
5.5568574235403	0.67529036544332
5.5496567567568	0.67531676856446
5.5424747273063	0.67534320420307
5.5353112629247	0.67536967266265
5.5281662917204	0.67539617424428
5.5210397421731	0.67542270924653
5.5139315431304	0.67544927796540
5.5068416238060	0.67547588069421
5.4997699137773	0.67550251772352
5.4927163429828	0.67552918934104
5.4856808417200	0.67555589583158
5.4786633406433	0.67558263747696
5.4716637707611	0.67560941455591
5.4646820634342	0.67563622734401
5.4577181503732	0.67566307611362
5.4507719636364	0.67568996113381
5.4438434356274	0.67571688267025
5.4369324990932	0.67574384098518
5.4300390871219	0.67577083633732
5.4231631331404	0.67579786898180
5.4163045709124	0.67582493917010
5.4094633345363	0.67585204714998
5.4026393584430	0.67587919316541
5.3958325773938	0.67590637745650
5.3890429264785	0.67593360025944
5.3822703411131	0.67596086180647
5.3755147570378	0.67598816232576
5.3687761103152	0.67601550204141
5.3620543373278	0.67604288117333
5.3553493747767	0.67607029993725
5.3486611596789	0.67609775854462
5.3419896293656	0.67612525720256
5.3353347214807	0.67615279611383
5.3286963739780	0.67618037547675
5.3220745251198	0.67620799548518
5.3154691134752	0.67623565632845
5.3088800779175	0.67626335819131
5.3023073576229	0.67629110125390
5.2957508920685	0.67631888569171
5.2892106210303	0.67634671167550
5.2826864845815	0.67637457937132
5.2761784230905	0.67640248894041
5.2696863772192	0.67643044053919
5.2632102879213	0.67645843431923
5.2567500964405	0.67648647042720
5.2503057443082	0.67651454900482
5.2438771733427	0.67654267018888
5.2374643256464	0.67657083411116
5.2310671436050	0.67659904089842
5.2246855698850	0.67662729067235
5.2183195474326	0.67665558354959
5.2119690194715	0.67668391964167
5.2056339295016	0.67671229905497
5.1993142212973	0.67674072189075
5.1930098389052	0.67676918824508
5.1867207266436	0.67679769820885
5.1804468290997	0.67682625186773
5.1741880911288	0.67685484930219
5.1679444578521	0.67688349058743
5.1617158746556	0.67691217579343
5.1555022871883	0.67694090498488
5.1493036413604	0.67696967822121
5.1431198833419	0.67699849555657
5.1369509595613	0.67702735703982
5.1307968167037	0.67705626271451
5.1246574017094	0.67708521261891
5.1185326617722	0.67711420678597
5.1124225443383	0.67714324524335
5.1063269971044	0.67717232801341
5.1002459680163	0.67720145511319
5.0941794052676	0.67723062655446
5.0881272572980	0.67725984234367
5.0820894727920	0.67728910248200
5.0760660006773	0.67731840696535
5.0700567901235	0.67734775578435
5.0640617905405	0.67737714892436
5.0580809515775	0.67740658636551
5.0521142231210	0.67743606808270
5.0461615552937	0.67746559404560
5.0402228984533	0.67749516421868
5.0342982031906	0.67752477856125
5.0283874203287	0.67755443702743
5.0224905009214	0.67758413956622
5.0166073962517	0.67761388612150
5.0107380578305	0.67764367663204
5.0048824373957	0.67767351103156
4.9990404869101	0.67770338924874
4.9932121585610	0.67773331120723
4.9873974047579	0.67776327682572
4.9815961781323	0.67779328601793
4.9758084315353	0.67782333869267
4.9700341180371	0.67785343475386
4.9642731909256	0.67788357410060
4.9585256037049	0.67791375662713
4.9527913100942	0.67794398222295
4.9470702640264	0.67797425077282
4.9413624196473	0.67800456215681
4.9356677313138	0.67803491625034
4.9299861535932	0.67806531292420
4.9243176412615	0.67809575204466
4.9186621493027	0.67812623347345
4.9130196329072	0.67815675706784
4.9073900474709	0.67818732268067
4.9017733485939	0.67821793016044
4.8961694920790	0.67824857935130
4.8905784339315	0.67827927009318
4.8850001303569	0.67831000222176
4.8794345377604	0.67834077556859
4.8738816127459	0.67837158996112
4.8683413121143	0.67840244522276
4.8628135928629	0.67843334117295
4.8572984121841	0.67846427762720
4.8517957274640	0.67849525439716
4.8463054962819	0.67852627129071
4.8408276764088	0.67855732811197
4.8353622258065	0.67858842466141
4.8299091026261	0.67861956073591
4.8244682652076	0.67865073612880
4.8190396720784	0.67868195062996
4.8136232819525	0.67871320402587
4.8082190537289	0.67874449609968
4.8028269464915	0.67877582663132
4.7974469195071	0.67880719539750
4.7920789322251	0.67883860217185
4.7867229442759	0.67887004672497
4.7813789154705	0.67890152882450
4.7760468057989	0.67893304823520
4.7707265754297	0.67896460471904
4.7654181847083	0.67899619803525
4.7601215941569	0.67902782794045
4.7548367644726	0.67905949418867
4.7495636565272	0.67909119653147
4.7443022313657	0.67912293471803
4.7390524502055	0.67915470849518
4.7338142744355	0.67918651760755
4.7285876656151	0.67921836179762
4.7233725854735	0.67925024080580
4.7181689959081	0.67928215437054
4.7129768589844	0.67931410222839
4.7077961369347	0.67934608411411
4.7026267921569	0.67937809976076
4.6974687872140	0.67941014889976
4.6923220848333	0.67944223126101
4.6871866479049	0.67947434657299
4.6820624394815	0.67950649456279
4.6769494227769	0.67953867495629
4.6718475611657	0.67957088747817
4.6667568181818	0.67960313185206
4.6616771575183	0.67963540780062
4.6566085430258	0.67966771504561
4.6515509387122	0.67970005330802
4.6465043087415	0.67973242230812
4.6414686174330	0.67976482176563
4.6364438292607	0.67979725139974
4.6314299088522	0.67982971092923
4.6264268209877	0.67986220007261
4.6214345305997	0.67989471854814
4.6164530027718	0.67992726607400
4.6114822027380	0.67995984236834
4.6065220958820	0.67999244714942
4.6015726477360	0.68002508013567
4.5966338239804	0.68005774104579
4.5917055904426	0.68009042959890
4.5867879130967	0.68012314551457
4.5818807580621	0.68015588851298
4.5769840916031	0.68018865831497
4.5720978801281	0.68022145464219
4.5672220901889	0.68025427721716
4.5623566884797	0.68028712576337
4.5575016418364	0.68032000000543
4.5526569172361	0.68035289966910
4.5478224817961	0.68038582448145
4.5429983027731	0.68041877417093
4.5381843475628	0.68045174846748
4.5333805836988	0.68048474710262
4.5285869788520	0.68051776980957
4.5238035008299	0.68055081632333
4.5190301175761	0.68058388638079
4.5142667971691	0.68061697972083
4.5095135078219	0.68065009608442
4.5047702178813	0.68068323521473
4.5000368958271	0.68071639685720
4.4953135102714	0.68074958075967
4.4906000299581	0.68078278667247
4.4858964237618	0.68081601434849
4.4812026606876	0.68084926354334
4.4765187098701	0.68088253401539
4.4718445405728	0.68091582552589
4.4671801221875	0.68094913783908
4.4625254242334	0.68098247072227
4.4578804163569	0.68101582394592
4.4532450683304	0.68104919728379
4.4486193500519	0.68108259051297
4.4440032315446	0.68111600341403
4.4393966829557	0.68114943577108
4.4347996745562	0.68118288737188
4.4302121767401	0.68121635800791
4.4256341600236	0.68124984747450
4.4210655950450	0.68128335557090
4.4165064525633	0.68131688210036
4.4119567034584	0.68135042687024
4.4074163187298	0.68138398969211
4.4028852694963	0.68141757038178
4.3983635269953	0.68145116875947
4.3938510625824	0.68148478464983
4.3893478477306	0.68151841788208
4.3848538540295	0.68155206829004
4.3803690531853	0.68158573571225
4.3758934170194	0.68161941999206
4.3714269174686	0.68165312097768
4.3669695265841	0.68168683852230
4.3625212165309	0.68172057248413
4.3580819595871	0.68175432272652
4.3536517281441	0.68178808911801
4.3492304947048	0.68182187153240
4.3448182318841	0.68185566984888
4.3404149124077	0.68188948395202
4.3360205091119	0.68192331373193
4.3316349949429	0.68195715908428
4.3272583429561	0.68199101991038
4.3228905263158	0.68202489611725
4.3185315182944	0.68205878761771
4.3141812922723	0.68209269433042
4.3098398217366	0.68212661617996
4.3055070802815	0.68216055309689
4.3011830416069	0.68219450501782
4.2968676795184	0.68222847188545
4.2925609679267	0.68226245364866
4.2882628808468	0.68229645026257
4.2839733923978	0.68233046168856
4.2796924768023	0.68236448789435
4.2754201083856	0.68239852885406
4.2711562615757	0.68243258454827
4.2669009109024	0.68246665496403
4.2626540309967	0.68250074009496
4.2584155965909	0.68253483994125
4.2541855825174	0.68256895450974
4.2499639637085	0.68260308381397
4.2457507151961	0.68263722787419
4.2415458121109	0.68267138671742
4.2373492296820	0.68270556037748
4.2331609432364	0.68273974889504
4.2289809281986	0.68277395231766
4.2248091600902	0.68280817069979
4.2206456145291	0.68284240410283
4.2164902672293	0.68287665259517
4.2123430940003	0.68291091625217
4.2082040707468	0.68294519515624
4.2040731734680	0.68297948939684
4.1999503782572	0.68301379907047
4.1958356613016	0.68304812428076
4.1917289988814	0.68308246513842
4.1876303673697	0.68311682176129
4.1835397432319	0.68315119427436
4.1794571030252	0.68318558280975
4.1753824233983	0.68321998750673
4.1713156810909	0.68325440851176
4.1672568529330	0.68328884597844
4.1632059158450	0.68332330006755
4.1591628468368	0.68335777094703
4.1551276230076	0.68339225879200
4.1511002215453	0.68342676378474
4.1470806197261	0.68346128611466
4.1430687949143	0.68349582597835
4.1390647245616	0.68353038357950
4.1350683862069	0.68356495912894
4.1310797574755	0.68359955284460
4.1270988160793	0.68363416495149
4.1231255398157	0.68366879568167
4.1191599065677	0.68370344527424
4.1152018943034	0.68373811397533
4.1112514810752	0.68377280203804
4.1073086450199	0.68380750972239
4.1033733643581	0.68384223729537
4.0994456173937	0.68387698503080
4.0955253825137	0.68391175320936
4.0916126381875	0.68394654211854
4.0877073629670	0.68398135205254
4.0838095354856	0.68401618331230
4.0799191344584	0.68405103620541
4.0760361386812	0.68408591104604
4.0721605270307	0.68412080815493
4.0682922784638	0.68415572785928
4.0644313720174	0.68419067049275
4.0605777868075	0.68422563639534
4.0567315020298	0.68426062591334
4.0528924969582	0.68429563939927
4.0490607509454	0.68433067721181
4.0452362434219	0.68436573971572
4.0414189538959	0.68440082728176
4.0376088619529	0.68443594028658
4.0338059472551	0.68447107911271
4.0300101895416	0.68450624414839
4.0262215686274	0.68454143578754
4.0224400644036	0.68457665442964
4.0186656568365	0.68461190047964
4.0148983259676	0.68464717434786
4.0111380519133	0.68468247644988
4.0073848148643	0.68471780720647
4.0036385950855	0.68475316704343
3.9998993729153	0.68478855639152
3.9961671287657	0.68482397568634
3.9924418431216	0.68485942536819
3.9887234965407	0.68489490588198
3.9850120696531	0.68493041767708
3.9813075431607	0.68496596120722
3.9776098978373	0.68500153693034
3.9739191145281	0.68503714530847
3.9702351741491	0.68507278680759
3.9665580576872	0.68510846189749
3.9628877461996	0.68514417105162
3.9592242208135	0.68517991474699
3.9555674627260	0.68521569346395
3.9519174532033	0.68525150768610
3.9482741735809	0.68528735790010
3.9446376052632	0.68532324459553
3.9410077297226	0.68535916826471
3.9373845285001	0.68539512940258
3.9337679832043	0.68543112850648
3.9301580755113	0.68546716607600
3.9265547871644	0.68550324261283
3.9229580999738	0.68553935862054
3.9193679958164	0.68557551460443
3.9157844566353	0.68561171107135
3.9122074644395	0.68564794852948
3.9086370013038	0.68568422748818
3.9050730493682	0.68572054845778
3.9015155908381	0.68575691194938
3.8979646079834	0.68579331847463
3.8944200831385	0.68582976854560
3.8908819987021	0.68586626267447
3.8873503371369	0.68590280137342
3.8838250809690	0.68593938515434
3.8803062127880	0.68597601452867
3.8767937152463	0.68601269000715
3.8732875710594	0.68604941209959
3.8697877630050	0.68608618131468
3.8662942739231	0.68612299815973
3.8628070867156	0.68615986314045
3.8593261843460	0.68619677676070
3.8558515498392	0.68623373952228
3.8523831662812	0.68627075192467
3.8489210168186	0.68630781446476
3.8454650846588	0.68634492763667
3.8420153530693	0.68638209193141
3.8385718053777	0.68641930783670
3.8351344249712	0.68645657583666
3.8317031952965	0.68649389641158
3.8282780998595	0.68653127003764
3.8248591222251	0.68656869718665
3.8214462460166	0.68660617832577
3.8180394549159	0.68664371391723
3.8146387326632	0.68668130441808
3.8112440630562	0.68671895027988
3.8078554299505	0.68675665194841
3.8044728172589	0.68679440986342
3.8010962089514	0.68683222445831
3.7977255890550	0.68687009615983
3.7943609416530	0.68690802538780
3.7910022508852	0.68694601255482
3.7876495009476	0.68698405806593
3.7843026760919	0.68702216231833
3.7809617606256	0.68706032570107
3.7776267389113	0.68709854859472
3.7742975953670	0.68713683137108
3.7709743144654	0.68717517439282
3.7676568807339	0.68721357801320
3.7643452787544	0.68725204257573
3.7610394931627	0.68729056841382
3.7577395086488	0.68732915585049
3.7544453099562	0.68736780519799
3.7511568818819	0.68740651675748
3.7478742092762	0.68744529081873
3.7445972770422	0.68748412765970
3.7413260701360	0.68752302754624
3.7380605735661	0.68756199073174
3.7348007723932	0.68760101745677
3.7315466517301	0.68764010794872
3.7282981967417	0.68767926242145
3.7250553926441	0.68771848107490
3.7218182247052	0.68775776409478
3.7185866782436	0.68779711165215
3.7153607386293	0.68783652390309
3.7121403912828	0.68787600098828
3.7089256216751	0.68791554303269
3.7057164153276	0.68795515014514
3.7025127578115	0.68799482241794
3.6993146347483	0.68803455992651
3.6961220318087	0.68807436272901
3.6929349347130	0.68811423086591
3.6897533292308	0.68815416435963
3.6865772011805	0.68819416321413
3.6834065364295	0.68823422741453
3.6802413208937	0.68827435692668
3.6770815405372	0.68831455169680
3.6739271813725	0.68835481165101
3.6707782294600	0.68839513669500
3.6676346709078	0.68843552671357
3.6644964918714	0.68847598157022
3.6613636785540	0.68851650110675
3.6582362172056	0.68855708514285
3.6551140941234	0.68859773347565
3.6519972956511	0.68863844587932
3.6488858081792	0.68867922210464
3.6457796181442	0.68872006187858
3.6426787120292	0.68876096490385
3.6395830763628	0.68880193085850
3.6364926977196	0.68884295939546
3.6334075627197	0.68888405014212
3.6303276580286	0.68892520269989
3.6272529703569	0.68896641664373
3.6241834864603	0.68900769152178
3.6211191931393	0.68904902685483
3.6180600772387	0.68909042213595
3.6150061256481	0.68913187682998
3.6119573253012	0.68917339037312
3.6089136631756	0.68921496217246
3.6058751262930	0.68925659160556
3.6028417017185	0.68929827801994
3.5998133765610	0.68934002073265
3.5967901379724	0.68938181902984
3.5937719731479	0.68942367216624
3.5907588693257	0.68946557936476
3.5877508137865	0.68950753981598
3.5847477938539	0.68954955267771
3.5817497968937	0.68959161707451
3.5787568103140	0.68963373209724
3.5757688215649	0.68967589680257
3.5727858181385	0.68971811021252
3.5698077875685	0.68976037131399
3.5668347174301	0.68980267905828
3.5638665953400	0.68984503236063
3.5609034089559	0.68988743009972
3.5579451459767	0.68992987111721
3.5549917941421	0.68997235421727
3.5520433412322	0.69001487816608
3.5490997750681	0.69005744169136
3.5461610835108	0.69010004348190
3.5432272544616	0.69014268218706
3.5402982758621	0.69018535641631
3.5373741356932	0.69022806473872
3.5344548219759	0.69027080568249
3.5315403227706	0.69031357773447
3.5286306261770	0.69035637933967
3.5257257203340	0.69039920890078
3.5228255934195	0.69044206477768
3.5199302336503	0.69048494528693
3.5170396292820	0.69052784870134
3.5141537686086	0.69057077324942
3.5112726399625	0.69061371711494
3.5083962317145	0.69065667843641
3.5055245322732	0.69069965530661
3.5026575300853	0.69074264577212
3.4997952136353	0.69078564783277
3.4969375714452	0.69082865944122
3.4940845920746	0.69087167850245
3.4912362641202	0.69091470287325
3.4883925762160	0.69095773036176
3.4855535170329	0.69100075872698
3.4827190752788	0.69104378567826
3.4798892396982	0.69108680887485
3.4770639990721	0.69112982592539
3.4742433422181	0.69117283438744
3.4714272579898	0.69121583176696
3.4686157352771	0.69125881551788
3.4658087630058	0.69130178304159
3.4630063301375	0.69134473168645
3.4602084256694	0.69138765874733
3.4574150386345	0.69143056146510
3.4546261581009	0.69147343702618
3.4518417731721	0.69151628256207
3.4490618729867	0.69155909514883
3.4462864467180	0.69160187180665
3.4435154835745	0.69164460949933
3.4407489727993	0.69168730513388
3.4379869036697	0.69172995555997
3.4352292654979	0.69177255756951
3.4324760476300	0.69181510789615
3.4297272394463	0.69185760321487
3.4269828303612	0.69190004014145
3.4242428098230	0.69194241523205
3.4215071673134	0.69198472498272
3.4187758923480	0.69202696582900
3.4160489744758	0.69206913414538
3.4133264032791	0.69211122624492
3.4106081683732	0.69215323837878
3.4078942594066	0.69219516673573
3.4051846660609	0.69223700744177
3.4024793780502	0.69227875655964
3.3997783851213	0.69232041008839
3.3970816770538	0.69236196396298
3.3943892436594	0.69240341405376
3.3917010747822	0.69244475616613
3.3890171602984	0.69248598604007
3.3863374901163	0.69252709934970
3.3836620541761	0.69256809170289
3.3809908424495	0.69260895864081
3.3783238449403	0.69264969563756
3.3756610516834	0.69269029809970
3.3730024527453	0.69273076136588
3.3703480382237	0.69277108070644
3.3676977982476	0.69281125132298
3.3650517229768	0.69285126834800
3.3624098026021	0.69289112684446
3.3597720273451	0.69293082180544
3.3571383874580	0.69297034815373
3.3545088732237	0.69300970074146
3.3518834749553	0.69304887434972
3.3492621829963	0.69308786368816
3.3466449877205	0.69312666339470
3.3440318795315	0.69316526803509
3.3414228488631	0.69320367210260
3.3388178861789	0.69324187001764
3.3362169819720	0.69327985612743
3.3336201267653	0.69331762470568
3.3310273111111	0.69335516995218
