#Parameters = {thARC=0.4; nARC=1.75; thsub=1; p=1; nSub=3.75}
#"Wavelength / um"	"T (615) [Real Part]"
#---------------------------------------
14.989622900000	0.68359587595348
14.937342202292	0.68376678663526
14.885424925521	0.68393698660355
14.833867293419	0.68410649209174
14.782665581854	0.68427531925164
14.731816117936	0.68444348415231
14.681315279138	0.68461100277896
14.631159492435	0.68477789103189
14.581345233463	0.68494416472538
14.531869025691	0.68510983958666
14.482727439614	0.68527493125491
14.433917091960	0.68543945528025
14.385434644914	0.68560342712275
14.337276805356	0.68576686215149
14.289440324118	0.68592977564364
14.241921995249	0.68609218278352
14.194718655303	0.68625409866172
14.147827182633	0.68641553827426
14.101244496707	0.68657651652172
14.054967557431	0.68673704820842
14.008993364486	0.68689714804161
13.963318956684	0.68705683063073
13.917941411328	0.68721611048661
13.872857843591	0.68737500202074
13.828065405904	0.68753351954457
13.783561287356	0.68769167726879
13.739342713107	0.68784948930269
13.695406943810	0.68800696965348
13.651751275046	0.68816413222567
13.608373036768	0.68832099082044
13.565269592760	0.68847755913506
13.522438340099	0.68863385076235
13.479876708633	0.68878987919007
13.437582160466	0.68894565780042
13.395552189455	0.68910119986953
13.353784320713	0.68925651856697
13.312276110124	0.68941162695528
13.271025143869	0.68956653798950
13.230029037952	0.68972126451674
13.189285437747	0.68987581927579
13.148792017544	0.69003021489671
13.108546480105	0.69018446390044
13.068546556234	0.69033857869847
13.028790004346	0.69049257159249
12.989274610052	0.69064645477405
12.949998185745	0.69080024032431
12.910958570198	0.69095394021369
12.872153628167	0.69110756630165
12.833581250000	0.69126113033646
12.795239351259	0.69141464395488
12.757125872340	0.69156811868207
12.719238778108	0.69172156593129
12.681576057530	0.69187499700379
12.644135723323	0.69202842308860
12.606915811606	0.69218185526243
12.569914381551	0.69233530448953
12.533129515050	0.69248878162154
12.496559316382	0.69264229739744
12.460201911887	0.69279586244348
12.424055449648	0.69294948727306
12.388118099174	0.69310318228674
12.352388051092	0.69325695777218
12.316863516845	0.69341082390414
12.281542728390	0.69356479074445
12.246423937908	0.69371886824208
12.211505417515	0.69387306623310
12.176785458976	0.69402739444080
12.142262373431	0.69418186247566
12.107934491115	0.69433647983552
12.073800161095	0.69449125590560
12.039857751004	0.69464619995862
12.006105646776	0.69480132115493
11.972542252396	0.69495662854261
11.939165989646	0.69511213105766
11.905975297855	0.69526783752409
11.872968633663	0.69542375665418
11.840144470774	0.69557989704855
11.807501299724	0.69573626719647
11.775037627651	0.69589287547598
11.742751978065	0.69604973015416
11.710642890625	0.69620683938734
11.678708920919	0.69636421122137
11.646948640249	0.69652185359185
11.615360635413	0.69667977432440
11.583943508501	0.69683798113498
11.552695876686	0.69699648163013
11.521616372022	0.69715528330731
11.490703641242	0.69731439355519
11.459956345566	0.69747381965402
11.429373160503	0.69763356877589
11.398952775665	0.69779364798515
11.368693894577	0.69795406423875
11.338595234493	0.69811482438657
11.308655526217	0.69827593517185
11.278873513920	0.69843740323155
11.249247954972	0.69859923509675
11.219777619760	0.69876143719306
11.190461291527	0.69892401584104
11.161297766195	0.69908697725662
11.132285852209	0.69925032755157
11.103424370370	0.69941407273387
11.074712153676	0.69957821870824
11.046148047163	0.69974277127656
11.017730907755	0.69990773613836
10.989459604106	0.70007311889130
10.961333016453	0.70023892503161
10.933350036470	0.70040515995468
10.905509567115	0.70057182895547
10.877810522496	0.70073893722907
10.850251827723	0.70090648987121
10.822832418773	0.70107449187878
10.795551242348	0.70124294815039
10.768407255747	0.70141186348685
10.741399426729	0.70158124259180
10.714526733381	0.70175109007219
10.687788163993	0.70192141043889
10.661182716927	0.70209220810723
10.634709400497	0.70226348739760
10.608367232838	0.70243525253601
10.582155241793	0.70260750765468
10.556072464789	0.70278025679263
10.530117948718	0.70295350389631
10.504290749825	0.70312725282015
10.478589933590	0.70330150732723
10.453014574616	0.70347627108982
10.427563756522	0.70365154769010
10.402236571825	0.70382734062070
10.377032121841	0.70400365328536
10.351949516575	0.70418048899958
10.326987874612	0.70435785099125
10.302146323024	0.70453574240130
10.277423997257	0.70471416628433
10.252820041040	0.70489312560929
10.228333606278	0.70507262326013
10.203963852961	0.70525266203644
10.179709949066	0.70543324465417
10.155571070461	0.70561437374625
10.131546400811	0.70579605186328
10.107635131490	0.70597828147422
10.083836461487	0.70616106496705
10.060149597315	0.70634440464948
10.036573752929	0.70652830274963
10.013108149633	0.70671276141669
9.9897520159947	0.70689778272168
9.9665045877660	0.70708336865807
9.9433651077944	0.70726952114254
9.9203328259431	0.70745624201567
9.8974069990096	0.70764353304262
9.8745868906456	0.70783139591387
9.8518717712783	0.70801983224590
9.8292609180328	0.70820884358194
9.8067536146549	0.70839843139264
9.7843491514360	0.70858859707683
9.7620468251384	0.70877934196221
9.7398459389214	0.70897066730608
9.7177458022690	0.70916257429607
9.6957457309185	0.70935506405085
9.6738450467893	0.70954813762085
9.6520430779137	0.70974179598903
9.6303391583681	0.70993604007154
9.6087326282051	0.71013087071850
9.5872228333866	0.71032628871474
9.5658091257179	0.71052229478047
9.5444908627826	0.71071888957207
9.5232674078780	0.71091607368281
9.5021381299525	0.71111384764356
9.4811024035421	0.71131221192356
9.4601596087094	0.71151116693112
9.4393091309824	0.71171071301439
9.4185503612944	0.71191085046207
9.3978826959248	0.71211157950414
9.3773055364404	0.71231290031265
9.3568182896380	0.71251481300238
9.3364203674868	0.71271731763163
9.3161111870727	0.71292041420293
9.2958901705426	0.71312410266381
9.2757567450495	0.71332838290748
9.2557103426984	0.71353325477363
9.2357504004929	0.71373871804910
9.2158763602828	0.71394477246866
9.1960876687117	0.71415141771575
9.1763837771656	0.71435865342317
9.1567641417227	0.71456647917383
9.1372282231027	0.71477489450151
9.1177754866180	0.71498389889155
9.0984054021244	0.71519349178160
9.0791174439733	0.71540367256236
9.0599110909640	0.71561444057828
9.0407858262967	0.71582579512829
9.0217411375263	0.71603773546655
9.0027765165165	0.71625026080315
8.9838914593947	0.71646337030484
8.9650854665072	0.71667706309573
8.9463580423754	0.71689133825805
8.9277086956522	0.71710619483284
8.9091369390788	0.71732163182066
8.8906422894425	0.71753764818230
8.8722242675348	0.71775424283953
8.8538823981099	0.71797141467577
8.8356162098438	0.71818916253679
8.8174252352941	0.71840748523147
8.7993090108600	0.71862638153242
8.7812670767428	0.71884585017677
8.7632989769073	0.71906588986681
8.7454042590432	0.71928649927069
8.7275824745269	0.71950767702313
8.7098331783847	0.71972942172611
8.6921559292549	0.71995173194955
8.6745502893519	0.72017460623200
8.6570158244297	0.72039804308132
8.6395521037464	0.72062204097537
8.6221587000288	0.72084659836264
8.6048351894374	0.72107171366303
8.5875811515325	0.72129738526838
8.5703961692396	0.72152361154328
8.5532798288160	0.72175039082561
8.5362317198178	0.72197772142730
8.5192514350668	0.72220560163492
8.5023385706183	0.72243402971038
8.4854927257288	0.72266300389157
8.4687135028249	0.72289252239298
8.4520005074711	0.72312258340640
8.4353533483399	0.72335318510152
8.4187716371806	0.72358432562656
8.4022549887892	0.72381600310897
8.3858030209790	0.72404821565596
8.3694153545505	0.72428096135523
8.3530916132627	0.72451423827554
8.3368314238042	0.72474804446731
8.3206344157646	0.72498237796328
8.3045002216066	0.72521723677913
8.2884284766381	0.72545261891401
8.2724188189845	0.72568852235126
8.2564708895621	0.72592494505890
8.2405843320506	0.72616188499028
8.2247587928669	0.72639934008471
8.2089939211391	0.72663730826794
8.1932893686800	0.72687578745285
8.1776447899618	0.72711477553999
8.1620598420909	0.72735427041811
8.1465341847826	0.72759426996482
8.1310674803363	0.72783477204709
8.1156593936113	0.72807577452181
8.1003095920022	0.72831727523640
8.0850177454153	0.72855927202931
8.0697835262450	0.72880176273060
8.0546066093498	0.72904474516246
8.0394866720300	0.72928821713977
8.0244233940043	0.72953217647062
8.0094164573871	0.72977662095684
7.9944655466667	0.73002154839455
7.9795703486825	0.73026695657462
7.9647305526036	0.73051284328327
7.9499458499072	0.73075920630251
7.9352159343568	0.73100604341066
7.9205405019815	0.73125335238287
7.9059192510549	0.73150113099162
7.8913518820742	0.73174937700716
7.8768380977404	0.73199808819808
7.8623776029373	0.73224726233169
7.8479701047120	0.73249689717458
7.8336153122550	0.73274699049304
7.8193129368805	0.73299754005355
7.8050626920073	0.73324854362323
7.7908642931393	0.73349999897029
7.7767174578470	0.73375190386448
7.7626219057483	0.73400425607755
7.7485773584906	0.73425705338367
7.7345835397317	0.73451029355988
7.7206401751223	0.73476397438649
7.7067469922879	0.73501809364752
7.6929037208109	0.73527264913114
7.6791100922131	0.73552763863005
7.6653658399386	0.73578305994188
7.6516706993364	0.73603891086962
7.6380244076433	0.73629518922200
7.6244267039674	0.73655189281388
7.6108773292714	0.73680901946663
7.5973760263558	0.73706656700853
7.5839225398432	0.73732453327511
7.5705166161616	0.73758291610954
7.5571580035291	0.73784171336299
7.5438464519376	0.73810092289497
7.5305817131374	0.73836054257372
7.5173635406219	0.73862057027651
7.5041916896120	0.73888100388999
7.4910659170415	0.73914184131055
7.4779859815415	0.73940308044461
7.4649516434263	0.73966471920898
7.4519626646781	0.73992675553114
7.4390188089330	0.74018918734959
7.4261198414664	0.74045201261412
7.4132655291790	0.74071522928611
7.4004556405826	0.74097883533887
7.3876899457861	0.74124282875787
7.3749682164822	0.74150720754104
7.3622902259332	0.74177196969907
7.3496557489581	0.74203711325565
7.3370645619187	0.74230263624777
7.3245164427071	0.74256853672591
7.3120111707317	0.74283481275439
7.2995485269053	0.74310146241153
7.2871282936315	0.74336848378995
7.2747502547925	0.74363587499676
7.2624141957364	0.74390363415383
7.2501199032648	0.74417175939800
7.2378671656205	0.74444024888126
7.2256557724753	0.74470910077105
7.2134855149182	0.74497831325036
7.2013561854432	0.74524788451802
7.1892675779376	0.74551781278885
7.1772194876706	0.74578809629384
7.1652117112811	0.74605873328038
7.1532440467669	0.74632972201237
7.1413162934731	0.74660106077046
7.1294282520809	0.74687274785218
7.1175797245964	0.74714478157210
7.1057705143399	0.74741716026199
7.0940004259347	0.74768988227096
7.0822692652965	0.74796294596562
7.0705768396226	0.74823634973022
7.0589229573817	0.74851009196674
7.0473074283028	0.74878417109506
7.0357300633654	0.74905858555308
7.0241906747891	0.74933333379679
7.0126890760234	0.74960841430042
7.0012250817375	0.74988382555654
6.9897985078107	0.75015956607613
6.9784091713222	0.75043563438869
6.9670568905415	0.75071202904233
6.9557414849188	0.75098874860386
6.9444627750753	0.75126579165881
6.9332205827937	0.75154315681159
6.9220147310090	0.75182084268545
6.9108450437990	0.75209884792263
6.8997113463751	0.75237717118435
6.8886134650735	0.75265581115090
6.8775512273457	0.75293476652164
6.8665244617499	0.75321403601507
6.8555329979419	0.75349361836885
6.8445766666667	0.75377351233982
6.8336552997493	0.75405371670402
6.8227687300865	0.75433423025672
6.8119167916383	0.75461505181241
6.8010993194192	0.75489618020482
6.7903161494904	0.75517761428690
6.7795671189507	0.75545935293084
6.7688520659291	0.75574139502802
6.7581708295762	0.75602373948905
6.7475232500563	0.75630638524368
6.7369091685393	0.75658933124083
6.7263284271932	0.75687257644854
6.7157808691756	0.75715611985390
6.7052663386267	0.75743996046307
6.6947846806610	0.75772409730117
6.6843357413601	0.75800852941229
6.6739193677649	0.75829325585937
6.6635354078684	0.75857827572418
6.6531837106081	0.75886358810724
6.6428641258586	0.75914919212777
6.6325765044248	0.75943508692356
6.6223206980340	0.75972127165094
6.6120965593295	0.76000774548469
6.6019039418630	0.76029450761792
6.5917427000879	0.76058155726199
6.5816126893524	0.76086889364643
6.5715137658922	0.76115651601880
6.5614457868243	0.76144442364462
6.5514086101399	0.76173261580722
6.5414020946978	0.76202109180765
6.5314261002179	0.76230985096454
6.5214804872743	0.76259889261399
6.5115651172893	0.76288821610944
6.5016798525266	0.76317782082150
6.4918245560849	0.76346770613787
6.4819990918919	0.76375787146315
6.4722033246978	0.76404831621871
6.4624371200690	0.76433903984253
6.4527003443823	0.76463004178908
6.4429928648184	0.76492132152911
6.4333145493562	0.76521287854951
6.4236652667667	0.76550471235316
6.4140448866068	0.76579682245873
6.4044532792138	0.76608920840055
6.3948903156997	0.76638186972835
6.3853558679446	0.76667480600718
6.3758498085921	0.76696801681716
6.3663720110427	0.76726150175328
6.3569223494487	0.76755526042528
6.3475006987084	0.76784929245737
6.3381069344609	0.76814359748810
6.3287409330800	0.76843817517010
6.3194025716695	0.76873302516992
6.3100917280572	0.76902814716780
6.3008082807902	0.76932354085746
6.2915521091291	0.76961920594588
6.2823230930427	0.76991514215310
6.2731211132036	0.77021134921197
6.2639460509820	0.77050782686796
6.2547977884415	0.77080457487889
6.2456762083333	0.77110159301475
6.2365811940919	0.77139888105743
6.2275126298297	0.77169643880050
6.2184704003319	0.77199426604897
6.2094543910522	0.77229236261904
6.2004644881075	0.77259072833786
6.1915005782734	0.77288936304332
6.1825625489792	0.77318826658373
6.1736502883031	0.77348743881764
6.1647636849681	0.77378687961354
6.1559026283368	0.77408658884962
6.1470670084068	0.77438656641354
6.1382567158067	0.77468681220211
6.1294716417910	0.77498732612108
6.1207116782360	0.77528810808487
6.1119767176351	0.77558915801628
6.1032666530945	0.77589047584624
6.0945813783289	0.77619206151353
6.0859207876573	0.77649391496453
6.0772847759984	0.77679603615293
6.0686732388664	0.77709842503946
6.0600860723671	0.77740108159159
6.0515231731934	0.77770400578332
6.0429844386212	0.77800719759481
6.0344697665056	0.77831065701219
6.0259790552764	0.77861438402719
6.0175122039342	0.77891837863694
6.0090691120465	0.77922264084362
6.0006496797438	0.77952717065423
5.9922538077154	0.77983196808024
5.9838813972056	0.78013703313736
5.9755323500100	0.78044236584523
5.9672065684713	0.78074796622713
5.9589039554760	0.78105383430968
5.9506244144502	0.78135997012256
5.9423678493558	0.78166637369824
5.9341341646873	0.78197304507162
5.9259232654675	0.78227998427983
5.9177350572444	0.78258719136186
5.9095694460871	0.78289466635831
5.9014263385827	0.78320240931106
5.8933056418321	0.78351042026302
5.8852072634472	0.78381869925779
5.8771311115468	0.78412724633941
5.8690770947533	0.78443606155201
5.8610451221896	0.78474514493958
5.8530351034752	0.78505449654561
5.8450469487229	0.78536411641285
5.8370805685358	0.78567400458296
5.8291358740035	0.78598416109628
5.8212127766990	0.78629458599147
5.8133111886756	0.78660527930527
5.8054310224632	0.78691624107216
5.7975721910656	0.78722747132410
5.7897346079567	0.78753897009023
5.7819181870781	0.78785073739655
5.7741228428351	0.78816277326569
5.7663484900942	0.78847507771653
5.7585950441798	0.78878765076399
5.7508624208709	0.78910049241871
5.7431505363985	0.78941360268674
5.7354593074421	0.78972698156929
5.7277886511272	0.79004062906241
5.7201384850219	0.79035454515672
5.7125087271341	0.79066872983714
5.7048992959087	0.79098318308258
5.6973101102242	0.79129790486565
5.6897410893908	0.79161289515242
5.6821921531463	0.79192815390211
5.6746632216544	0.79224368106680
5.6671542155009	0.79255947659120
5.6596650556919	0.79287554041233
5.6521956636501	0.79319187245924
5.6447459612126	0.79350847265279
5.6373158706281	0.79382534090534
5.6299053145540	0.79414247712048
5.6225142160540	0.79445988119276
5.6151424985952	0.79477755300748
5.6077900860456	0.79509549244033
5.6004569026714	0.79541369935721
5.5931428731343	0.79573217361393
5.5858479224893	0.79605091505599
5.5785719761816	0.79636992351827
5.5713149600446	0.79668919882481
5.5640768002970	0.79700874078856
5.5568574235403	0.79732854921114
5.5496567567568	0.79764862388256
5.5424747273063	0.79796896458101
5.5353112629247	0.79828957107260
5.5281662917204	0.79861044311113
5.5210397421731	0.79893158043784
5.5139315431304	0.79925298278121
5.5068416238060	0.79957464985668
5.4997699137773	0.79989658136646
5.4927163429828	0.80021877699930
5.4856808417200	0.80054123643025
5.4786633406433	0.80086395932044
5.4716637707611	0.80118694531690
5.4646820634342	0.80151019405229
5.4577181503732	0.80183370514473
5.4507719636364	0.80215747819759
5.4438434356274	0.80248151279925
5.4369324990932	0.80280580852294
5.4300390871219	0.80313036492653
5.4231631331404	0.80345518155231
5.4163045709124	0.80378025792683
5.4094633345363	0.80410559356071
5.4026393584430	0.80443118794840
5.3958325773938	0.80475704056809
5.3890429264785	0.80508315088146
5.3822703411131	0.80540951833352
5.3755147570378	0.80573614235246
5.3687761103152	0.80606302234945
5.3620543373278	0.80639015771851
5.3553493747767	0.80671754783632
5.3486611596789	0.80704519206209
5.3419896293656	0.80737308973738
5.3353347214807	0.80770124018595
5.3286963739780	0.80802964271365
5.3220745251198	0.80835829660823
5.3154691134752	0.80868720113926
5.3088800779175	0.80901635555791
5.3023073576229	0.80934575909692
5.2957508920685	0.80967541097039
5.2892106210303	0.81000531037371
5.2826864845815	0.81033545648342
5.2761784230905	0.81066584845708
5.2696863772192	0.81099648543321
5.2632102879213	0.81132736653113
5.2567500964405	0.81165849085088
5.2503057443082	0.81198985747313
5.2438771733427	0.81232146545907
5.2374643256464	0.81265331385034
5.2310671436050	0.81298540166891
5.2246855698850	0.81331772791705
5.2183195474326	0.81365029157720
5.2119690194715	0.81398309161193
5.2056339295016	0.81431612696387
5.1993142212973	0.81464939655565
5.1930098389052	0.81498289928979
5.1867207266436	0.81531663404873
5.1804468290997	0.81565059969471
5.1741880911288	0.81598479506976
5.1679444578521	0.81631921899563
5.1617158746556	0.81665387027379
5.1555022871883	0.81698874768536
5.1493036413604	0.81732384999112
5.1431198833419	0.81765917593143
5.1369509595613	0.81799472422627
5.1307968167037	0.81833049357519
5.1246574017094	0.81866648265731
5.1185326617722	0.81900269013133
5.1124225443383	0.81933911463549
5.1063269971044	0.81967575478760
5.1002459680163	0.82001260918505
5.0941794052676	0.82034967640481
5.0881272572980	0.82068695500347
5.0820894727920	0.82102444351723
5.0760660006773	0.82136214046193
5.0700567901235	0.82170004433313
5.0640617905405	0.82203815360607
5.0580809515775	0.82237646673576
5.0521142231210	0.82271498215703
5.0461615552937	0.82305369828455
5.0402228984533	0.82339261351289
5.0342982031906	0.82373172621659
5.0283874203287	0.82407103475023
5.0224905009214	0.82441053744846
5.0166073962517	0.82475023262614
5.0107380578305	0.82509011857832
5.0048824373957	0.82543019358043
4.9990404869101	0.82577045588829
4.9932121585610	0.82611090373822
4.9873974047579	0.82645153534716
4.9815961781323	0.82679234891272
4.9758084315353	0.82713334261334
4.9700341180371	0.82747451460836
4.9642731909256	0.82781586303816
4.9585256037049	0.82815738602425
4.9527913100942	0.82849908166941
4.9470702640264	0.82884094805783
4.9413624196473	0.82918298325520
4.9356677313138	0.82952518530889
4.9299861535932	0.82986755224807
4.9243176412615	0.83021008208385
4.9186621493027	0.83055277280945
4.9130196329072	0.83089562240031
4.9073900474709	0.83123862881431
4.9017733485939	0.83158178999188
4.8961694920790	0.83192510385619
4.8905784339315	0.83226856831332
4.8850001303569	0.83261218125243
4.8794345377604	0.83295594054593
4.8738816127459	0.83329984404969
4.8683413121143	0.83364388960319
4.8628135928629	0.83398807502976
4.8572984121841	0.83433239813671
4.8517957274640	0.83467685671561
4.8463054962819	0.83502144854242
4.8408276764088	0.83536617137775
4.8353622258065	0.83571102296703
4.8299091026261	0.83605600104076
4.8244682652076	0.83640110331471
4.8190396720784	0.83674632749016
4.8136232819525	0.83709167125409
4.8082190537289	0.83743713227947
4.8028269464915	0.83778270822544
4.7974469195071	0.83812839673757
4.7920789322251	0.83847419544811
4.7867229442759	0.83882010197622
4.7813789154705	0.83916611392823
4.7760468057989	0.83951222889788
4.7707265754297	0.83985844446660
4.7654181847083	0.84020475820373
4.7601215941569	0.84055116766683
4.7548367644726	0.84089767040190
4.7495636565272	0.84124426394370
4.7443022313657	0.84159094581596
4.7390524502055	0.84193771353170
4.7338142744355	0.84228456459352
4.7285876656151	0.84263149649382
4.7233725854735	0.84297850671516
4.7181689959081	0.84332559273050
4.7129768589844	0.84367275200348
4.7077961369347	0.84401998198876
4.7026267921569	0.84436728013228
4.6974687872140	0.84471464387158
4.6923220848333	0.84506207063608
4.6871866479049	0.84540955784740
4.6820624394815	0.84575710291964
4.6769494227769	0.84610470325975
4.6718475611657	0.84645235626776
4.6667568181818	0.84680005933716
4.6616771575183	0.84714780985518
4.6566085430258	0.84749560520310
4.6515509387122	0.84784344275662
4.6465043087415	0.84819131988613
4.6414686174330	0.84853923395704
4.6364438292607	0.84888718233014
4.6314299088522	0.84923516236189
4.6264268209877	0.84958317140478
4.6214345305997	0.84993120680762
4.6164530027718	0.85027926591592
4.6114822027380	0.85062734607219
4.6065220958820	0.85097544461629
4.6015726477360	0.85132355888575
4.5966338239804	0.85167168621615
4.5917055904426	0.85201982394141
4.5867879130967	0.85236796939414
4.5818807580621	0.85271611990602
4.5769840916031	0.85306427280808
4.5720978801281	0.85341242543110
4.5672220901889	0.85376057510593
4.5623566884797	0.85410871916381
4.5575016418364	0.85445685493677
4.5526569172361	0.85480497975793
4.5478224817961	0.85515309096186
4.5429983027731	0.85550118588493
4.5381843475628	0.85584926186565
4.5333805836988	0.85619731624503
4.5285869788520	0.85654534636691
4.5238035008299	0.85689334957831
4.5190301175761	0.85724132322979
4.5142667971691	0.85758926467578
4.5095135078219	0.85793717127493
4.5047702178813	0.85828504039049
4.5000368958271	0.85863286939057
4.4953135102714	0.85898065564859
4.4906000299581	0.85932839654355
4.4858964237618	0.85967608946039
4.4812026606876	0.86002373179036
4.4765187098701	0.86037132093132
4.4718445405728	0.86071885428812
4.4671801221875	0.86106632927290
4.4625254242334	0.86141374330547
4.4578804163569	0.86176109381361
4.4532450683304	0.86210837823343
4.4486193500519	0.86245559400969
4.4440032315446	0.86280273859613
4.4393966829557	0.86314980945581
4.4347996745562	0.86349680406145
4.4302121767401	0.86384371989573
4.4256341600236	0.86419055445162
4.4210655950450	0.86453730523271
4.4165064525633	0.86488396975354
4.4119567034584	0.86523054553990
4.4074163187298	0.86557703012916
4.4028852694963	0.86592342107055
4.3983635269953	0.86626971592553
4.3938510625824	0.86661591226803
4.3893478477306	0.86696200768480
4.3848538540295	0.86730799977570
4.3803690531853	0.86765388615399
4.3758934170194	0.86799966444663
4.3714269174686	0.86834533229459
4.3669695265841	0.86869088735310
4.3625212165309	0.86903632729196
4.3580819595871	0.86938164979584
4.3536517281441	0.86972685256449
4.3492304947048	0.87007193331311
4.3448182318841	0.87041688977254
4.3404149124077	0.87076171968955
4.3360205091119	0.87110642082712
4.3316349949429	0.87145099096469
4.3272583429561	0.87179542789839
4.3228905263158	0.87213972944131
4.3185315182944	0.87248389342375
4.3141812922723	0.87282791769343
4.3098398217366	0.87317180011576
4.3055070802815	0.87351553857404
4.3011830416069	0.87385913096971
4.2968676795184	0.87420257522255
4.2925609679267	0.87454586927090
4.2882628808468	0.87488901107187
4.2839733923978	0.87523199860155
4.2796924768023	0.87557482985519
4.2754201083856	0.87591750284742
4.2711562615757	0.87626001561242
4.2669009109024	0.87660236620408
4.2626540309967	0.87694455269622
4.2584155965909	0.87728657318272
4.2541855825174	0.87762842577772
4.2499639637085	0.87797010861572
4.2457507151961	0.87831161985180
4.2415458121109	0.87865295766171
4.2373492296820	0.87899412024202
4.2331609432364	0.87933510581027
4.2289809281986	0.87967591260507
4.2248091600902	0.88001653888622
4.2206456145291	0.88035698293484
4.2164902672293	0.88069724305344
4.2123430940003	0.88103731756605
4.2082040707468	0.88137720481828
4.2040731734680	0.88171690317742
4.1999503782572	0.88205641103249
4.1958356613016	0.88239572679434
4.1917289988814	0.88273484889567
4.1876303673697	0.88307377579112
4.1835397432319	0.88341250595726
4.1794571030252	0.88375103789268
4.1753824233983	0.88408937011799
4.1713156810909	0.88442750117583
4.1672568529330	0.88476542963090
4.1632059158450	0.88510315406993
4.1591628468368	0.88544067310172
4.1551276230076	0.88577798535708
4.1511002215453	0.88611508948884
4.1470806197261	0.88645198417178
4.1430687949143	0.88678866810262
4.1390647245616	0.88712513999998
4.1350683862069	0.88746139860426
4.1310797574755	0.88779744267764
4.1270988160793	0.88813327100397
4.1231255398157	0.88846888238868
4.1191599065677	0.88880427565869
4.1152018943034	0.88913944966230
4.1112514810752	0.88947440326910
4.1073086450199	0.88980913536980
4.1033733643581	0.89014364487614
4.0994456173937	0.89047793072071
4.0955253825137	0.89081199185683
4.0916126381875	0.89114582725835
4.0877073629670	0.89147943591951
4.0838095354856	0.89181281685473
4.0799191344584	0.89214596909843
4.0760361386812	0.89247889170484
4.0721605270307	0.89281158374774
4.0682922784638	0.89314404432028
4.0644313720174	0.89347627253475
4.0605777868075	0.89380826752227
4.0567315020298	0.89414002843260
4.0528924969582	0.89447155443388
4.0490607509454	0.89480284471227
4.0452362434219	0.89513389847176
4.0414189538959	0.89546471493382
4.0376088619529	0.89579529333707
4.0338059472551	0.89612563293703
4.0300101895416	0.89645573300571
4.0262215686274	0.89678559283134
4.0224400644036	0.89711521171796
4.0186656568365	0.89744458898507
4.0148983259676	0.89777372396729
4.0111380519133	0.89810261601391
4.0073848148643	0.89843126448856
4.0036385950855	0.89875966876875
3.9998993729153	0.89908782824546
3.9961671287657	0.89941574232274
3.9924418431216	0.89974341041721
3.9887234965407	0.90007083195766
3.9850120696531	0.90039800638455
3.9813075431607	0.90072493314955
3.9776098978373	0.90105161171503
3.9739191145281	0.90137804155358
3.9702351741491	0.90170422214749
3.9665580576872	0.90203015298821
3.9628877461996	0.90235583357586
3.9592242208135	0.90268126341860
3.9555674627260	0.90300644203218
3.9519174532033	0.90333136893925
3.9482741735809	0.90365604366887
3.9446376052632	0.90398046575587
3.9410077297226	0.90430463474027
3.9373845285001	0.90462855016662
3.9337679832043	0.90495221158341
3.9301580755113	0.90527561854240
3.9265547871644	0.90559877059798
3.9229580999738	0.90592166730651
3.9193679958164	0.90624430822562
3.9157844566353	0.90656669291354
3.9122074644395	0.90688882092839
3.9086370013038	0.90721069182747
3.9050730493682	0.90753230516650
3.9015155908381	0.90785366049895
3.8979646079834	0.90817475737525
3.8944200831385	0.90849559534199
3.8908819987021	0.90881617394124
3.8873503371369	0.90913649270967
3.8838250809690	0.90945655117782
3.8803062127880	0.90977634886926
3.8767937152463	0.91009588529976
3.8732875710594	0.91041515997648
3.8697877630050	0.91073417239713
3.8662942739231	0.91105292204907
3.8628070867156	0.91137140840851
3.8593261843460	0.91168963093956
3.8558515498392	0.91200758909337
3.8523831662812	0.91232528230725
3.8489210168186	0.91264271000373
3.8454650846588	0.91295987158960
3.8420153530693	0.91327676645504
3.8385718053777	0.91359339397264
3.8351344249712	0.91390975349642
3.8317031952965	0.91422584436088
3.8282780998595	0.91454166588001
3.8248591222251	0.91485721734629
3.8214462460166	0.91517249802970
3.8180394549159	0.91548750717668
3.8146387326632	0.91580224400911
3.8112440630562	0.91611670772329
3.8078554299505	0.91643089748885
3.8044728172589	0.91674481244772
3.8010962089514	0.91705845171304
3.7977255890550	0.91737181436808
3.7943609416530	0.91768489946516
3.7910022508852	0.91799770602452
3.7876495009476	0.91831023303321
3.7843026760919	0.91862247944400
3.7809617606256	0.91893444417417
3.7776267389113	0.91924612610445
3.7742975953670	0.91955752407778
3.7709743144654	0.91986863689820
3.7676568807339	0.92017946332965
3.7643452787544	0.92049000209479
3.7610394931627	0.92080025187378
3.7577395086488	0.92111021130311
3.7544453099562	0.92141987897434
3.7511568818819	0.92172925343292
3.7478742092762	0.92203833317690
3.7445972770422	0.92234711665573
3.7413260701360	0.92265560226900
3.7380605735661	0.92296378836513
3.7348007723932	0.92327167324016
3.7315466517301	0.92357925513643
3.7282981967417	0.92388653224128
3.7250553926441	0.92419350268578
3.7218182247052	0.92450016454342
3.7185866782436	0.92480651582877
3.7153607386293	0.92511255449616
3.7121403912828	0.92541827843836
3.7089256216751	0.92572368548525
3.7057164153276	0.92602877340243
3.7025127578115	0.92633353988989
3.6993146347483	0.92663798258067
3.6961220318087	0.92694209903944
3.6929349347130	0.92724588676113
3.6897533292308	0.92754934316960
3.6865772011805	0.92785246561616
3.6834065364295	0.92815525137824
3.6802413208937	0.92845769765796
3.6770815405372	0.92875980158070
3.6739271813725	0.92906156019373
3.6707782294600	0.92936297046472
3.6676346709078	0.92966402928035
3.6644964918714	0.92996473344489
3.6613636785540	0.93026507967871
3.6582362172056	0.93056506461686
3.6551140941234	0.93086468480764
3.6519972956511	0.93116393671108
3.6488858081792	0.93146281669755
3.6457796181442	0.93176132104624
3.6426787120292	0.93205944594373
3.6395830763628	0.93235718748247
3.6364926977196	0.93265454165934
3.6334075627197	0.93295150437417
3.6303276580286	0.93324807142820
3.6272529703569	0.93354423852267
3.6241834864603	0.93384000125725
3.6211191931393	0.93413535512863
3.6180600772387	0.93443029552893
3.6150061256481	0.93472481774427
3.6119573253012	0.93501891695324
3.6089136631756	0.93531258822541
3.6058751262930	0.93560582651980
3.6028417017185	0.93589862668341
3.5998133765610	0.93619098344969
3.5967901379724	0.93648289143702
3.5937719731479	0.93677434514723
3.5907588693257	0.93706533896408
3.5877508137865	0.93735586715176
3.5847477938539	0.93764592385335
3.5817497968937	0.93793550308935
3.5787568103140	0.93822459875614
3.5757688215649	0.93851320462453
3.5727858181385	0.93880131433816
3.5698077875685	0.93908892141211
3.5668347174301	0.93937601923131
3.5638665953400	0.93966260104910
3.5609034089559	0.93994865998567
3.5579451459767	0.94023418902666
3.5549917941421	0.94051918102158
3.5520433412322	0.94080362868238
3.5490997750681	0.94108752458195
3.5461610835108	0.94137086115262
3.5432272544616	0.94165363068473
3.5402982758621	0.94193582532515
3.5373741356932	0.94221743707579
3.5344548219759	0.94249845779215
3.5315403227706	0.94277887918190
3.5286306261770	0.94305869280341
3.5257257203340	0.94333789006430
3.5228255934195	0.94361646222002
3.5199302336503	0.94389440037243
3.5170396292820	0.94417169546839
3.5141537686086	0.94444833829832
3.5112726399625	0.94472431949484
3.5083962317145	0.94499962953132
3.5055245322732	0.94527425872058
3.5026575300853	0.94554819721342
3.4997952136353	0.94582143499734
3.4969375714452	0.94609396189514
3.4940845920746	0.94636576756358
3.4912362641202	0.94663684149207
3.4883925762160	0.94690717300134
3.4855535170329	0.94717675124210
3.4827190752788	0.94744556519379
3.4798892396982	0.94771360366329
3.4770639990721	0.94798085528362
3.4742433422181	0.94824730851269
3.4714272579898	0.94851295163209
3.4686157352771	0.94877777274582
3.4658087630058	0.94904175977910
3.4630063301375	0.94930490047715
3.4602084256694	0.94956718240405
3.4574150386345	0.94982859294150
3.4546261581009	0.95008911928775
3.4518417731721	0.95034874845641
3.4490618729867	0.95060746727534
3.4462864467180	0.95086526238559
3.4435154835745	0.95112212024027
3.4407489727993	0.95137802710350
3.4379869036697	0.95163296904940
3.4352292654979	0.95188693196103
3.4324760476300	0.95213990152940
3.4297272394463	0.95239186325248
3.4269828303612	0.95264280243427
3.4242428098230	0.95289270418380
3.4215071673134	0.95314155341429
3.4187758923480	0.95338933484217
3.4160489744758	0.95363603298627
3.4133264032791	0.95388163216695
3.4106081683732	0.95412611650528
3.4078942594066	0.95436946992223
3.4051846660609	0.95461167613788
3.4024793780502	0.95485271867071
3.3997783851213	0.95509258083686
3.3970816770538	0.95533124574939
3.3943892436594	0.95556869631766
3.3917010747822	0.95580491524669
3.3890171602984	0.95603988503650
3.3863374901163	0.95627358798153
3.3836620541761	0.95650600617013
3.3809908424495	0.95673712148397
3.3783238449403	0.95696691559757
3.3756610516834	0.95719536997784
3.3730024527453	0.95742246588361
3.3703480382237	0.95764818436524
3.3676977982476	0.95787250626427
3.3650517229768	0.95809541221302
3.3624098026021	0.95831688263434
3.3597720273451	0.95853689774128
3.3571383874580	0.95875543753689
3.3545088732237	0.95897248181399
3.3518834749553	0.95918801015501
3.3492621829963	0.95940200193182
3.3466449877205	0.95961443630570
3.3440318795315	0.95982529222717
3.3414228488631	0.96003454843607
3.3388178861789	0.96024218346149
3.3362169819720	0.96044817562185
3.3336201267653	0.96065250302499
3.3310273111111	0.96085514356830
