#Parameters = {thARC=0.8; nARC=1.75; thsub=1; p=1; nSub=3.75}
#"Wavelength / um"	"T (617) [Real Part]"
#---------------------------------------
14.989622900000	0.73924151330467
14.937342202292	0.73975316160062
14.885424925521	0.74026641564003
14.833867293419	0.74078127131503
14.782665581854	0.74129772448437
14.731816117936	0.74181577097329
14.681315279138	0.74233540657331
14.631159492435	0.74285662704213
14.581345233463	0.74337942810341
14.531869025691	0.74390380544662
14.482727439614	0.74442975472686
14.433917091960	0.74495727156469
14.385434644914	0.74548635154595
14.337276805356	0.74601699022157
14.289440324118	0.74654918310738
14.241921995249	0.74708292568395
14.194718655303	0.74761821339635
14.147827182633	0.74815504165399
14.101244496707	0.74869340583042
14.054967557431	0.74923330126310
14.008993364486	0.74977472325325
13.963318956684	0.75031766706558
13.917941411328	0.75086212792811
13.872857843591	0.75140810103198
13.828065405904	0.75195558153119
13.783561287356	0.75250456454243
13.739342713107	0.75305504514480
13.695406943810	0.75360701837964
13.651751275046	0.75416047925029
13.608373036768	0.75471542272183
13.565269592760	0.75527184372090
13.522438340099	0.75582973713544
13.479876708633	0.75638909781442
13.437582160466	0.75694992056768
13.395552189455	0.75751220016562
13.353784320713	0.75807593133898
13.312276110124	0.75864110877862
13.271025143869	0.75920772713521
13.230029037952	0.75977578101905
13.189285437747	0.76034526499977
13.148792017544	0.76091617360610
13.108546480105	0.76148850132560
13.068546556234	0.76206224260440
13.028790004346	0.76263739184696
12.989274610052	0.76321394341578
12.949998185745	0.76379189163116
12.910958570198	0.76437123077091
12.872153628167	0.76495195507012
12.833581250000	0.76553405872082
12.795239351259	0.76611753587180
12.757125872340	0.76670238062827
12.719238778108	0.76728858705160
12.681576057530	0.76787614915906
12.644135723323	0.76846506092353
12.606915811606	0.76905531627322
12.569914381551	0.76964690909140
12.533129515050	0.77023983321609
12.496559316382	0.77083408243982
12.460201911887	0.77142965050931
12.424055449648	0.77202653112521
12.388118099174	0.77262471794177
12.352388051092	0.77322420456663
12.316863516845	0.77382498456043
12.281542728390	0.77442705143663
12.246423937908	0.77503039866112
12.211505417515	0.77563501965198
12.176785458976	0.77624090777921
12.142262373431	0.77684805636438
12.107934491115	0.77745645868037
12.073800161095	0.77806610795108
12.039857751004	0.77867699735110
12.006105646776	0.77928912000548
11.972542252396	0.77990246898936
11.939165989646	0.78051703732773
11.905975297855	0.78113281799512
11.872968633663	0.78174980391527
11.840144470774	0.78236798796090
11.807501299724	0.78298736295334
11.775037627651	0.78360792166229
11.742751978065	0.78422965680550
11.710642890625	0.78485256104848
11.678708920919	0.78547662700419
11.646948640249	0.78610184723277
11.615360635413	0.78672821424122
11.583943508501	0.78735572048312
11.552695876686	0.78798435835833
11.521616372022	0.78861412021270
11.490703641242	0.78924499833777
11.459956345566	0.78987698497049
11.429373160503	0.79051007229292
11.398952775665	0.79114425243193
11.368693894577	0.79177951745892
11.338595234493	0.79241585938954
11.308655526217	0.79305327018338
11.278873513920	0.79369174174371
11.249247954972	0.79433126591717
11.219777619760	0.79497183449349
11.190461291527	0.79561343920523
11.161297766195	0.79625607172745
11.132285852209	0.79689972367750
11.103424370370	0.79754438661467
11.074712153676	0.79819005203995
11.046148047163	0.79883671139576
11.017730907755	0.79948435606566
10.989459604106	0.80013297737408
10.961333016453	0.80078256658605
10.933350036470	0.80143311490694
10.905509567115	0.80208461348220
10.877810522496	0.80273705339706
10.850251827723	0.80339042567634
10.822832418773	0.80404472128409
10.795551242348	0.80469993112344
10.768407255747	0.80535604603625
10.741399426729	0.80601305680294
10.714526733381	0.80667095414219
10.687788163993	0.80732972871069
10.661182716927	0.80798937110295
10.634709400497	0.80864987185099
10.608367232838	0.80931122142416
10.582155241793	0.80997341022886
10.556072464789	0.81063642860833
10.530117948718	0.81130026684244
10.504290749825	0.81196491514742
10.478589933590	0.81263036367568
10.453014574616	0.81329660251555
10.427563756522	0.81396362169112
10.402236571825	0.81463141116197
10.377032121841	0.81529996082299
10.351949516575	0.81596926050419
10.326987874612	0.81663929997045
10.302146323024	0.81731006892140
10.277423997257	0.81798155699114
10.252820041040	0.81865375374812
10.228333606278	0.81932664869492
10.203963852961	0.82000023126807
10.179709949066	0.82067449083790
10.155571070461	0.82134941670833
10.131546400811	0.82202499811672
10.107635131490	0.82270122423373
10.083836461487	0.82337808416311
10.060149597315	0.82405556694161
10.036573752929	0.82473366153875
10.013108149633	0.82541235685677
9.9897520159947	0.82609164173039
9.9665045877660	0.82677150492676
9.9433651077944	0.82745193514530
9.9203328259431	0.82813292101754
9.8974069990096	0.82881445110705
9.8745868906456	0.82949651390931
9.8518717712783	0.83017909785159
9.8292609180328	0.83086219129285
9.8067536146549	0.83154578252365
9.7843491514360	0.83222985976606
9.7620468251384	0.83291441117355
9.7398459389214	0.83359942483093
9.7177458022690	0.83428488875427
9.6957457309185	0.83497079089082
9.6738450467893	0.83565711911896
9.6520430779137	0.83634386124814
9.6303391583681	0.83703100501880
9.6087326282051	0.83771853810237
9.5872228333866	0.83840644810120
9.5658091257179	0.83909472254853
9.5444908627826	0.83978334890848
9.5232674078780	0.84047231457599
9.5021381299525	0.84116160687684
9.4811024035421	0.84185121306766
9.4601596087094	0.84254112033585
9.4393091309824	0.84323131579969
9.4185503612944	0.84392178650826
9.3978826959248	0.84461251944151
9.3773055364404	0.84530350151028
9.3568182896380	0.84599471955632
9.3364203674868	0.84668616035233
9.3161111870727	0.84737781060202
9.2958901705426	0.84806965694016
9.2757567450495	0.84876168593262
9.2557103426984	0.84945388407646
9.2357504004929	0.85014623780001
9.2158763602828	0.85083873346294
9.1960876687117	0.85153135735635
9.1763837771656	0.85222409570287
9.1567641417227	0.85291693465677
9.1372282231027	0.85360986030406
9.1177754866180	0.85430285866264
9.0984054021244	0.85499591568238
9.0791174439733	0.85568901724530
9.0599110909640	0.85638214916571
9.0407858262967	0.85707529719031
9.0217411375263	0.85776844699844
9.0027765165165	0.85846158420216
8.9838914593947	0.85915469434646
8.9650854665072	0.85984776290948
8.9463580423754	0.86054077530263
8.9277086956522	0.86123371687085
8.9091369390788	0.86192657289278
8.8906422894425	0.86261932858101
8.8722242675348	0.86331196908228
8.8538823981099	0.86400447947771
8.8356162098438	0.86469684478307
8.8174252352941	0.86538904994899
8.7993090108600	0.86608107986126
8.7812670767428	0.86677291934107
8.7632989769073	0.86746455314529
8.7454042590432	0.86815596596676
8.7275824745269	0.86884714243458
8.7098331783847	0.86953806711442
8.6921559292549	0.87022872450880
8.6745502893519	0.87091909905746
8.6570158244297	0.87160917513763
8.6395521037464	0.87229893706442
8.6221587000288	0.87298836909113
8.6048351894374	0.87367745540961
8.5875811515325	0.87436618015064
8.5703961692396	0.87505452738428
8.5532798288160	0.87574248112028
8.5362317198178	0.87643002530843
8.5192514350668	0.87711714383900
8.5023385706183	0.87780382054313
8.4854927257288	0.87849003919322
8.4687135028249	0.87917578350341
8.4520005074711	0.87986103713000
8.4353533483399	0.88054578367184
8.4187716371806	0.88123000667088
8.4022549887892	0.88191368961254
8.3858030209790	0.88259681592623
8.3694153545505	0.88327936898585
8.3530916132627	0.88396133211022
8.3368314238042	0.88464268856363
8.3206344157646	0.88532342155634
8.3045002216066	0.88600351424507
8.2884284766381	0.88668294973357
8.2724188189845	0.88736171107311
8.2564708895621	0.88803978126307
8.2405843320506	0.88871714325146
8.2247587928669	0.88939377993552
8.2089939211391	0.89006967416224
8.1932893686800	0.89074480872901
8.1776447899618	0.89141916638415
8.1620598420909	0.89209272982754
8.1465341847826	0.89276548171124
8.1310674803363	0.89343740464010
8.1156593936113	0.89410848117236
8.1003095920022	0.89477869382033
8.0850177454153	0.89544802505103
8.0697835262450	0.89611645728682
8.0546066093498	0.89678397290608
8.0394866720300	0.89745055424390
8.0244233940043	0.89811618359273
8.0094164573871	0.89878084320311
7.9944655466667	0.89944451528433
7.9795703486825	0.90010718200520
7.9647305526036	0.90076882549469
7.9499458499072	0.90142942784273
7.9352159343568	0.90208897110091
7.9205405019815	0.90274743728322
7.9059192510549	0.90340480836685
7.8913518820742	0.90406106629290
7.8768380977404	0.90471619296718
7.8623776029373	0.90537017026101
7.8479701047120	0.90602298001195
7.8336153122550	0.90667460402467
7.8193129368805	0.90732502407172
7.8050626920073	0.90797422189435
7.7908642931393	0.90862217920332
7.7767174578470	0.90926887767978
7.7626219057483	0.90991429897606
7.7485773584906	0.91055842471656
7.7345835397317	0.91120123649858
7.7206401751223	0.91184271589320
7.7067469922879	0.91248284444615
7.6929037208109	0.91312160367871
7.6791100922131	0.91375897508859
7.6653658399386	0.91439494015082
7.6516706993364	0.91502948031867
7.6380244076433	0.91566257702455
7.6244267039674	0.91629421168099
7.6108773292714	0.91692436568148
7.5973760263558	0.91755302040149
7.5839225398432	0.91818015719937
7.5705166161616	0.91880575741732
7.5571580035291	0.91942980238238
7.5438464519376	0.92005227340734
7.5305817131374	0.92067315179176
7.5173635406219	0.92129241882295
7.5041916896120	0.92191005577697
7.4910659170415	0.92252604391960
7.4779859815415	0.92314036450736
7.4649516434263	0.92375299878854
7.4519626646781	0.92436392800420
7.4390188089330	0.92497313338922
7.4261198414664	0.92558059617330
7.4132655291790	0.92618629758203
7.4004556405826	0.92679021883792
7.3876899457861	0.92739234116147
7.3749682164822	0.92799264577223
7.3622902259332	0.92859111388983
7.3496557489581	0.92918772673512
7.3370645619187	0.92978246553119
7.3245164427071	0.93037531150447
7.3120111707317	0.93096624588585
7.2995485269053	0.93155524991174
7.2871282936315	0.93214230482519
7.2747502547925	0.93272739187701
7.2624141957364	0.93331049232686
7.2501199032648	0.93389158744437
7.2378671656205	0.93447065851030
7.2256557724753	0.93504768681763
7.2134855149182	0.93562265367272
7.2013561854432	0.93619554039643
7.1892675779376	0.93676632832530
7.1772194876706	0.93733499881265
7.1652117112811	0.93790153322978
7.1532440467669	0.93846591296711
7.1413162934731	0.93902811943533
7.1294282520809	0.93958813406660
7.1175797245964	0.94014593831570
7.1057705143399	0.94070151366122
7.0940004259347	0.94125484160671
7.0822692652965	0.94180590368190
7.0705768396226	0.94235468144389
7.0589229573817	0.94290115647829
7.0473074283028	0.94344531040048
7.0357300633654	0.94398712485678
7.0241906747891	0.94452658152562
7.0126890760234	0.94506366211881
7.0012250817375	0.94559834838270
6.9897985078107	0.94613062209939
6.9784091713222	0.94666046508798
6.9670568905415	0.94718785920574
6.9557414849188	0.94771278634937
6.9444627750753	0.94823522845619
6.9332205827937	0.94875516750537
6.9220147310090	0.94927258551917
6.9108450437990	0.94978746456413
6.8997113463751	0.95029978675235
6.8886134650735	0.95080953424268
6.8775512273457	0.95131668924196
6.8665244617499	0.95182123400627
6.8555329979419	0.95232315084211
6.8445766666667	0.95282242210774
6.8336552997493	0.95331903021428
6.8227687300865	0.95381295762708
6.8119167916383	0.95430418686684
6.8010993194192	0.95479270051093
6.7903161494904	0.95527848119460
6.7795671189507	0.95576151161220
6.7688520659291	0.95624177451846
6.7581708295762	0.95671925272968
6.7475232500563	0.95719392912499
6.7369091685393	0.95766578664761
6.7263284271932	0.95813480830605
6.7157808691756	0.95860097717535
6.7052663386267	0.95906427639835
6.6947846806610	0.95952468918687
6.6843357413601	0.95998219882301
6.6739193677649	0.96043678866030
6.6635354078684	0.96088844212502
6.6531837106081	0.96133714271734
6.6428641258586	0.96178287401262
6.6325765044248	0.96222561966259
6.6223206980340	0.96266536339659
6.6120965593295	0.96310208902279
6.6019039418630	0.96353578042940
6.5917427000879	0.96396642158590
6.5816126893524	0.96439399654424
6.5715137658922	0.96481848944004
6.5614457868243	0.96523988449385
6.5514086101399	0.96565816601227
6.5414020946978	0.96607331838922
6.5314261002179	0.96648532610712
6.5214804872743	0.96689417373806
6.5115651172893	0.96729984594501
6.5016798525266	0.96770232748302
6.4918245560849	0.96810160320036
6.4819990918919	0.96849765803975
6.4722033246978	0.96889047703948
6.4624371200690	0.96928004533462
6.4527003443823	0.96966634815816
6.4429928648184	0.97004937084219
6.4333145493562	0.97042909881903
6.4236652667667	0.97080551762240
6.4140448866068	0.97117861288857
6.4044532792138	0.97154837035745
6.3948903156997	0.97191477587379
6.3853558679446	0.97227781538825
6.3758498085921	0.97263747495857
6.3663720110427	0.97299374075066
6.3569223494487	0.97334659903968
6.3475006987084	0.97369603621122
6.3381069344609	0.97404203876231
6.3287409330800	0.97438459330258
6.3194025716695	0.97472368655530
6.3100917280572	0.97505930535846
6.3008082807902	0.97539143666589
6.2915521091291	0.97572006754823
6.2823230930427	0.97604518519406
6.2731211132036	0.97636677691093
6.2639460509820	0.97668483012639
6.2547977884415	0.97699933238901
6.2456762083333	0.97731027136942
6.2365811940919	0.97761763486136
6.2275126298297	0.97792141078260
6.2184704003319	0.97822158717602
6.2094543910522	0.97851815221058
6.2004644881075	0.97881109418227
6.1915005782734	0.97910040151513
6.1825625489792	0.97938606276219
6.1736502883031	0.97966806660642
6.1647636849681	0.97994640186169
6.1559026283368	0.98022105747371
6.1470670084068	0.98049202252094
6.1382567158067	0.98075928621553
6.1294716417910	0.98102283790420
6.1207116782360	0.98128266706920
6.1119767176351	0.98153876332910
6.1032666530945	0.98179111643978
6.0945813783289	0.98203971629520
6.0859207876573	0.98228455292834
6.0772847759984	0.98252561651200
6.0686732388664	0.98276289735965
6.0600860723671	0.98299638592625
6.0515231731934	0.98322607280908
6.0429844386212	0.98345194874855
6.0344697665056	0.98367400462898
6.0259790552764	0.98389223147937
6.0175122039342	0.98410662047422
6.0090691120465	0.98431716293425
6.0006496797438	0.98452385032716
5.9922538077154	0.98472667426837
5.9838813972056	0.98492562652175
5.9755323500100	0.98512069900033
5.9672065684713	0.98531188376701
5.9589039554760	0.98549917303523
5.9506244144502	0.98568255916969
5.9423678493558	0.98586203468696
5.9341341646873	0.98603759225621
5.9259232654675	0.98620922469976
5.9177350572444	0.98637692499379
5.9095694460871	0.98654068626893
5.9014263385827	0.98670050181083
5.8933056418321	0.98685636506082
5.8852072634472	0.98700826961643
5.8771311115468	0.98715620923198
5.8690770947533	0.98730017781915
5.8610451221896	0.98744016944747
5.8530351034752	0.98757617834493
5.8450469487229	0.98770819889839
5.8370805685358	0.98783622565418
5.8291358740035	0.98796025331851
5.8212127766990	0.98808027675801
5.8133111886756	0.98819629100013
5.8054310224632	0.98830829123364
5.7975721910656	0.98841627280901
5.7897346079567	0.98852023123889
5.7819181870781	0.98862016219847
5.7741228428351	0.98871606152588
5.7663484900942	0.98880792522258
5.7585950441798	0.98889574945375
5.7508624208709	0.98897953054856
5.7431505363985	0.98905926500060
5.7354593074421	0.98913494946813
5.7277886511272	0.98920658077445
5.7201384850219	0.98927415590813
5.7125087271341	0.98933767202335
5.7048992959087	0.98939712644011
5.6973101102242	0.98945251664453
5.6897410893908	0.98950384028907
5.6821921531463	0.98955109519273
5.6746632216544	0.98959427934129
5.6671542155009	0.98963339088748
5.6596650556919	0.98966842815118
5.6521956636501	0.98969938961956
5.6447459612126	0.98972627394728
5.6373158706281	0.98974907995653
5.6299053145540	0.98976780663727
5.6225142160540	0.98978245314723
5.6151424985952	0.98979301881209
5.6077900860456	0.98979950312547
5.6004569026714	0.98980190574908
5.5931428731343	0.98980022651270
5.5858479224893	0.98979446541423
5.5785719761816	0.98978462261975
5.5713149600446	0.98977069846346
5.5640768002970	0.98975269344770
5.5568574235403	0.98973060824293
5.5496567567568	0.98970444368768
5.5424747273063	0.98967420078849
5.5353112629247	0.98963988071986
5.5281662917204	0.98960148482412
5.5210397421731	0.98955901461140
5.5139315431304	0.98951247175944
5.5068416238060	0.98946185811351
5.4997699137773	0.98940717568627
5.4927163429828	0.98934842665757
5.4856808417200	0.98928561337431
5.4786633406433	0.98921873835025
5.4716637707611	0.98914780426579
5.4646820634342	0.98907281396778
5.4577181503732	0.98899377046926
5.4507719636364	0.98891067694923
5.4438434356274	0.98882353675239
5.4369324990932	0.98873235338887
5.4300390871219	0.98863713053391
5.4231631331404	0.98853787202760
5.4163045709124	0.98843458187454
5.4094633345363	0.98832726424349
5.4026393584430	0.98821592346706
5.3958325773938	0.98810056404133
5.3890429264785	0.98798119062547
5.3822703411131	0.98785780804135
5.3755147570378	0.98773042127317
5.3687761103152	0.98759903546699
5.3620543373278	0.98746365593034
5.3553493747767	0.98732428813175
5.3486611596789	0.98718093770032
5.3419896293656	0.98703361042521
5.3353347214807	0.98688231225518
5.3286963739780	0.98672704929809
5.3220745251198	0.98656782782037
5.3154691134752	0.98640465424650
5.3088800779175	0.98623753515849
5.3023073576229	0.98606647729527
5.2957508920685	0.98589148755221
5.2892106210303	0.98571257298045
5.2826864845815	0.98552974078637
5.2761784230905	0.98534299833095
5.2696863772192	0.98515235312916
5.2632102879213	0.98495781284932
5.2567500964405	0.98475938531249
5.2503057443082	0.98455707849175
5.2438771733427	0.98435090051159
5.2374643256464	0.98414085964720
5.2310671436050	0.98392696432375
5.2246855698850	0.98370922311574
5.2183195474326	0.98348764474622
5.2119690194715	0.98326223808611
5.2056339295016	0.98303301215341
5.1993142212973	0.98279997611247
5.1930098389052	0.98256313927322
5.1867207266436	0.98232251109040
5.1804468290997	0.98207810116272
5.1741880911288	0.98182991923212
5.1679444578521	0.98157797518292
5.1617158746556	0.98132227904101
5.1555022871883	0.98106284097298
5.1493036413604	0.98079967128533
5.1431198833419	0.98053278042356
5.1369509595613	0.98026217897131
5.1307968167037	0.97998787764950
5.1246574017094	0.97970988731544
5.1185326617722	0.97942821896189
5.1124225443383	0.97914288371618
5.1063269971044	0.97885389283931
5.1002459680163	0.97856125772494
5.0941794052676	0.97826498989853
5.0881272572980	0.97796510101636
5.0820894727920	0.97766160286455
5.0760660006773	0.97735450735810
5.0700567901235	0.97704382653991
5.0640617905405	0.97672957257982
5.0580809515775	0.97641175777355
5.0521142231210	0.97609039454173
5.0461615552937	0.97576549542890
5.0402228984533	0.97543707310244
5.0342982031906	0.97510514035155
5.0283874203287	0.97476971008625
5.0224905009214	0.97443079533625
5.0166073962517	0.97408840924997
5.0107380578305	0.97374256509342
5.0048824373957	0.97339327624913
4.9990404869101	0.97304055621509
4.9932121585610	0.97268441860365
4.9873974047579	0.97232487714042
4.9815961781323	0.97196194566315
4.9758084315353	0.97159563812063
4.9700341180371	0.97122596857159
4.9642731909256	0.97085295118354
4.9585256037049	0.97047660023164
4.9527913100942	0.97009693009760
4.9470702640264	0.96971395526847
4.9413624196473	0.96932769033555
4.9356677313138	0.96893814999320
4.9299861535932	0.96854534903765
4.9243176412615	0.96814930236590
4.9186621493027	0.96775002497447
4.9130196329072	0.96734753195827
4.9073900474709	0.96694183850938
4.9017733485939	0.96653295991589
4.8961694920790	0.96612091156067
4.8905784339315	0.96570570892018
4.8850001303569	0.96528736756329
4.8794345377604	0.96486590315002
4.8738816127459	0.96444133143036
4.8683413121143	0.96401366824306
4.8628135928629	0.96358292951435
4.8572984121841	0.96314913125677
4.8517957274640	0.96271228956794
4.8463054962819	0.96227242062926
4.8408276764088	0.96182954070474
4.8353622258065	0.96138366613975
4.8299091026261	0.96093481335972
4.8244682652076	0.96048299886896
4.8190396720784	0.96002823924938
4.8136232819525	0.95957055115922
4.8082190537289	0.95910995133185
4.8028269464915	0.95864645657443
4.7974469195071	0.95818008376673
4.7920789322251	0.95771084985982
4.7867229442759	0.95723877187483
4.7813789154705	0.95676386690167
4.7760468057989	0.95628615209776
4.7707265754297	0.95580564468680
4.7654181847083	0.95532236195743
4.7601215941569	0.95483632126204
4.7548367644726	0.95434754001545
4.7495636565272	0.95385603569363
4.7443022313657	0.95336182583249
4.7390524502055	0.95286492802651
4.7338142744355	0.95236535992757
4.7285876656151	0.95186313924360
4.7233725854735	0.95135828373735
4.7181689959081	0.95085081122510
4.7129768589844	0.95034073957539
4.7077961369347	0.94982808670776
4.7026267921569	0.94931287059146
4.6974687872140	0.94879510924419
4.6923220848333	0.94827482073083
4.6871866479049	0.94775202316217
4.6820624394815	0.94722673469367
4.6769494227769	0.94669897352415
4.6718475611657	0.94616875789454
4.6667568181818	0.94563610608665
4.6616771575183	0.94510103642187
4.6566085430258	0.94456356725994
4.6515509387122	0.94402371699767
4.6465043087415	0.94348150406773
4.6414686174330	0.94293694693733
4.6364438292607	0.94239006410705
4.6314299088522	0.94184087410953
4.6264268209877	0.94128939550827
4.6214345305997	0.94073564689638
4.6164530027718	0.94017964689533
4.6114822027380	0.93962141415372
4.6065220958820	0.93906096734608
4.6015726477360	0.93849832517161
4.5966338239804	0.93793350635298
4.5917055904426	0.93736652963509
4.5867879130967	0.93679741378388
4.5818807580621	0.93622617758511
4.5769840916031	0.93565283984315
4.5720978801281	0.93507741937979
4.5672220901889	0.93449993503303
4.5623566884797	0.93392040565590
4.5575016418364	0.93333885011527
4.5526569172361	0.93275528729066
4.5478224817961	0.93216973607308
4.5429983027731	0.93158221536383
4.5381843475628	0.93099274407337
4.5333805836988	0.93040134112014
4.5285869788520	0.92980802542938
4.5238035008299	0.92921281593202
4.5190301175761	0.92861573156353
4.5142667971691	0.92801679126274
4.5095135078219	0.92741601397078
4.5047702178813	0.92681341862988
4.5000368958271	0.92620902418230
4.4953135102714	0.92560284956917
4.4906000299581	0.92499491372944
4.4858964237618	0.92438523559873
4.4812026606876	0.92377383410828
4.4765187098701	0.92316072818380
4.4718445405728	0.92254593674445
4.4671801221875	0.92192947870174
4.4625254242334	0.92131137295845
4.4578804163569	0.92069163840760
4.4532450683304	0.92007029393138
4.4486193500519	0.91944735840009
4.4440032315446	0.91882285067114
4.4393966829557	0.91819678958797
4.4347996745562	0.91756919397909
4.4302121767401	0.91694008265699
4.4256341600236	0.91630947441720
4.4210655950450	0.91567738803724
4.4165064525633	0.91504384227565
4.4119567034584	0.91440885587102
4.4074163187298	0.91377244754099
4.4028852694963	0.91313463598127
4.3983635269953	0.91249543986472
4.3938510625824	0.91185487784037
4.3893478477306	0.91121296853249
4.3848538540295	0.91056973053964
4.3803690531853	0.90992518243376
4.3758934170194	0.90927934275924
4.3714269174686	0.90863223003201
4.3669695265841	0.90798386273865
4.3625212165309	0.90733425933548
4.3580819595871	0.90668343824772
4.3536517281441	0.90603141786854
4.3492304947048	0.90537821655827
4.3448182318841	0.90472385264348
4.3404149124077	0.90406834441620
4.3360205091119	0.90341171013302
4.3316349949429	0.90275396801428
4.3272583429561	0.90209513624327
4.3228905263158	0.90143523296538
4.3185315182944	0.90077427628735
4.3141812922723	0.90011228427641
4.3098398217366	0.89944927495955
4.3055070802815	0.89878526632274
4.3011830416069	0.89812027631014
4.2968676795184	0.89745432282333
4.2925609679267	0.89678742372064
4.2882628808468	0.89611959681634
4.2839733923978	0.89545085987991
4.2796924768023	0.89478123063539
4.2754201083856	0.89411072676060
4.2711562615757	0.89343936588648
4.2669009109024	0.89276716559640
4.2626540309967	0.89209414342545
4.2584155965909	0.89142031685981
4.2541855825174	0.89074570333605
4.2499639637085	0.89007032024052
4.2457507151961	0.88939418490868
4.2415458121109	0.88871731462446
4.2373492296820	0.88803972661968
4.2331609432364	0.88736143807340
4.2289809281986	0.88668246611132
4.2248091600902	0.88600282780522
4.2206456145291	0.88532254017234
4.2164902672293	0.88464162017481
4.2123430940003	0.88396008471911
4.2082040707468	0.88327795065550
4.2040731734680	0.88259523477748
4.1999503782572	0.88191195382125
4.1958356613016	0.88122812446519
4.1917289988814	0.88054376332934
4.1876303673697	0.87985888697490
4.1835397432319	0.87917351190374
4.1794571030252	0.87848765455789
4.1753824233983	0.87780133131909
4.1713156810909	0.87711455850831
4.1672568529330	0.87642735238531
4.1632059158450	0.87573972914814
4.1591628468368	0.87505170493277
4.1551276230076	0.87436329581264
4.1511002215453	0.87367451779819
4.1470806197261	0.87298538683654
4.1430687949143	0.87229591881100
4.1390647245616	0.87160612954076
4.1350683862069	0.87091603478044
4.1310797574755	0.87022565021978
4.1270988160793	0.86953499148321
4.1231255398157	0.86884407412957
4.1191599065677	0.86815291365170
4.1152018943034	0.86746152547617
4.1112514810752	0.86676992496290
4.1073086450199	0.86607812740487
4.1033733643581	0.86538614802780
4.0994456173937	0.86469400198988
4.0955253825137	0.86400170438145
4.0916126381875	0.86330927022476
4.0877073629670	0.86261671447364
4.0838095354856	0.86192405201329
4.0799191344584	0.86123129766001
4.0760361386812	0.86053846616097
4.0721605270307	0.85984557219394
4.0682922784638	0.85915263036711
4.0644313720174	0.85845965521884
4.0605777868075	0.85776666121746
4.0567315020298	0.85707366276110
4.0528924969582	0.85638067417743
4.0490607509454	0.85568770972355
4.0452362434219	0.85499478358579
4.0414189538959	0.85430190987953
4.0376088619529	0.85360910264905
4.0338059472551	0.85291637586740
4.0300101895416	0.85222374343624
4.0262215686274	0.85153121918572
4.0224400644036	0.85083881687435
4.0186656568365	0.85014655018887
4.0148983259676	0.84945443274417
4.0111380519133	0.84876247808319
4.0073848148643	0.84807069967678
4.0036385950855	0.84737911092370
3.9998993729153	0.84668772515046
3.9961671287657	0.84599655561129
3.9924418431216	0.84530561548811
3.9887234965407	0.84461491789042
3.9850120696531	0.84392447585527
3.9813075431607	0.84323430234725
3.9776098978373	0.84254441025843
3.9739191145281	0.84185481240838
3.9702351741491	0.84116552154407
3.9665580576872	0.84047655033995
3.9628877461996	0.83978791139792
3.9592242208135	0.83909961724729
3.9555674627260	0.83841168034487
3.9519174532033	0.83772411307493
3.9482741735809	0.83703692774925
3.9446376052632	0.83635013660716
3.9410077297226	0.83566375181556
3.9373845285001	0.83497778546898
3.9337679832043	0.83429224958964
3.9301580755113	0.83360715612749
3.9265547871644	0.83292251696029
3.9229580999738	0.83223834389367
3.9193679958164	0.83155464866123
3.9157844566353	0.83087144292462
3.9122074644395	0.83018873827360
3.9086370013038	0.82950654622619
3.9050730493682	0.82882487822871
3.9015155908381	0.82814374565596
3.8979646079834	0.82746315981128
3.8944200831385	0.82678313192667
3.8908819987021	0.82610367316298
3.8873503371369	0.82542479460995
3.8838250809690	0.82474650728644
3.8803062127880	0.82406882214048
3.8767937152463	0.82339175004950
3.8732875710594	0.82271530182043
3.8697877630050	0.82203948818988
3.8662942739231	0.82136431982432
3.8628070867156	0.82068980732019
3.8593261843460	0.82001596120415
3.8558515498392	0.81934279193320
3.8523831662812	0.81867030989489
3.8489210168186	0.81799852540750
3.8454650846588	0.81732744872024
3.8420153530693	0.81665709001343
3.8385718053777	0.81598745939873
3.8351344249712	0.81531856691931
3.8317031952965	0.81465042255011
3.8282780998595	0.81398303619797
3.8248591222251	0.81331641770196
3.8214462460166	0.81265057683351
3.8180394549159	0.81198552329669
3.8146387326632	0.81132126672839
3.8112440630562	0.81065781669863
3.8078554299505	0.80999518271072
3.8044728172589	0.80933337420154
3.8010962089514	0.80867240054180
3.7977255890550	0.80801227103625
3.7943609416530	0.80735299492396
3.7910022508852	0.80669458137856
3.7876495009476	0.80603703950851
3.7843026760919	0.80538037835734
3.7809617606256	0.80472460690397
3.7776267389113	0.80406973406290
3.7742975953670	0.80341576868453
3.7709743144654	0.80276271955544
3.7676568807339	0.80211059539864
3.7643452787544	0.80145940487384
3.7610394931627	0.80080915657779
3.7577395086488	0.80015985904448
3.7544453099562	0.79951152074550
3.7511568818819	0.79886415009029
3.7478742092762	0.79821775542644
3.7445972770422	0.79757234504000
3.7413260701360	0.79692792715574
3.7380605735661	0.79628450993746
3.7348007723932	0.79564210148832
3.7315466517301	0.79500070985111
3.7282981967417	0.79436034300856
3.7250553926441	0.79372100888364
3.7218182247052	0.79308271533988
3.7185866782436	0.79244547018166
3.7153607386293	0.79180928115455
3.7121403912828	0.79117415594558
3.7089256216751	0.79054010218359
3.7057164153276	0.78990712743951
3.7025127578115	0.78927523922672
3.6993146347483	0.78864444500131
3.6961220318087	0.78801475216243
3.6929349347130	0.78738616805262
3.6897533292308	0.78675869995811
3.6865772011805	0.78613235510911
3.6834065364295	0.78550714068021
3.6802413208937	0.78488306379061
3.6770815405372	0.78426013150453
3.6739271813725	0.78363835083144
3.6707782294600	0.78301772872647
3.6676346709078	0.78239827209068
3.6644964918714	0.78177998777140
3.6613636785540	0.78116288256253
3.6582362172056	0.78054696320492
3.6551140941234	0.77993223638665
3.6519972956511	0.77931870874334
3.6488858081792	0.77870638685853
3.6457796181442	0.77809527726396
3.6426787120292	0.77748538643990
3.6395830763628	0.77687672081548
3.6364926977196	0.77626928676904
3.6334075627197	0.77566309062839
3.6303276580286	0.77505813867119
3.6272529703569	0.77445443712525
3.6241834864603	0.77385199216885
3.6211191931393	0.77325080993108
3.6180600772387	0.77265089649211
3.6150061256481	0.77205225788358
3.6119573253012	0.77145490008888
3.6089136631756	0.77085882904345
3.6058751262930	0.77026405063514
3.6028417017185	0.76967057070450
3.5998133765610	0.76907839504511
3.5967901379724	0.76848752940386
3.5937719731479	0.76789797948132
3.5907588693257	0.76730975093199
3.5877508137865	0.76672284936467
3.5847477938539	0.76613728034272
3.5817497968937	0.76555304938439
3.5787568103140	0.76497016196313
3.5757688215649	0.76438862350790
3.5727858181385	0.76380843940343
3.5698077875685	0.76322961499059
3.5668347174301	0.76265215556663
3.5638665953400	0.76207606638552
3.5609034089559	0.76150135265822
3.5579451459767	0.76092801955299
3.5549917941421	0.76035607219568
3.5520433412322	0.75978551567002
3.5490997750681	0.75921635501790
3.5461610835108	0.75864859523967
3.5432272544616	0.75808224129443
3.5402982758621	0.75751729810030
3.5373741356932	0.75695377053470
3.5344548219759	0.75639166343464
3.5315403227706	0.75583098159699
3.5286306261770	0.75527172977877
3.5257257203340	0.75471391269738
3.5228255934195	0.75415753503091
3.5199302336503	0.75360260141842
3.5170396292820	0.75304911646014
3.5141537686086	0.75249708471779
3.5112726399625	0.75194651071483
3.5083962317145	0.75139739893671
3.5055245322732	0.75084975383110
3.5026575300853	0.75030357980819
3.4997952136353	0.74975888124091
3.4969375714452	0.74921566246519
3.4940845920746	0.74867392778019
3.4912362641202	0.74813368144853
3.4883925762160	0.74759492769659
3.4855535170329	0.74705767071465
3.4827190752788	0.74652191465723
3.4798892396982	0.74598766364321
3.4770639990721	0.74545492175615
3.4742433422181	0.74492369304446
3.4714272579898	0.74439398152165
3.4686157352771	0.74386579116650
3.4658087630058	0.74333912592335
3.4630063301375	0.74281398970225
3.4602084256694	0.74229038637919
3.4574150386345	0.74176831979630
3.4546261581009	0.74124779376206
3.4518417731721	0.74072881205151
3.4490618729867	0.74021137840641
3.4462864467180	0.73969549653548
3.4435154835745	0.73918117011452
3.4407489727993	0.73866840278669
3.4379869036697	0.73815719816261
3.4352292654979	0.73764755982059
3.4324760476300	0.73713949130677
3.4297272394463	0.73663299613532
3.4269828303612	0.73612807778861
3.4242428098230	0.73562473971735
3.4215071673134	0.73512298534077
3.4187758923480	0.73462281804680
3.4160489744758	0.73412424119217
3.4133264032791	0.73362725810262
3.4106081683732	0.73313187207302
3.4078942594066	0.73263808636751
3.4051846660609	0.73214590421966
3.4024793780502	0.73165532883261
3.3997783851213	0.73116636337917
3.3970816770538	0.73067901100199
3.3943892436594	0.73019327481368
3.3917010747822	0.72970915789693
3.3890171602984	0.72922666330461
3.3863374901163	0.72874579405992
3.3836620541761	0.72826655315649
3.3809908424495	0.72778894355849
3.3783238449403	0.72731296820072
3.3756610516834	0.72683862998876
3.3730024527453	0.72636593179902
3.3703480382237	0.72589487647885
3.3676977982476	0.72542546684665
3.3650517229768	0.72495770569194
3.3624098026021	0.72449159577546
3.3597720273451	0.72402713982921
3.3571383874580	0.72356434055661
3.3545088732237	0.72310320063249
3.3518834749553	0.72264372270322
3.3492621829963	0.72218590938672
3.3466449877205	0.72172976327260
3.3440318795315	0.72127528692214
3.3414228488631	0.72082248286843
3.3388178861789	0.72037135361633
3.3362169819720	0.71992190164261
3.3336201267653	0.71947412939593
3.3310273111111	0.71902803929692
