#Parameters = {thARC=0; nARC=2.5; thsub=1; p=1; nSub=3.75}
#"Wavelength / um"	"T (631) [Real Part]"
#---------------------------------------
14.989622900000	0.66482000083373
14.937342202292	0.66484264775323
14.885424925521	0.66486467166059
14.833867293419	0.66488608121701
14.782665581854	0.66490688502631
14.731816117936	0.66492709163476
14.681315279138	0.66494670953082
14.631159492435	0.66496574714499
14.581345233463	0.66498421284957
14.531869025691	0.66500211495855
14.482727439614	0.66501946172737
14.433917091960	0.66503626135281
14.385434644914	0.66505252197280
14.337276805356	0.66506825166629
14.289440324118	0.66508345845311
14.241921995249	0.66509815029383
14.194718655303	0.66511233508966
14.147827182633	0.66512602068229
14.101244496707	0.66513921485384
14.054967557431	0.66515192532671
14.008993364486	0.66516415976352
13.963318956684	0.66517592576700
13.917941411328	0.66518723087995
13.872857843591	0.66519808258511
13.828065405904	0.66520848830517
13.783561287356	0.66521845540265
13.739342713107	0.66522799117989
13.695406943810	0.66523710287901
13.651751275046	0.66524579768183
13.608373036768	0.66525408270993
13.565269592760	0.66526196502451
13.522438340099	0.66526945162649
13.479876708633	0.66527654945645
13.437582160466	0.66528326539462
13.395552189455	0.66528960626091
13.353784320713	0.66529557881492
13.312276110124	0.66530118975595
13.271025143869	0.66530644572302
13.230029037952	0.66531135329494
13.189285437747	0.66531591899029
13.148792017544	0.66532014926751
13.108546480105	0.66532405052494
13.068546556234	0.66532762910088
13.028790004346	0.66533089127362
12.989274610052	0.66533384326156
12.949998185745	0.66533649122325
12.910958570198	0.66533884125748
12.872153628167	0.66534089940335
12.833581250000	0.66534267164042
12.795239351259	0.66534416388871
12.757125872340	0.66534538200889
12.719238778108	0.66534633180235
12.681576057530	0.66534701901132
12.644135723323	0.66534744931897
12.606915811606	0.66534762834956
12.569914381551	0.66534756166857
12.533129515050	0.66534725478280
12.496559316382	0.66534671314055
12.460201911887	0.66534594213173
12.424055449648	0.66534494708805
12.388118099174	0.66534373328311
12.352388051092	0.66534230593263
12.316863516845	0.66534067019454
12.281542728390	0.66533883116924
12.246423937908	0.66533679389966
12.211505417515	0.66533456337153
12.176785458976	0.66533214451350
12.142262373431	0.66532954219737
12.107934491115	0.66532676123823
12.073800161095	0.66532380639472
12.039857751004	0.66532068236917
12.006105646776	0.66531739380778
11.972542252396	0.66531394530092
11.939165989646	0.66531034138327
11.905975297855	0.66530658653402
11.872968633663	0.66530268517714
11.840144470774	0.66529864168158
11.807501299724	0.66529446036144
11.775037627651	0.66529014547631
11.742751978065	0.66528570123139
11.710642890625	0.66528113177778
11.678708920919	0.66527644121272
11.646948640249	0.66527163357981
11.615360635413	0.66526671286926
11.583943508501	0.66526168301816
11.552695876686	0.66525654791069
11.521616372022	0.66525131137841
11.490703641242	0.66524597720051
11.459956345566	0.66524054910403
11.429373160503	0.66523503076419
11.398952775665	0.66522942580460
11.368693894577	0.66522373779757
11.338595234493	0.66521797026432
11.308655526217	0.66521212667534
11.278873513920	0.66520621045058
11.249247954972	0.66520022495979
11.219777619760	0.66519417352276
11.190461291527	0.66518805940965
11.161297766195	0.66518188584121
11.132285852209	0.66517565598913
11.103424370370	0.66516937297631
11.074712153676	0.66516303987712
11.046148047163	0.66515665971774
11.017730907755	0.66515023547645
10.989459604106	0.66514377008389
10.961333016453	0.66513726642341
10.933350036470	0.66513072733133
10.905509567115	0.66512415559728
10.877810522496	0.66511755396449
10.850251827723	0.66511092513009
10.822832418773	0.66510427174543
10.795551242348	0.66509759641638
10.768407255747	0.66509090170367
10.741399426729	0.66508419012317
10.714526733381	0.66507746414621
10.687788163993	0.66507072619994
10.661182716927	0.66506397866759
10.634709400497	0.66505722388882
10.608367232838	0.66505046416004
10.582155241793	0.66504370173472
10.556072464789	0.66503693882375
10.530117948718	0.66503017759570
10.504290749825	0.66502342017720
10.478589933590	0.66501666865325
10.453014574616	0.66500992506754
10.427563756522	0.66500319142280
10.402236571825	0.66499646968108
10.377032121841	0.66498976176416
10.351949516575	0.66498306955380
10.326987874612	0.66497639489212
10.302146323024	0.66496973958193
10.277423997257	0.66496310538703
10.252820041040	0.66495649403259
10.228333606278	0.66494990720545
10.203963852961	0.66494334655447
10.179709949066	0.66493681369087
10.155571070461	0.66493031018853
10.131546400811	0.66492383758438
10.107635131490	0.66491739737870
10.083836461487	0.66491099103548
10.060149597315	0.66490461998274
10.036573752929	0.66489828561285
10.013108149633	0.66489198928293
9.9897520159947	0.66488573231512
9.9665045877660	0.66487951599695
9.9433651077944	0.66487334158169
9.9203328259431	0.66486721028866
9.8974069990096	0.66486112330357
9.8745868906456	0.66485508177891
9.8518717712783	0.66484908683419
9.8292609180328	0.66484313955639
9.8067536146549	0.66483724100021
9.7843491514360	0.66483139218846
9.7620468251384	0.66482559411236
9.7398459389214	0.66481984773191
9.7177458022690	0.66481415397621
9.6957457309185	0.66480851374381
9.6738450467893	0.66480292790302
9.6520430779137	0.66479739729226
9.6303391583681	0.66479192272043
9.6087326282051	0.66478650496718
9.5872228333866	0.66478114478329
9.5658091257179	0.66477584289099
9.5444908627826	0.66477059998432
9.5232674078780	0.66476541672939
9.5021381299525	0.66476029376482
9.4811024035421	0.66475523170197
9.4601596087094	0.66475023112533
9.4393091309824	0.66474529259285
9.4185503612944	0.66474041663623
9.3978826959248	0.66473560376130
9.3773055364404	0.66473085444831
9.3568182896380	0.66472616915227
9.3364203674868	0.66472154830328
9.3161111870727	0.66471699230687
9.2958901705426	0.66471250154428
9.2757567450495	0.66470807637283
9.2557103426984	0.66470371712622
9.2357504004929	0.66469942411488
9.2158763602828	0.66469519762623
9.1960876687117	0.66469103792508
9.1763837771656	0.66468694525388
9.1567641417227	0.66468291983308
9.1372282231027	0.66467896186143
9.1177754866180	0.66467507151631
9.0984054021244	0.66467124895403
9.0791174439733	0.66466749431014
9.0599110909640	0.66466380769975
9.0407858262967	0.66466018921786
9.0217411375263	0.66465663893964
9.0027765165165	0.66465315692076
8.9838914593947	0.66464974319766
8.9650854665072	0.66464639778793
8.9463580423754	0.66464312069053
8.9277086956522	0.66463991188615
8.9091369390788	0.66463677133750
8.8906422894425	0.66463369898960
8.8722242675348	0.66463069477009
8.8538823981099	0.66462775858950
8.8356162098438	0.66462489034161
8.8174252352941	0.66462208990368
8.7993090108600	0.66461935713676
8.7812670767428	0.66461669188602
8.7632989769073	0.66461409398099
8.7454042590432	0.66461156323587
8.7275824745269	0.66460909944983
8.7098331783847	0.66460670240728
8.6921559292549	0.66460437187815
8.6745502893519	0.66460210761820
8.6570158244297	0.66459990936925
8.6395521037464	0.66459777685953
8.6221587000288	0.66459570980390
8.6048351894374	0.66459370790414
8.5875811515325	0.66459177084924
8.5703961692396	0.66458989831567
8.5532798288160	0.66458808996762
8.5362317198178	0.66458634545734
8.5192514350668	0.66458466442531
8.5023385706183	0.66458304650058
8.4854927257288	0.66458149130103
8.4687135028249	0.66457999843359
8.4520005074711	0.66457856749452
8.4353533483399	0.66457719806970
8.4187716371806	0.66457588973484
8.4022549887892	0.66457464205577
8.3858030209790	0.66457345458867
8.3694153545505	0.66457232688032
8.3530916132627	0.66457125846839
8.3368314238042	0.66457024888164
8.3206344157646	0.66456929764018
8.3045002216066	0.66456840425573
8.2884284766381	0.66456756823184
8.2724188189845	0.66456678906414
8.2564708895621	0.66456606624059
8.2405843320506	0.66456539924170
8.2247587928669	0.66456478754077
8.2089939211391	0.66456423060411
8.1932893686800	0.66456372789130
8.1776447899618	0.66456327885539
8.1620598420909	0.66456288294314
8.1465341847826	0.66456253959524
8.1310674803363	0.66456224824654
8.1156593936113	0.66456200832625
8.1003095920022	0.66456181925819
8.0850177454153	0.66456168046099
8.0697835262450	0.66456159134830
8.0546066093498	0.66456155132899
8.0394866720300	0.66456155980740
8.0244233940043	0.66456161618352
8.0094164573871	0.66456171985320
7.9944655466667	0.66456187020836
7.9795703486825	0.66456206663718
7.9647305526036	0.66456230852431
7.9499458499072	0.66456259525109
7.9352159343568	0.66456292619568
7.9205405019815	0.66456330073334
7.9059192510549	0.66456371823656
7.8913518820742	0.66456417807526
7.8768380977404	0.66456467961701
7.8623776029373	0.66456522222716
7.8479701047120	0.66456580526910
7.8336153122550	0.66456642810435
7.8193129368805	0.66456709009281
7.8050626920073	0.66456779059293
7.7908642931393	0.66456852896184
7.7767174578470	0.66456930455557
7.7626219057483	0.66457011672919
7.7485773584906	0.66457096483702
7.7345835397317	0.66457184823273
7.7206401751223	0.66457276626958
7.7067469922879	0.66457371830052
7.6929037208109	0.66457470367839
7.6791100922131	0.66457572175607
7.6653658399386	0.66457677188662
7.6516706993364	0.66457785342345
7.6380244076433	0.66457896572046
7.6244267039674	0.66458010813223
7.6108773292714	0.66458128001409
7.5973760263558	0.66458248072234
7.5839225398432	0.66458370961436
7.5705166161616	0.66458496604876
7.5571580035291	0.66458624938551
7.5438464519376	0.66458755898608
7.5305817131374	0.66458889421358
7.5173635406219	0.66459025443291
7.5041916896120	0.66459163901084
7.4910659170415	0.66459304731620
7.4779859815415	0.66459447871998
7.4649516434263	0.66459593259542
7.4519626646781	0.66459740831821
7.4390188089330	0.66459890526654
7.4261198414664	0.66460042282124
7.4132655291790	0.66460196036594
7.4004556405826	0.66460351728710
7.3876899457861	0.66460509297420
7.3749682164822	0.66460668681980
7.3622902259332	0.66460829821970
7.3496557489581	0.66460992657297
7.3370645619187	0.66461157128213
7.3245164427071	0.66461323175322
7.3120111707317	0.66461490739588
7.2995485269053	0.66461659762349
7.2871282936315	0.66461830185323
7.2747502547925	0.66462001950620
7.2624141957364	0.66462175000749
7.2501199032648	0.66462349278631
7.2378671656205	0.66462524727601
7.2256557724753	0.66462701291423
7.2134855149182	0.66462878914296
7.2013561854432	0.66463057540862
7.1892675779376	0.66463237116214
7.1772194876706	0.66463417585903
7.1652117112811	0.66463598895950
7.1532440467669	0.66463780992846
7.1413162934731	0.66463963823567
7.1294282520809	0.66464147335577
7.1175797245964	0.66464331476832
7.1057705143399	0.66464516195795
7.0940004259347	0.66464701441433
7.0822692652965	0.66464887163232
7.0705768396226	0.66465073311195
7.0589229573817	0.66465259835856
7.0473074283028	0.66465446688277
7.0357300633654	0.66465633820063
7.0241906747891	0.66465821183358
7.0126890760234	0.66466008730858
7.0012250817375	0.66466196415812
6.9897985078107	0.66466384192027
6.9784091713222	0.66466572013874
6.9670568905415	0.66466759836289
6.9557414849188	0.66466947614785
6.9444627750753	0.66467135305447
6.9332205827937	0.66467322864940
6.9220147310090	0.66467510250517
6.9108450437990	0.66467697420012
6.8997113463751	0.66467884331856
6.8886134650735	0.66468070945071
6.8775512273457	0.66468257219275
6.8665244617499	0.66468443114689
6.8555329979419	0.66468628592134
6.8445766666667	0.66468813613039
6.8336552997493	0.66468998139438
6.8227687300865	0.66469182133978
6.8119167916383	0.66469365559915
6.8010993194192	0.66469548381121
6.7903161494904	0.66469730562083
6.7795671189507	0.66469912067907
6.7688520659291	0.66470092864315
6.7581708295762	0.66470272917651
6.7475232500563	0.66470452194879
6.7369091685393	0.66470630663588
6.7263284271932	0.66470808291987
6.7157808691756	0.66470985048909
6.7052663386267	0.66471160903814
6.6947846806610	0.66471335826783
6.6843357413601	0.66471509788524
6.6739193677649	0.66471682760370
6.6635354078684	0.66471854714277
6.6531837106081	0.66472025622829
6.6428641258586	0.66472195459232
6.6325765044248	0.66472364197316
6.6223206980340	0.66472531811534
6.6120965593295	0.66472698276962
6.6019039418630	0.66472863569299
6.5917427000879	0.66473027664862
6.5816126893524	0.66473190540589
6.5715137658922	0.66473352174036
6.5614457868243	0.66473512543375
6.5514086101399	0.66473671627394
6.5414020946978	0.66473829405493
6.5314261002179	0.66473985857686
6.5214804872743	0.66474140964594
6.5115651172893	0.66474294707449
6.5016798525266	0.66474447068086
6.4918245560849	0.66474598028943
6.4819990918919	0.66474747573060
6.4722033246978	0.66474895684076
6.4624371200690	0.66475042346224
6.4527003443823	0.66475187544331
6.4429928648184	0.66475331263814
6.4333145493562	0.66475473490676
6.4236652667667	0.66475614211505
6.4140448866068	0.66475753413470
6.4044532792138	0.66475891084318
6.3948903156997	0.66476027212369
6.3853558679446	0.66476161786513
6.3758498085921	0.66476294796210
6.3663720110427	0.66476426231480
6.3569223494487	0.66476556082904
6.3475006987084	0.66476684341620
6.3381069344609	0.66476810999316
6.3287409330800	0.66476936048227
6.3194025716695	0.66477059481135
6.3100917280572	0.66477181291356
6.3008082807902	0.66477301472746
6.2915521091291	0.66477420019688
6.2823230930427	0.66477536927093
6.2731211132036	0.66477652190391
6.2639460509820	0.66477765805530
6.2547977884415	0.66477877768972
6.2456762083333	0.66477988077682
6.2365811940919	0.66478096729131
6.2275126298297	0.66478203721283
6.2184704003319	0.66478309052599
6.2094543910522	0.66478412722024
6.2004644881075	0.66478514728984
6.1915005782734	0.66478615073385
6.1825625489792	0.66478713755600
6.1736502883031	0.66478810776472
6.1647636849681	0.66478906137301
6.1559026283368	0.66478999839843
6.1470670084068	0.66479091886304
6.1382567158067	0.66479182279332
6.1294716417910	0.66479271022016
6.1207116782360	0.66479358117873
6.1119767176351	0.66479443570850
6.1032666530945	0.66479527385312
6.0945813783289	0.66479609566040
6.0859207876573	0.66479690118223
6.0772847759984	0.66479769047453
6.0686732388664	0.66479846359718
6.0600860723671	0.66479922061399
6.0515231731934	0.66479996159257
6.0429844386212	0.66480068660435
6.0344697665056	0.66480139572447
6.0259790552764	0.66480208903171
6.0175122039342	0.66480276660847
6.0090691120465	0.66480342854067
6.0006496797438	0.66480407491770
5.9922538077154	0.66480470583234
5.9838813972056	0.66480532138074
5.9755323500100	0.66480592166230
5.9672065684713	0.66480650677965
5.9589039554760	0.66480707683854
5.9506244144502	0.66480763194783
5.9423678493558	0.66480817221938
5.9341341646873	0.66480869776801
5.9259232654675	0.66480920871142
5.9177350572444	0.66480970517011
5.9095694460871	0.66481018726737
5.9014263385827	0.66481065512916
5.8933056418321	0.66481110888404
5.8852072634472	0.66481154866315
5.8771311115468	0.66481197460011
5.8690770947533	0.66481238683096
5.8610451221896	0.66481278549410
5.8530351034752	0.66481317073020
5.8450469487229	0.66481354268217
5.8370805685358	0.66481390149507
5.8291358740035	0.66481424731604
5.8212127766990	0.66481458029426
5.8133111886756	0.66481490058083
5.8054310224632	0.66481520832876
5.7975721910656	0.66481550369289
5.7897346079567	0.66481578682980
5.7819181870781	0.66481605789775
5.7741228428351	0.66481631705664
5.7663484900942	0.66481656446792
5.7585950441798	0.66481680029453
5.7508624208709	0.66481702470082
5.7431505363985	0.66481723785252
5.7354593074421	0.66481743991662
5.7277886511272	0.66481763106138
5.7201384850219	0.66481781145618
5.7125087271341	0.66481798127152
5.7048992959087	0.66481814067893
5.6973101102242	0.66481828985089
5.6897410893908	0.66481842896081
5.6821921531463	0.66481855818290
5.6746632216544	0.66481867769218
5.6671542155009	0.66481878766437
5.6596650556919	0.66481888827582
5.6521956636501	0.66481897970349
5.6447459612126	0.66481906212485
5.6373158706281	0.66481913571783
5.6299053145540	0.66481920066075
5.6225142160540	0.66481925713228
5.6151424985952	0.66481930531136
5.6077900860456	0.66481934537713
5.6004569026714	0.66481937750892
5.5931428731343	0.66481940188611
5.5858479224893	0.66481941868814
5.5785719761816	0.66481942809442
5.5713149600446	0.66481943028427
5.5640768002970	0.66481942543688
5.5568574235403	0.66481941373121
5.5496567567568	0.66481939534601
5.5424747273063	0.66481937045966
5.5353112629247	0.66481933925022
5.5281662917204	0.66481930189530
5.5210397421731	0.66481925857201
5.5139315431304	0.66481920945696
5.5068416238060	0.66481915472613
5.4997699137773	0.66481909455489
5.4927163429828	0.66481902911789
5.4856808417200	0.66481895858903
5.4786633406433	0.66481888314141
5.4716637707611	0.66481880294727
5.4646820634342	0.66481871817796
5.4577181503732	0.66481862900385
5.4507719636364	0.66481853559432
5.4438434356274	0.66481843811769
5.4369324990932	0.66481833674117
5.4300390871219	0.66481823163084
5.4231631331404	0.66481812295155
5.4163045709124	0.66481801086692
5.4094633345363	0.66481789553929
5.4026393584430	0.66481777712963
5.3958325773938	0.66481765579757
5.3890429264785	0.66481753170129
5.3822703411131	0.66481740499749
5.3755147570378	0.66481727584139
5.3687761103152	0.66481714438663
5.3620543373278	0.66481701078527
5.3553493747767	0.66481687518773
5.3486611596789	0.66481673774276
5.3419896293656	0.66481659859740
5.3353347214807	0.66481645789691
5.3286963739780	0.66481631578481
5.3220745251198	0.66481617240274
5.3154691134752	0.66481602789052
5.3088800779175	0.66481588238606
5.3023073576229	0.66481573602533
5.2957508920685	0.66481558894235
5.2892106210303	0.66481544126911
5.2826864845815	0.66481529313561
5.2761784230905	0.66481514466977
5.2696863772192	0.66481499599741
5.2632102879213	0.66481484724224
5.2567500964405	0.66481469852580
5.2503057443082	0.66481454996748
5.2438771733427	0.66481440168445
5.2374643256464	0.66481425379163
5.2310671436050	0.66481410640169
5.2246855698850	0.66481395962504
5.2183195474326	0.66481381356975
5.2119690194715	0.66481366834157
5.2056339295016	0.66481352404389
5.1993142212973	0.66481338077775
5.1930098389052	0.66481323864175
5.1867207266436	0.66481309773210
5.1804468290997	0.66481295814258
5.1741880911288	0.66481281996451
5.1679444578521	0.66481268328672
5.1617158746556	0.66481254819558
5.1555022871883	0.66481241477493
5.1493036413604	0.66481228310611
5.1431198833419	0.66481215326792
5.1369509595613	0.66481202533661
5.1307968167037	0.66481189938589
5.1246574017094	0.66481177548686
5.1185326617722	0.66481165370809
5.1124225443383	0.66481153411552
5.1063269971044	0.66481141677250
5.1002459680163	0.66481130173979
5.0941794052676	0.66481118907551
5.0881272572980	0.66481107883517
5.0820894727920	0.66481097107165
5.0760660006773	0.66481086583521
5.0700567901235	0.66481076317345
5.0640617905405	0.66481066313137
5.0580809515775	0.66481056575128
5.0521142231210	0.66481047107289
5.0461615552937	0.66481037913324
5.0402228984533	0.66481028996675
5.0342982031906	0.66481020360517
5.0283874203287	0.66481012007765
5.0224905009214	0.66481003941068
5.0166073962517	0.66480996162810
5.0107380578305	0.66480988675117
5.0048824373957	0.66480981479849
4.9990404869101	0.66480974578606
4.9932121585610	0.66480967972726
4.9873974047579	0.66480961663289
4.9815961781323	0.66480955651113
4.9758084315353	0.66480949936760
4.9700341180371	0.66480944520535
4.9642731909256	0.66480939402485
4.9585256037049	0.66480934582404
4.9527913100942	0.66480930059830
4.9470702640264	0.66480925834053
4.9413624196473	0.66480921904108
4.9356677313138	0.66480918268782
4.9299861535932	0.66480914926617
4.9243176412615	0.66480911875905
4.9186621493027	0.66480909114696
4.9130196329072	0.66480906640798
4.9073900474709	0.66480904451778
4.9017733485939	0.66480902544964
4.8961694920790	0.66480900917449
4.8905784339315	0.66480899566091
4.8850001303569	0.66480898487514
4.8794345377604	0.66480897678117
4.8738816127459	0.66480897134068
4.8683413121143	0.66480896851310
4.8628135928629	0.66480896825567
4.8572984121841	0.66480897052338
4.8517957274640	0.66480897526911
4.8463054962819	0.66480898244354
4.8408276764088	0.66480899199527
4.8353622258065	0.66480900387080
4.8299091026261	0.66480901801457
4.8244682652076	0.66480903436900
4.8190396720784	0.66480905287450
4.8136232819525	0.66480907346954
4.8082190537289	0.66480909609062
4.8028269464915	0.66480912067237
4.7974469195071	0.66480914714754
4.7920789322251	0.66480917544704
4.7867229442759	0.66480920549999
4.7813789154705	0.66480923723375
4.7760468057989	0.66480927057393
4.7707265754297	0.66480930544449
4.7654181847083	0.66480934176768
4.7601215941569	0.66480937946419
4.7548367644726	0.66480941845308
4.7495636565272	0.66480945865191
4.7443022313657	0.66480949997671
4.7390524502055	0.66480954234206
4.7338142744355	0.66480958566114
4.7285876656151	0.66480962984570
4.7233725854735	0.66480967480621
4.7181689959081	0.66480972045180
4.7129768589844	0.66480976669036
4.7077961369347	0.66480981342856
4.7026267921569	0.66480986057193
4.6974687872140	0.66480990802485
4.6923220848333	0.66480995569062
4.6871866479049	0.66481000347151
4.6820624394815	0.66481005126880
4.6769494227769	0.66481009898283
4.6718475611657	0.66481014651303
4.6667568181818	0.66481019375799
4.6616771575183	0.66481024061549
4.6566085430258	0.66481028698254
4.6515509387122	0.66481033275544
4.6465043087415	0.66481037782985
4.6414686174330	0.66481042210079
4.6364438292607	0.66481046546273
4.6314299088522	0.66481050780960
4.6264268209877	0.66481054903487
4.6214345305997	0.66481058903162
4.6164530027718	0.66481062769250
4.6114822027380	0.66481066490990
4.6065220958820	0.66481070057591
4.6015726477360	0.66481073458239
4.5966338239804	0.66481076682105
4.5917055904426	0.66481079718349
4.5867879130967	0.66481082556121
4.5818807580621	0.66481085184573
4.5769840916031	0.66481087592857
4.5720978801281	0.66481089770138
4.5672220901889	0.66481091705591
4.5623566884797	0.66481093388412
4.5575016418364	0.66481094807821
4.5526569172361	0.66481095953066
4.5478224817961	0.66481096813433
4.5429983027731	0.66481097378245
4.5381843475628	0.66481097636870
4.5333805836988	0.66481097578729
4.5285869788520	0.66481097193296
4.5238035008299	0.66481096470108
4.5190301175761	0.66481095398766
4.5142667971691	0.66481093968944
4.5095135078219	0.66481092170392
4.5047702178813	0.66481089992941
4.5000368958271	0.66481087426512
4.4953135102714	0.66481084461114
4.4906000299581	0.66481081086856
4.4858964237618	0.66481077293951
4.4812026606876	0.66481073072718
4.4765187098701	0.66481068413589
4.4718445405728	0.66481063307115
4.4671801221875	0.66481057743971
4.4625254242334	0.66481051714959
4.4578804163569	0.66481045211017
4.4532450683304	0.66481038223220
4.4486193500519	0.66481030742788
4.4440032315446	0.66481022761090
4.4393966829557	0.66481014269647
4.4347996745562	0.66481005260143
4.4302121767401	0.66480995724422
4.4256341600236	0.66480985654500
4.4210655950450	0.66480975042566
4.4165064525633	0.66480963880987
4.4119567034584	0.66480952162315
4.4074163187298	0.66480939879289
4.4028852694963	0.66480927024844
4.3983635269953	0.66480913592110
4.3938510625824	0.66480899574423
4.3893478477306	0.66480884965323
4.3848538540295	0.66480869758566
4.3803690531853	0.66480853948121
4.3758934170194	0.66480837528181
4.3714269174686	0.66480820493164
4.3669695265841	0.66480802837717
4.3625212165309	0.66480784556725
4.3580819595871	0.66480765645308
4.3536517281441	0.66480746098832
4.3492304947048	0.66480725912910
4.3448182318841	0.66480705083406
4.3404149124077	0.66480683606440
4.3360205091119	0.66480661478393
4.3316349949429	0.66480638695909
4.3272583429561	0.66480615255900
4.3228905263158	0.66480591155550
4.3185315182944	0.66480566392319
4.3141812922723	0.66480540963945
4.3098398217366	0.66480514868451
4.3055070802815	0.66480488104145
4.3011830416069	0.66480460669626
4.2968676795184	0.66480432563787
4.2925609679267	0.66480403785816
4.2882628808468	0.66480374335205
4.2839733923978	0.66480344211746
4.2796924768023	0.66480313415539
4.2754201083856	0.66480281946996
4.2711562615757	0.66480249806838
4.2669009109024	0.66480216996105
4.2626540309967	0.66480183516154
4.2584155965909	0.66480149368663
4.2541855825174	0.66480114555634
4.2499639637085	0.66480079079398
4.2457507151961	0.66480042942612
4.2415458121109	0.66480006148265
4.2373492296820	0.66479968699681
4.2331609432364	0.66479930600518
4.2289809281986	0.66479891854773
4.2248091600902	0.66479852466783
4.2206456145291	0.66479812441226
4.2164902672293	0.66479771783125
4.2123430940003	0.66479730497845
4.2082040707468	0.66479688591102
4.2040731734680	0.66479646068958
4.1999503782572	0.66479602937824
4.1958356613016	0.66479559204464
4.1917289988814	0.66479514875992
4.1876303673697	0.66479469959876
4.1835397432319	0.66479424463938
4.1794571030252	0.66479378396354
4.1753824233983	0.66479331765657
4.1713156810909	0.66479284580735
4.1672568529330	0.66479236850832
4.1632059158450	0.66479188585548
4.1591628468368	0.66479139794843
4.1551276230076	0.66479090489032
4.1511002215453	0.66479040678785
4.1470806197261	0.66478990375134
4.1430687949143	0.66478939589462
4.1390647245616	0.66478888333512
4.1350683862069	0.66478836619379
4.1310797574755	0.66478784459517
4.1270988160793	0.66478731866731
4.1231255398157	0.66478678854179
4.1191599065677	0.66478625435372
4.1152018943034	0.66478571624171
4.1112514810752	0.66478517434787
4.1073086450199	0.66478462881778
4.1033733643581	0.66478407980049
4.0994456173937	0.66478352744848
4.0955253825137	0.66478297191766
4.0916126381875	0.66478241336735
4.0877073629670	0.66478185196024
4.0838095354856	0.66478128786238
4.0799191344584	0.66478072124316
4.0760361386812	0.66478015227525
4.0721605270307	0.66477958113463
4.0682922784638	0.66477900800050
4.0644313720174	0.66477843305529
4.0605777868075	0.66477785648461
4.0567315020298	0.66477727847720
4.0528924969582	0.66477669922495
4.0490607509454	0.66477611892278
4.0452362434219	0.66477553776867
4.0414189538959	0.66477495596360
4.0376088619529	0.66477437371149
4.0338059472551	0.66477379121918
4.0300101895416	0.66477320869634
4.0262215686274	0.66477262635550
4.0224400644036	0.66477204441194
4.0186656568365	0.66477146308363
4.0148983259676	0.66477088259124
4.0111380519133	0.66477030315804
4.0073848148643	0.66476972500985
4.0036385950855	0.66476914837498
3.9998993729153	0.66476857348418
3.9961671287657	0.66476800057061
3.9924418431216	0.66476742986969
3.9887234965407	0.66476686161914
3.9850120696531	0.66476629605884
3.9813075431607	0.66476573343080
3.9776098978373	0.66476517397906
3.9739191145281	0.66476461794966
3.9702351741491	0.66476406559053
3.9665580576872	0.66476351715143
3.9628877461996	0.66476297288389
3.9592242208135	0.66476243304110
3.9555674627260	0.66476189787785
3.9519174532033	0.66476136765044
3.9482741735809	0.66476084261661
3.9446376052632	0.66476032303543
3.9410077297226	0.66475980916723
3.9373845285001	0.66475930127353
3.9337679832043	0.66475879961690
3.9301580755113	0.66475830446091
3.9265547871644	0.66475781607001
3.9229580999738	0.66475733470945
3.9193679958164	0.66475686064519
3.9157844566353	0.66475639414375
3.9122074644395	0.66475593547218
3.9086370013038	0.66475548489790
3.9050730493682	0.66475504268860
3.9015155908381	0.66475460911218
3.8979646079834	0.66475418443658
3.8944200831385	0.66475376892971
3.8908819987021	0.66475336285931
3.8873503371369	0.66475296649286
3.8838250809690	0.66475258009743
3.8803062127880	0.66475220393959
3.8767937152463	0.66475183828530
3.8732875710594	0.66475148339972
3.8697877630050	0.66475113954718
3.8662942739231	0.66475080699097
3.8628070867156	0.66475048599328
3.8593261843460	0.66475017681500
3.8558515498392	0.66474987971565
3.8523831662812	0.66474959495320
3.8489210168186	0.66474932278398
3.8454650846588	0.66474906346249
3.8420153530693	0.66474881724130
3.8385718053777	0.66474858437088
3.8351344249712	0.66474836509949
3.8317031952965	0.66474815967299
3.8282780998595	0.66474796833473
3.8248591222251	0.66474779132538
3.8214462460166	0.66474762888279
3.8180394549159	0.66474748124183
3.8146387326632	0.66474734863424
3.8112440630562	0.66474723128846
3.8078554299505	0.66474712942947
3.8044728172589	0.66474704327867
3.8010962089514	0.66474697305365
3.7977255890550	0.66474691896808
3.7943609416530	0.66474688123153
3.7910022508852	0.66474686004927
3.7876495009476	0.66474685562214
3.7843026760919	0.66474686814636
3.7809617606256	0.66474689781336
3.7776267389113	0.66474694480959
3.7742975953670	0.66474700931636
3.7709743144654	0.66474709150966
3.7676568807339	0.66474719155995
3.7643452787544	0.66474730963201
3.7610394931627	0.66474744588474
3.7577395086488	0.66474760047097
3.7544453099562	0.66474777353728
3.7511568818819	0.66474796522380
3.7478742092762	0.66474817566401
3.7445972770422	0.66474840498457
3.7413260701360	0.66474865330510
3.7380605735661	0.66474892073798
3.7348007723932	0.66474920738818
3.7315466517301	0.66474951335301
3.7282981967417	0.66474983872198
3.7250553926441	0.66475018357652
3.7218182247052	0.66475054798982
3.7185866782436	0.66475093202663
3.7153607386293	0.66475133574299
3.7121403912828	0.66475175918610
3.7089256216751	0.66475220239403
3.7057164153276	0.66475266539555
3.7025127578115	0.66475314820988
3.6993146347483	0.66475365084651
3.6961220318087	0.66475417330494
3.6929349347130	0.66475471557447
3.6897533292308	0.66475527763400
3.6865772011805	0.66475585945175
3.6834065364295	0.66475646098508
3.6802413208937	0.66475708218024
3.6770815405372	0.66475772297215
3.6739271813725	0.66475838328414
3.6707782294600	0.66475906302774
3.6676346709078	0.66475976210245
3.6644964918714	0.66476048039546
3.6613636785540	0.66476121778148
3.6582362172056	0.66476197412241
3.6551140941234	0.66476274926719
3.6519972956511	0.66476354305149
3.6488858081792	0.66476435529747
3.6457796181442	0.66476518581359
3.6426787120292	0.66476603439428
3.6395830763628	0.66476690081975
3.6364926977196	0.66476778485571
3.6334075627197	0.66476868625312
3.6303276580286	0.66476960474797
3.6272529703569	0.66477054006096
3.6241834864603	0.66477149189728
3.6211191931393	0.66477245994637
3.6180600772387	0.66477344388162
3.6150061256481	0.66477444336013
3.6119573253012	0.66477545802246
3.6089136631756	0.66477648749232
3.6058751262930	0.66477753137636
3.6028417017185	0.66477858926387
3.5998133765610	0.66477966072652
3.5967901379724	0.66478074531809
3.5937719731479	0.66478184257421
3.5907588693257	0.66478295201207
3.5877508137865	0.66478407313016
3.5847477938539	0.66478520540800
3.5817497968937	0.66478634830584
3.5787568103140	0.66478750126443
3.5757688215649	0.66478866370469
3.5727858181385	0.66478983502749
3.5698077875685	0.66479101461329
3.5668347174301	0.66479220182196
3.5638665953400	0.66479339599242
3.5609034089559	0.66479459644238
3.5579451459767	0.66479580246808
3.5549917941421	0.66479701334399
3.5520433412322	0.66479822832249
3.5490997750681	0.66479944663367
3.5461610835108	0.66480066748494
3.5432272544616	0.66480189006084
3.5402982758621	0.66480311352267
3.5373741356932	0.66480433700826
3.5344548219759	0.66480555963164
3.5315403227706	0.66480678048279
3.5286306261770	0.66480799862730
3.5257257203340	0.66480921310613
3.5228255934195	0.66481042293528
3.5199302336503	0.66481162710550
3.5170396292820	0.66481282458202
3.5141537686086	0.66481401430425
3.5112726399625	0.66481519518546
3.5083962317145	0.66481636611251
3.5055245322732	0.66481752594554
3.5026575300853	0.66481867351769
3.4997952136353	0.66481980763481
3.4969375714452	0.66482092707512
3.4940845920746	0.66482203058895
3.4912362641202	0.66482311689846
3.4883925762160	0.66482418469728
3.4855535170329	0.66482523265027
3.4827190752788	0.66482625939321
3.4798892396982	0.66482726353248
3.4770639990721	0.66482824364477
3.4742433422181	0.66482919827680
3.4714272579898	0.66483012594501
3.4686157352771	0.66483102513526
3.4658087630058	0.66483189430253
3.4630063301375	0.66483273187061
3.4602084256694	0.66483353623185
3.4574150386345	0.66483430574680
3.4546261581009	0.66483503874395
3.4518417731721	0.66483573351942
3.4490618729867	0.66483638833666
3.4462864467180	0.66483700142618
3.4435154835745	0.66483757098521
3.4407489727993	0.66483809517743
3.4379869036697	0.66483857213267
3.4352292654979	0.66483899994661
3.4324760476300	0.66483937668048
3.4297272394463	0.66483970036080
3.4269828303612	0.66483996897902
3.4242428098230	0.66484018049130
3.4215071673134	0.66484033281816
3.4187758923480	0.66484042384421
3.4160489744758	0.66484045141787
3.4133264032791	0.66484041335105
3.4106081683732	0.66484030741890
3.4078942594066	0.66484013135946
3.4051846660609	0.66483988287346
3.4024793780502	0.66483955962393
3.3997783851213	0.66483915923600
3.3970816770538	0.66483867929657
3.3943892436594	0.66483811735401
3.3917010747822	0.66483747091795
3.3890171602984	0.66483673745892
3.3863374901163	0.66483591440808
3.3836620541761	0.66483499915700
3.3809908424495	0.66483398905731
3.3783238449403	0.66483288142047
3.3756610516834	0.66483167351747
3.3730024527453	0.66483036257855
3.3703480382237	0.66482894579297
3.3676977982476	0.66482742030868
3.3650517229768	0.66482578323209
3.3624098026021	0.66482403162779
3.3597720273451	0.66482216251828
3.3571383874580	0.66482017288373
3.3545088732237	0.66481805966167
3.3518834749553	0.66481581974676
3.3492621829963	0.66481344999054
3.3466449877205	0.66481094720115
3.3440318795315	0.66480830814307
3.3414228488631	0.66480552953690
3.3388178861789	0.66480260805908
3.3362169819720	0.66479954034165
3.3336201267653	0.66479632297200
3.3310273111111	0.66479295249263
