#Parameters = {thARC=0; nARC=1; thsub=1; p=1; nSub=4}
#"Wavelength / um"	"T (649) [Real Part]"
#---------------------------------------
14.989622900000	0.64000006994178
14.937342202292	0.64002788465029
14.885424925521	0.64005490446861
14.833867293419	0.64008114066555
14.782665581854	0.64010660443942
14.731816117936	0.64013130691756
14.681315279138	0.64015525915587
14.631159492435	0.64017847213840
14.581345233463	0.64020095677698
14.531869025691	0.64022272391074
14.482727439614	0.64024378430582
14.433917091960	0.64026414865492
14.385434644914	0.64028382757698
14.337276805356	0.64030283161684
14.289440324118	0.64032117124488
14.241921995249	0.64033885685673
14.194718655303	0.64035589877295
14.147827182633	0.64037230723872
14.101244496707	0.64038809242358
14.054967557431	0.64040326442118
14.008993364486	0.64041783324896
13.963318956684	0.64043180884797
13.917941411328	0.64044520108261
13.872857843591	0.64045801974039
13.828065405904	0.64047027453178
13.783561287356	0.64048197508995
13.739342713107	0.64049313097062
13.695406943810	0.64050375165187
13.651751275046	0.64051384653400
13.608373036768	0.64052342493937
13.565269592760	0.64053249611226
13.522438340099	0.64054106921871
13.479876708633	0.64054915334649
13.437582160466	0.64055675750489
13.395552189455	0.64056389062471
13.353784320713	0.64057056155812
13.312276110124	0.64057677907862
13.271025143869	0.64058255188096
13.230029037952	0.64058788858111
13.189285437747	0.64059279771619
13.148792017544	0.64059728774445
13.108546480105	0.64060136704527
13.068546556234	0.64060504391910
13.028790004346	0.64060832658751
12.989274610052	0.64061122319319
12.949998185745	0.64061374179992
12.910958570198	0.64061589039267
12.872153628167	0.64061767687758
12.833581250000	0.64061910908204
12.795239351259	0.64062019475472
12.757125872340	0.64062094156566
12.719238778108	0.64062135710635
12.681576057530	0.64062144888976
12.644135723323	0.64062122435051
12.606915811606	0.64062069084490
12.569914381551	0.64061985565105
12.533129515050	0.64061872596904
12.496559316382	0.64061730892100
12.460201911887	0.64061561155125
12.424055449648	0.64061364082647
12.388118099174	0.64061140363580
12.352388051092	0.64060890679106
12.316863516845	0.64060615702687
12.281542728390	0.64060316100083
12.246423937908	0.64059992529374
12.211505417515	0.64059645640972
12.176785458976	0.64059276077649
12.142262373431	0.64058884474549
12.107934491115	0.64058471459216
12.073800161095	0.64058037651610
12.039857751004	0.64057583664135
12.006105646776	0.64057110101658
11.972542252396	0.64056617561534
11.939165989646	0.64056106633633
11.905975297855	0.64055577900359
11.872968633663	0.64055031936683
11.840144470774	0.64054469310165
11.807501299724	0.64053890580982
11.775037627651	0.64053296301956
11.742751978065	0.64052687018581
11.710642890625	0.64052063269055
11.678708920919	0.64051425584304
11.646948640249	0.64050774488018
11.615360635413	0.64050110496676
11.583943508501	0.64049434119583
11.552695876686	0.64048745858896
11.521616372022	0.64048046209658
11.490703641242	0.64047335659833
11.459956345566	0.64046614690335
11.429373160503	0.64045883775066
11.398952775665	0.64045143380946
11.368693894577	0.64044393967952
11.338595234493	0.64043635989147
11.308655526217	0.64042869890723
11.278873513920	0.64042096112031
11.249247954972	0.64041315085619
11.219777619760	0.64040527237270
11.190461291527	0.64039732986040
11.161297766195	0.64038932744292
11.132285852209	0.64038126917738
11.103424370370	0.64037315905475
11.074712153676	0.64036500100024
11.046148047163	0.64035679887371
11.017730907755	0.64034855647005
10.989459604106	0.64034027751957
10.961333016453	0.64033196568844
10.933350036470	0.64032362457905
10.905509567115	0.64031525773045
10.877810522496	0.64030686861875
10.850251827723	0.64029846065754
10.822832418773	0.64029003719830
10.795551242348	0.64028160153085
10.768407255747	0.64027315688373
10.741399426729	0.64026470642466
10.714526733381	0.64025625326095
10.687788163993	0.64024780043997
10.661182716927	0.64023935094952
10.634709400497	0.64023090771833
10.608367232838	0.64022247361646
10.582155241793	0.64021405145577
10.556072464789	0.64020564399034
10.530117948718	0.64019725391692
10.504290749825	0.64018888387541
10.478589933590	0.64018053644925
10.453014574616	0.64017221416593
10.427563756522	0.64016391949741
10.402236571825	0.64015565486060
10.377032121841	0.64014742261779
10.351949516575	0.64013922507713
10.326987874612	0.64013106449307
10.302146323024	0.64012294306685
10.277423997257	0.64011486294695
10.252820041040	0.64010682622953
10.228333606278	0.64009883495894
10.203963852961	0.64009089112815
10.179709949066	0.64008299667924
10.155571070461	0.64007515350386
10.131546400811	0.64006736344370
10.107635131490	0.64005962829097
10.083836461487	0.64005194978885
10.060149597315	0.64004432963198
10.036573752929	0.64003676946693
10.013108149633	0.64002927089268
9.9897520159947	0.64002183546107
9.9665045877660	0.64001446467731
9.9433651077944	0.64000716000042
9.9203328259431	0.63999992284373
9.8974069990096	0.63999275457535
9.8745868906456	0.63998565651864
9.8518717712783	0.63997862995267
9.8292609180328	0.63997167611276
9.8067536146549	0.63996479619087
9.7843491514360	0.63995799133614
9.7620468251384	0.63995126265533
9.7398459389214	0.63994461121334
9.7177458022690	0.63993803803362
9.6957457309185	0.63993154409871
9.6738450467893	0.63992513035067
9.6520430779137	0.63991879769159
9.6303391583681	0.63991254698403
9.6087326282051	0.63990637905154
9.5872228333866	0.63990029467908
9.5658091257179	0.63989429461353
9.5444908627826	0.63988837956416
9.5232674078780	0.63988255020308
9.5021381299525	0.63987680716573
9.4811024035421	0.63987115105137
9.4601596087094	0.63986558242351
9.4393091309824	0.63986010181037
9.4185503612944	0.63985470970543
9.3978826959248	0.63984940656780
9.3773055364404	0.63984419282273
9.3568182896380	0.63983906886210
9.3364203674868	0.63983403504484
9.3161111870727	0.63982909169740
9.2958901705426	0.63982423911425
9.2757567450495	0.63981947755829
9.2557103426984	0.63981480726135
9.2357504004929	0.63981022842460
9.2158763602828	0.63980574121908
9.1960876687117	0.63980134578609
9.1763837771656	0.63979704223767
9.1567641417227	0.63979283065704
9.1372282231027	0.63978871109909
9.1177754866180	0.63978468359078
9.0984054021244	0.63978074813159
9.0791174439733	0.63977690469403
9.0599110909640	0.63977315322401
9.0407858262967	0.63976949364132
9.0217411375263	0.63976592584006
9.0027765165165	0.63976244968909
8.9838914593947	0.63975906503245
8.9650854665072	0.63975577168984
8.9463580423754	0.63975256945697
8.9277086956522	0.63974945810610
8.9091369390788	0.63974643738636
8.8906422894425	0.63974350702428
8.8722242675348	0.63974066672414
8.8538823981099	0.63973791616843
8.8356162098438	0.63973525501826
8.8174252352941	0.63973268291380
8.7993090108600	0.63973019947467
8.7812670767428	0.63972780430037
8.7632989769073	0.63972549697070
8.7454042590432	0.63972327704615
8.7275824745269	0.63972114406834
8.7098331783847	0.63971909756040
8.6921559292549	0.63971713702739
8.6745502893519	0.63971526195668
8.6570158244297	0.63971347181839
8.6395521037464	0.63971176606576
8.6221587000288	0.63971014413552
8.6048351894374	0.63970860544836
8.5875811515325	0.63970714940924
8.5703961692396	0.63970577540780
8.5532798288160	0.63970448281879
8.5362317198178	0.63970327100240
8.5192514350668	0.63970213930464
8.5023385706183	0.63970108705776
8.4854927257288	0.63970011358060
8.4687135028249	0.63969921817895
8.4520005074711	0.63969840014593
8.4353533483399	0.63969765876237
8.4187716371806	0.63969699329717
8.4022549887892	0.63969640300763
8.3858030209790	0.63969588713985
8.3694153545505	0.63969544492908
8.3530916132627	0.63969507560004
8.3368314238042	0.63969477836731
8.3206344157646	0.63969455243566
8.3045002216066	0.63969439700040
8.2884284766381	0.63969431124770
8.2724188189845	0.63969429435498
8.2564708895621	0.63969434549118
8.2405843320506	0.63969446381715
8.2247587928669	0.63969464848596
8.2089939211391	0.63969489864322
8.1932893686800	0.63969521342740
8.1776447899618	0.63969559197018
8.1620598420909	0.63969603339675
8.1465341847826	0.63969653682612
8.1310674803363	0.63969710137145
8.1156593936113	0.63969772614034
8.1003095920022	0.63969841023515
8.0850177454153	0.63969915275332
8.0697835262450	0.63969995278762
8.0546066093498	0.63970080942651
8.0394866720300	0.63970172175438
8.0244233940043	0.63970268885189
8.0094164573871	0.63970370979622
7.9944655466667	0.63970478366137
7.9795703486825	0.63970590951846
7.9647305526036	0.63970708643596
7.9499458499072	0.63970831348004
7.9352159343568	0.63970958971477
7.9205405019815	0.63971091420244
7.9059192510549	0.63971228600379
7.8913518820742	0.63971370417831
7.8768380977404	0.63971516778449
7.8623776029373	0.63971667588003
7.8479701047120	0.63971822752219
7.8336153122550	0.63971982176794
7.8193129368805	0.63972145767427
7.8050626920073	0.63972313429844
7.7908642931393	0.63972485069816
7.7767174578470	0.63972660593190
7.7626219057483	0.63972839905908
7.7485773584906	0.63973022914032
7.7345835397317	0.63973209523766
7.7206401751223	0.63973399641480
7.7067469922879	0.63973593173730
7.6929037208109	0.63973790027282
7.6791100922131	0.63973990109134
7.6653658399386	0.63974193326533
7.6516706993364	0.63974399587002
7.6380244076433	0.63974608798356
7.6244267039674	0.63974820868726
7.6108773292714	0.63975035706575
7.5973760263558	0.63975253220721
7.5839225398432	0.63975473320355
7.5705166161616	0.63975695915061
7.5571580035291	0.63975920914831
7.5438464519376	0.63976148230090
7.5305817131374	0.63976377771709
7.5173635406219	0.63976609451025
7.5041916896120	0.63976843179855
7.4910659170415	0.63977078870520
7.4779859815415	0.63977316435855
7.4649516434263	0.63977555789230
7.4519626646781	0.63977796844562
7.4390188089330	0.63978039516336
7.4261198414664	0.63978283719616
7.4132655291790	0.63978529370065
7.4004556405826	0.63978776383953
7.3876899457861	0.63979024678180
7.3749682164822	0.63979274170283
7.3622902259332	0.63979524778455
7.3496557489581	0.63979776421557
7.3370645619187	0.63980029019129
7.3245164427071	0.63980282491408
7.3120111707317	0.63980536759336
7.2995485269053	0.63980791744577
7.2871282936315	0.63981047369524
7.2747502547925	0.63981303557316
7.2624141957364	0.63981560231846
7.2501199032648	0.63981817317774
7.2378671656205	0.63982074740536
7.2256557724753	0.63982332426359
7.2134855149182	0.63982590302264
7.2013561854432	0.63982848296086
7.1892675779376	0.63983106336473
7.1772194876706	0.63983364352905
7.1652117112811	0.63983622275695
7.1532440467669	0.63983880036005
7.1413162934731	0.63984137565849
7.1294282520809	0.63984394798106
7.1175797245964	0.63984651666523
7.1057705143399	0.63984908105727
7.0940004259347	0.63985164051231
7.0822692652965	0.63985419439440
7.0705768396226	0.63985674207659
7.0589229573817	0.63985928294100
7.0473074283028	0.63986181637887
7.0357300633654	0.63986434179062
7.0241906747891	0.63986685858593
7.0126890760234	0.63986936618378
7.0012250817375	0.63987186401247
6.9897985078107	0.63987435150975
6.9784091713222	0.63987682812277
6.9670568905415	0.63987929330820
6.9557414849188	0.63988174653222
6.9444627750753	0.63988418727060
6.9332205827937	0.63988661500871
6.9220147310090	0.63988902924154
6.9108450437990	0.63989142947377
6.8997113463751	0.63989381521977
6.8886134650735	0.63989618600364
6.8775512273457	0.63989854135922
6.8665244617499	0.63990088083010
6.8555329979419	0.63990320396969
6.8445766666667	0.63990551034116
6.8336552997493	0.63990779951752
6.8227687300865	0.63991007108159
6.8119167916383	0.63991232462602
6.8010993194192	0.63991455975330
6.7903161494904	0.63991677607576
6.7795671189507	0.63991897321555
6.7688520659291	0.63992115080470
6.7581708295762	0.63992330848504
6.7475232500563	0.63992544590822
6.7369091685393	0.63992756273576
6.7263284271932	0.63992965863892
6.7157808691756	0.63993173329882
6.7052663386267	0.63993378640633
6.6947846806610	0.63993581766207
6.6843357413601	0.63993782677644
6.6739193677649	0.63993981346952
6.6635354078684	0.63994177747113
6.6531837106081	0.63994371852074
6.6428641258586	0.63994563636747
6.6325765044248	0.63994753077004
6.6223206980340	0.63994940149678
6.6120965593295	0.63995124832554
6.6019039418630	0.63995307104370
6.5917427000879	0.63995486944811
6.5816126893524	0.63995664334505
6.5715137658922	0.63995839255019
6.5614457868243	0.63996011688857
6.5514086101399	0.63996181619450
6.5414020946978	0.63996349031156
6.5314261002179	0.63996513909254
6.5214804872743	0.63996676239939
6.5115651172893	0.63996836010314
6.5016798525266	0.63996993208388
6.4918245560849	0.63997147823069
6.4819990918919	0.63997299844159
6.4722033246978	0.63997449262346
6.4624371200690	0.63997596069200
6.4527003443823	0.63997740257165
6.4429928648184	0.63997881819555
6.4333145493562	0.63998020750543
6.4236652667667	0.63998157045160
6.4140448866068	0.63998290699284
6.4044532792138	0.63998421709633
6.3948903156997	0.63998550073760
6.3853558679446	0.63998675790045
6.3758498085921	0.63998798857686
6.3663720110427	0.63998919276691
6.3569223494487	0.63999037047875
6.3475006987084	0.63999152172846
6.3381069344609	0.63999264654000
6.3287409330800	0.63999374494513
6.3194025716695	0.63999481698332
6.3100917280572	0.63999586270167
6.3008082807902	0.63999688215483
6.2915521091291	0.63999787540488
6.2823230930427	0.63999884252130
6.2731211132036	0.63999978358082
6.2639460509820	0.64000069866738
6.2547977884415	0.64000158787203
6.2456762083333	0.64000245129279
6.2365811940919	0.64000328903462
6.2275126298297	0.64000410120931
6.2184704003319	0.64000488793535
6.2094543910522	0.64000564933787
6.2004644881075	0.64000638554855
6.1915005782734	0.64000709670547
6.1825625489792	0.64000778295308
6.1736502883031	0.64000844444205
6.1647636849681	0.64000908132920
6.1559026283368	0.64000969377738
6.1470670084068	0.64001028195538
6.1382567158067	0.64001084603780
6.1294716417910	0.64001138620502
6.1207116782360	0.64001190264299
6.1119767176351	0.64001239554323
6.1032666530945	0.64001286510266
6.0945813783289	0.64001331152349
6.0859207876573	0.64001373501317
6.0772847759984	0.64001413578423
6.0686732388664	0.64001451405422
6.0600860723671	0.64001487004553
6.0515231731934	0.64001520398536
6.0429844386212	0.64001551610558
6.0344697665056	0.64001580664260
6.0259790552764	0.64001607583730
6.0175122039342	0.64001632393490
6.0090691120465	0.64001655118484
6.0006496797438	0.64001675784068
5.9922538077154	0.64001694416002
5.9838813972056	0.64001711040433
5.9755323500100	0.64001725683887
5.9672065684713	0.64001738373261
5.9589039554760	0.64001749135806
5.9506244144502	0.64001757999118
5.9423678493558	0.64001764991130
5.9341341646873	0.64001770140098
5.9259232654675	0.64001773474588
5.9177350572444	0.64001775023468
5.9095694460871	0.64001774815897
5.9014263385827	0.64001772881312
5.8933056418321	0.64001769249417
5.8852072634472	0.64001763950172
5.8771311115468	0.64001757013784
5.8690770947533	0.64001748470692
5.8610451221896	0.64001738351558
5.8530351034752	0.64001726687258
5.8450469487229	0.64001713508867
5.8370805685358	0.64001698847649
5.8291358740035	0.64001682735048
5.8212127766990	0.64001665202674
5.8133111886756	0.64001646282296
5.8054310224632	0.64001626005826
5.7975721910656	0.64001604405311
5.7897346079567	0.64001581512923
5.7819181870781	0.64001557360946
5.7741228428351	0.64001531981765
5.7663484900942	0.64001505407858
5.7585950441798	0.64001477671783
5.7508624208709	0.64001448806166
5.7431505363985	0.64001418843695
5.7354593074421	0.64001387817103
5.7277886511272	0.64001355759163
5.7201384850219	0.64001322702674
5.7125087271341	0.64001288680455
5.7048992959087	0.64001253725327
5.6973101102242	0.64001217870111
5.6897410893908	0.64001181147611
5.6821921531463	0.64001143590607
5.6746632216544	0.64001105231847
5.6671542155009	0.64001066104033
5.6596650556919	0.64001026239809
5.6521956636501	0.64000985671761
5.6447459612126	0.64000944432395
5.6373158706281	0.64000902554134
5.6299053145540	0.64000860069310
5.6225142160540	0.64000817010148
5.6151424985952	0.64000773408761
5.6077900860456	0.64000729297139
5.6004569026714	0.64000684707141
5.5931428731343	0.64000639670483
5.5858479224893	0.64000594218732
5.5785719761816	0.64000548383294
5.5713149600446	0.64000502195407
5.5640768002970	0.64000455686132
5.5568574235403	0.64000408886341
5.5496567567568	0.64000361826714
5.5424747273063	0.64000314537723
5.5353112629247	0.64000267049631
5.5281662917204	0.64000219392479
5.5210397421731	0.64000171596076
5.5139315431304	0.64000123689997
5.5068416238060	0.64000075703570
5.4997699137773	0.64000027665868
5.4927163429828	0.63999979605703
5.4856808417200	0.63999931551617
5.4786633406433	0.63999883531875
5.4716637707611	0.63999835574459
5.4646820634342	0.63999787707053
5.4577181503732	0.63999739957048
5.4507719636364	0.63999692351522
5.4438434356274	0.63999644917243
5.4369324990932	0.63999597680655
5.4300390871219	0.63999550667875
5.4231631331404	0.63999503904685
5.4163045709124	0.63999457416525
5.4094633345363	0.63999411228487
5.4026393584430	0.63999365365308
5.3958325773938	0.63999319851365
5.3890429264785	0.63999274710666
5.3822703411131	0.63999229966848
5.3755147570378	0.63999185643169
5.3687761103152	0.63999141762499
5.3620543373278	0.63999098347322
5.3553493747767	0.63999055419723
5.3486611596789	0.63999013001386
5.3419896293656	0.63998971113589
5.3353347214807	0.63998929777198
5.3286963739780	0.63998889012663
5.3220745251198	0.63998848840010
5.3154691134752	0.63998809278842
5.3088800779175	0.63998770348329
5.3023073576229	0.63998732067205
5.2957508920685	0.63998694453767
5.2892106210303	0.63998657525866
5.2826864845815	0.63998621300905
5.2761784230905	0.63998585795836
5.2696863772192	0.63998551027157
5.2632102879213	0.63998517010905
5.2567500964405	0.63998483762655
5.2503057443082	0.63998451297515
5.2438771733427	0.63998419630127
5.2374643256464	0.63998388774658
5.2310671436050	0.63998358744802
5.2246855698850	0.63998329553773
5.2183195474326	0.63998301214308
5.2119690194715	0.63998273738658
5.2056339295016	0.63998247138592
5.1993142212973	0.63998221425389
5.1930098389052	0.63998196609841
5.1867207266436	0.63998172702247
5.1804468290997	0.63998149712414
5.1741880911288	0.63998127649657
5.1679444578521	0.63998106522790
5.1617158746556	0.63998086340134
5.1555022871883	0.63998067109511
5.1493036413604	0.63998048838243
5.1431198833419	0.63998031533152
5.1369509595613	0.63998015200560
5.1307968167037	0.63997999846286
5.1246574017094	0.63997985475648
5.1185326617722	0.63997972093464
5.1124225443383	0.63997959704046
5.1063269971044	0.63997948311208
5.1002459680163	0.63997937918258
5.0941794052676	0.63997928528006
5.0881272572980	0.63997920142758
5.0820894727920	0.63997912764321
5.0760660006773	0.63997906394003
5.0700567901235	0.63997901032611
5.0640617905405	0.63997896680455
5.0580809515775	0.63997893337349
5.0521142231210	0.63997891002611
5.0461615552937	0.63997889675066
5.0402228984533	0.63997889353045
5.0342982031906	0.63997890034391
5.0283874203287	0.63997891716456
5.0224905009214	0.63997894396108
5.0166073962517	0.63997898069727
5.0107380578305	0.63997902733215
5.0048824373957	0.63997908381993
4.9990404869101	0.63997915011004
4.9932121585610	0.63997922614717
4.9873974047579	0.63997931187132
4.9815961781323	0.63997940721777
4.9758084315353	0.63997951211718
4.9700341180371	0.63997962649558
4.9642731909256	0.63997975027440
4.9585256037049	0.63997988337055
4.9527913100942	0.63998002569641
4.9470702640264	0.63998017715988
4.9413624196473	0.63998033766444
4.9356677313138	0.63998050710917
4.9299861535932	0.63998068538880
4.9243176412615	0.63998087239374
4.9186621493027	0.63998106801016
4.9130196329072	0.63998127211998
4.9073900474709	0.63998148460098
4.9017733485939	0.63998170532680
4.8961694920790	0.63998193416701
4.8905784339315	0.63998217098716
4.8850001303569	0.63998241564883
4.8794345377604	0.63998266800967
4.8738816127459	0.63998292792349
4.8683413121143	0.63998319524027
4.8628135928629	0.63998346980626
4.8572984121841	0.63998375146401
4.8517957274640	0.63998404005242
4.8463054962819	0.63998433540683
4.8408276764088	0.63998463735909
4.8353622258065	0.63998494573755
4.8299091026261	0.63998526036721
4.8244682652076	0.63998558106974
4.8190396720784	0.63998590766355
4.8136232819525	0.63998623996384
4.8082190537289	0.63998657778273
4.8028269464915	0.63998692092925
4.7974469195071	0.63998726920946
4.7920789322251	0.63998762242648
4.7867229442759	0.63998798038063
4.7813789154705	0.63998834286942
4.7760468057989	0.63998870968768
4.7707265754297	0.63998908062761
4.7654181847083	0.63998945547886
4.7601215941569	0.63998983402862
4.7548367644726	0.63999021606166
4.7495636565272	0.63999060136046
4.7443022313657	0.63999098970523
4.7390524502055	0.63999138087403
4.7338142744355	0.63999177464285
4.7285876656151	0.63999217078566
4.7233725854735	0.63999256907453
4.7181689959081	0.63999296927969
4.7129768589844	0.63999337116959
4.7077961369347	0.63999377451103
4.7026267921569	0.63999417906924
4.6974687872140	0.63999458460792
4.6923220848333	0.63999499088936
4.6871866479049	0.63999539767453
4.6820624394815	0.63999580472316
4.6769494227769	0.63999621179381
4.6718475611657	0.63999661864397
4.6667568181818	0.63999702503017
4.6616771575183	0.63999743070804
4.6566085430258	0.63999783543241
4.6515509387122	0.63999823895739
4.6465043087415	0.63999864103647
4.6414686174330	0.63999904142262
4.6364438292607	0.63999943986837
4.6314299088522	0.63999983612590
4.6264268209877	0.64000022994713
4.6214345305997	0.64000062108381
4.6164530027718	0.64000100928764
4.6114822027380	0.64000139431033
4.6065220958820	0.64000177590370
4.6015726477360	0.64000215381979
4.5966338239804	0.64000252781093
4.5917055904426	0.64000289762984
4.5867879130967	0.64000326302976
4.5818807580621	0.64000362376449
4.5769840916031	0.64000397958851
4.5720978801281	0.64000433025706
4.5672220901889	0.64000467552629
4.5623566884797	0.64000501515325
4.5575016418364	0.64000534889611
4.5526569172361	0.64000567651414
4.5478224817961	0.64000599776787
4.5429983027731	0.64000631241919
4.5381843475628	0.64000662023140
4.5333805836988	0.64000692096933
4.5285869788520	0.64000721439945
4.5238035008299	0.64000750028993
4.5190301175761	0.64000777841075
4.5142667971691	0.64000804853381
4.5095135078219	0.64000831043300
4.5047702178813	0.64000856388430
4.5000368958271	0.64000880866587
4.4953135102714	0.64000904455817
4.4906000299581	0.64000927134400
4.4858964237618	0.64000948880865
4.4812026606876	0.64000969673995
4.4765187098701	0.64000989492837
4.4718445405728	0.64001008316714
4.4671801221875	0.64001026125229
4.4625254242334	0.64001042898280
4.4578804163569	0.64001058616064
4.4532450683304	0.64001073259086
4.4486193500519	0.64001086808174
4.4440032315446	0.64001099244480
4.4393966829557	0.64001110549493
4.4347996745562	0.64001120705047
4.4302121767401	0.64001129693330
4.4256341600236	0.64001137496892
4.4210655950450	0.64001144098654
4.4165064525633	0.64001149481915
4.4119567034584	0.64001153630362
4.4074163187298	0.64001156528078
4.4028852694963	0.64001158159549
4.3983635269953	0.64001158509675
4.3938510625824	0.64001157563774
4.3893478477306	0.64001155307593
4.3848538540295	0.64001151727316
4.3803690531853	0.64001146809568
4.3758934170194	0.64001140541428
4.3714269174686	0.64001132910433
4.3669695265841	0.64001123904586
4.3625212165309	0.64001113512366
4.3580819595871	0.64001101722730
4.3536517281441	0.64001088525125
4.3492304947048	0.64001073909494
4.3448182318841	0.64001057866281
4.3404149124077	0.64001040386441
4.3360205091119	0.64001021461442
4.3316349949429	0.64001001083279
4.3272583429561	0.64000979244471
4.3228905263158	0.64000955938076
4.3185315182944	0.64000931157692
4.3141812922723	0.64000904897465
4.3098398217366	0.64000877152095
4.3055070802815	0.64000847916842
4.3011830416069	0.64000817187530
4.2968676795184	0.64000784960554
4.2925609679267	0.64000751232887
4.2882628808468	0.64000716002080
4.2839733923978	0.64000679266275
4.2796924768023	0.64000641024202
4.2754201083856	0.64000601275189
4.2711562615757	0.64000560019165
4.2669009109024	0.64000517256664
4.2626540309967	0.64000472988832
4.2584155965909	0.64000427217425
4.2541855825174	0.64000379944822
4.2499639637085	0.64000331174021
4.2457507151961	0.64000280908647
4.2415458121109	0.64000229152954
4.2373492296820	0.64000175911827
4.2331609432364	0.64000121190791
4.2289809281986	0.64000064996005
4.2248091600902	0.64000007334273
4.2206456145291	0.63999948213042
4.2164902672293	0.63999887640405
4.2123430940003	0.63999825625106
4.2082040707468	0.63999762176538
4.2040731734680	0.63999697304748
4.1999503782572	0.63999631020437
4.1958356613016	0.63999563334963
4.1917289988814	0.63999494260340
4.1876303673697	0.63999423809243
4.1835397432319	0.63999351995004
4.1794571030252	0.63999278831616
4.1753824233983	0.63999204333732
4.1713156810909	0.63999128516666
4.1672568529330	0.63999051396394
4.1632059158450	0.63998972989552
4.1591628468368	0.63998893313435
4.1551276230076	0.63998812386000
4.1511002215453	0.63998730225861
4.1470806197261	0.63998646852292
4.1430687949143	0.63998562285221
4.1390647245616	0.63998476545235
4.1350683862069	0.63998389653570
4.1310797574755	0.63998301632116
4.1270988160793	0.63998212503413
4.1231255398157	0.63998122290647
4.1191599065677	0.63998031017649
4.1152018943034	0.63997938708889
4.1112514810752	0.63997845389479
4.1073086450199	0.63997751085164
4.1033733643581	0.63997655822321
4.0994456173937	0.63997559627954
4.0955253825137	0.63997462529691
4.0916126381875	0.63997364555779
4.0877073629670	0.63997265735080
4.0838095354856	0.63997166097065
4.0799191344584	0.63997065671811
4.0760361386812	0.63996964489993
4.0721605270307	0.63996862582881
4.0682922784638	0.63996759982332
4.0644313720174	0.63996656720784
4.0605777868075	0.63996552831253
4.0567315020298	0.63996448347323
4.0528924969582	0.63996343303138
4.0490607509454	0.63996237733399
4.0452362434219	0.63996131673353
4.0414189538959	0.63996025158789
4.0376088619529	0.63995918226024
4.0338059472551	0.63995810911902
4.0300101895416	0.63995703253780
4.0262215686274	0.63995595289522
4.0224400644036	0.63995487057490
4.0186656568365	0.63995378596532
4.0148983259676	0.63995269945976
4.0111380519133	0.63995161145618
4.0073848148643	0.63995052235713
4.0036385950855	0.63994943256961
3.9998993729153	0.63994834250503
3.9961671287657	0.63994725257905
3.9924418431216	0.63994616321146
3.9887234965407	0.63994507482610
3.9850120696531	0.63994398785074
3.9813075431607	0.63994290271692
3.9776098978373	0.63994181985986
3.9739191145281	0.63994073971832
3.9702351741491	0.63993966273449
3.9665580576872	0.63993858935381
3.9628877461996	0.63993752002491
3.9592242208135	0.63993645519938
3.9555674627260	0.63993539533170
3.9519174532033	0.63993434087908
3.9482741735809	0.63993329230129
3.9446376052632	0.63993225006053
3.9410077297226	0.63993121462127
3.9373845285001	0.63993018645009
3.9337679832043	0.63992916601554
3.9301580755113	0.63992815378796
3.9265547871644	0.63992715023932
3.9229580999738	0.63992615584304
3.9193679958164	0.63992517107385
3.9157844566353	0.63992419640759
3.9122074644395	0.63992323232105
3.9086370013038	0.63992227929178
3.9050730493682	0.63992133779789
3.9015155908381	0.63992040831792
3.8979646079834	0.63991949133059
3.8944200831385	0.63991858731464
3.8908819987021	0.63991769674864
3.8873503371369	0.63991682011078
3.8838250809690	0.63991595787867
3.8803062127880	0.63991511052914
3.8767937152463	0.63991427853804
3.8732875710594	0.63991346238002
3.8697877630050	0.63991266252833
3.8662942739231	0.63991187945458
3.8628070867156	0.63991111362857
3.8593261843460	0.63991036551802
3.8558515498392	0.63990963558836
3.8523831662812	0.63990892430254
3.8489210168186	0.63990823212073
3.8454650846588	0.63990755950015
3.8420153530693	0.63990690689482
3.8385718053777	0.63990627475529
3.8351344249712	0.63990566352843
3.8317031952965	0.63990507365718
3.8282780998595	0.63990450558031
3.8248591222251	0.63990395973215
3.8214462460166	0.63990343654234
3.8180394549159	0.63990293643559
3.8146387326632	0.63990245983143
3.8112440630562	0.63990200714389
3.8078554299505	0.63990157878133
3.8044728172589	0.63990117514607
3.8010962089514	0.63990079663421
3.7977255890550	0.63990044363529
3.7943609416530	0.63990011653206
3.7910022508852	0.63989981570016
3.7876495009476	0.63989954150789
3.7843026760919	0.63989929431588
3.7809617606256	0.63989907447683
3.7776267389113	0.63989888233520
3.7742975953670	0.63989871822694
3.7709743144654	0.63989858247919
3.7676568807339	0.63989847540996
3.7643452787544	0.63989839732785
3.7610394931627	0.63989834853176
3.7577395086488	0.63989832931055
3.7544453099562	0.63989833994275
3.7511568818819	0.63989838069626
3.7478742092762	0.63989845182801
3.7445972770422	0.63989855358368
3.7413260701360	0.63989868619733
3.7380605735661	0.63989884989113
3.7348007723932	0.63989904487502
3.7315466517301	0.63989927134635
3.7282981967417	0.63989952948960
3.7250553926441	0.63989981947603
3.7218182247052	0.63990014146334
3.7185866782436	0.63990049559532
3.7153607386293	0.63990088200156
3.7121403912828	0.63990130079705
3.7089256216751	0.63990175208188
3.7057164153276	0.63990223594088
3.7025127578115	0.63990275244327
3.6993146347483	0.63990330164229
3.6961220318087	0.63990388357489
3.6929349347130	0.63990449826134
3.6897533292308	0.63990514570490
3.6865772011805	0.63990582589142
3.6834065364295	0.63990653878903
3.6802413208937	0.63990728434773
3.6770815405372	0.63990806249905
3.6739271813725	0.63990887315569
3.6707782294600	0.63990971621112
3.6676346709078	0.63991059153922
3.6644964918714	0.63991149899392
3.6613636785540	0.63991243840882
3.6582362172056	0.63991340959678
3.6551140941234	0.63991441234960
3.6519972956511	0.63991544643758
3.6488858081792	0.63991651160915
3.6457796181442	0.63991760759053
3.6426787120292	0.63991873408527
3.6395830763628	0.63991989077393
3.6364926977196	0.63992107731362
3.6334075627197	0.63992229333767
3.6303276580286	0.63992353845521
3.6272529703569	0.63992481225077
3.6241834864603	0.63992611428387
3.6211191931393	0.63992744408866
3.6180600772387	0.63992880117348
3.6150061256481	0.63993018502050
3.6119573253012	0.63993159508525
3.6089136631756	0.63993303079630
3.6058751262930	0.63993449155478
3.6028417017185	0.63993597673402
3.5998133765610	0.63993748567911
3.5967901379724	0.63993901770651
3.5937719731479	0.63994057210363
3.5907588693257	0.63994214812843
3.5877508137865	0.63994374500897
3.5847477938539	0.63994536194306
3.5817497968937	0.63994699809777
3.5787568103140	0.63994865260907
3.5757688215649	0.63995032458138
3.5727858181385	0.63995201308716
3.5698077875685	0.63995371716650
3.5668347174301	0.63995543582670
3.5638665953400	0.63995716804183
3.5609034089559	0.63995891275231
3.5579451459767	0.63996066886453
3.5549917941421	0.63996243525035
3.5520433412322	0.63996421074676
3.5490997750681	0.63996599415539
3.5461610835108	0.63996778424214
3.5432272544616	0.63996957973668
3.5402982758621	0.63997137933211
3.5373741356932	0.63997318168449
3.5344548219759	0.63997498541241
3.5315403227706	0.63997678909657
3.5286306261770	0.63997859127935
3.5257257203340	0.63998039046442
3.5228255934195	0.63998218511625
3.5199302336503	0.63998397365973
3.5170396292820	0.63998575447973
3.5141537686086	0.63998752592066
3.5112726399625	0.63998928628608
3.5083962317145	0.63999103383822
3.5055245322732	0.63999276679761
3.5026575300853	0.63999448334262
3.4997952136353	0.63999618160904
3.4969375714452	0.63999785968965
3.4940845920746	0.63999951563383
3.4912362641202	0.64000114744709
3.4883925762160	0.64000275309067
3.4855535170329	0.64000433048112
3.4827190752788	0.64000587748988
3.4798892396982	0.64000739194283
3.4770639990721	0.64000887161993
3.4742433422181	0.64001031425472
3.4714272579898	0.64001171753398
3.4686157352771	0.64001307909727
3.4658087630058	0.64001439653652
3.4630063301375	0.64001566739562
3.4602084256694	0.64001688917002
3.4574150386345	0.64001805930628
3.4546261581009	0.64001917520171
3.4518417731721	0.64002023420391
3.4490618729867	0.64002123361040
3.4462864467180	0.64002217066822
3.4435154835745	0.64002304257347
3.4407489727993	0.64002384647097
3.4379869036697	0.64002457945385
3.4352292654979	0.64002523856310
3.4324760476300	0.64002582078723
3.4297272394463	0.64002632306186
3.4269828303612	0.64002674226932
3.4242428098230	0.64002707523826
3.4215071673134	0.64002731874328
3.4187758923480	0.64002746950450
3.4160489744758	0.64002752418723
3.4133264032791	0.64002747940157
3.4106081683732	0.64002733170202
3.4078942594066	0.64002707758712
3.4051846660609	0.64002671349906
3.4024793780502	0.64002623582333
3.3997783851213	0.64002564088836
3.3970816770538	0.64002492496510
3.3943892436594	0.64002408426675
3.3917010747822	0.64002311494833
3.3890171602984	0.64002201310634
3.3863374901163	0.64002077477843
3.3836620541761	0.64001939594305
3.3809908424495	0.64001787251908
3.3783238449403	0.64001620036552
3.3756610516834	0.64001437528113
3.3730024527453	0.64001239300412
3.3703480382237	0.64001024921180
3.3676977982476	0.64000793952026
3.3650517229768	0.64000545948406
3.3624098026021	0.64000280459590
3.3597720273451	0.63999997028632
3.3571383874580	0.63999695192337
3.3545088732237	0.63999374481234
3.3518834749553	0.63999034419541
3.3492621829963	0.63998674525143
3.3466449877205	0.63998294309553
3.3440318795315	0.63997893277894
3.3414228488631	0.63997470928862
3.3388178861789	0.63997026754704
3.3362169819720	0.63996560241189
3.3336201267653	0.63996070867582
3.3310273111111	0.63995558106616
