#Parameters = {thARC=0; nARC=1.25; thsub=1; p=1; nSub=4}
#"Wavelength / um"	"T (655) [Real Part]"
#---------------------------------------
14.989622900000	0.64000006994646
14.937342202292	0.64002788465473
14.885424925521	0.64005490447278
14.833867293419	0.64008114066943
14.782665581854	0.64010660444301
14.731816117936	0.64013130692084
14.681315279138	0.64015525915881
14.631159492435	0.64017847214101
14.581345233463	0.64020095677922
14.531869025691	0.64022272391261
14.482727439614	0.64024378430730
14.433917091960	0.64026414865600
14.385434644914	0.64028382757765
14.337276805356	0.64030283161708
14.289440324118	0.64032117124469
14.241921995249	0.64033885685609
14.194718655303	0.64035589877184
14.147827182633	0.64037230723713
14.101244496707	0.64038809242151
14.054967557431	0.64040326441861
14.008993364486	0.64041783324589
13.963318956684	0.64043180884438
13.917941411328	0.64044520107849
13.872857843591	0.64045801973574
13.828065405904	0.64047027452658
13.783561287356	0.64048197508419
13.739342713107	0.64049313096429
13.695406943810	0.64050375164497
13.651751275046	0.64051384652653
13.608373036768	0.64052342493131
13.565269592760	0.64053249610360
13.522438340099	0.64054106920945
13.479876708633	0.64054915333662
13.437582160466	0.64055675749441
13.395552189455	0.64056389061360
13.353784320713	0.64057056154638
13.312276110124	0.64057677906625
13.271025143869	0.64058255186795
13.230029037952	0.64058788856745
13.189285437747	0.64059279770188
13.148792017544	0.64059728772949
13.108546480105	0.64060136702964
13.068546556234	0.64060504390281
13.028790004346	0.64060832657056
12.989274610052	0.64061122317556
12.949998185745	0.64061374178162
12.910958570198	0.64061589037370
12.872153628167	0.64061767685792
12.833581250000	0.64061910906170
12.795239351259	0.64062019473369
12.757125872340	0.64062094154395
12.719238778108	0.64062135708395
12.681576057530	0.64062144886668
12.644135723323	0.64062122432673
12.606915811606	0.64062069082042
12.569914381551	0.64061985562588
12.533129515050	0.64061872594318
12.496559316382	0.64061730889444
12.460201911887	0.64061561152400
12.424055449648	0.64061364079852
12.388118099174	0.64061140360716
12.352388051092	0.64060890676173
12.316863516845	0.64060615699684
12.281542728390	0.64060316097011
12.246423937908	0.64059992526233
12.211505417515	0.64059645637762
12.176785458976	0.64059276074370
12.142262373431	0.64058884471202
12.107934491115	0.64058471455800
12.073800161095	0.64058037648126
12.039857751004	0.64057583660583
12.006105646776	0.64057110098038
11.972542252396	0.64056617557847
11.939165989646	0.64056106629878
11.905975297855	0.64055577896537
11.872968633663	0.64055031932795
11.840144470774	0.64054469306211
11.807501299724	0.64053890576962
11.775037627651	0.64053296297871
11.742751978065	0.64052687014431
11.710642890625	0.64052063264840
11.678708920919	0.64051425580024
11.646948640249	0.64050774483674
11.615360635413	0.64050110492270
11.583943508501	0.64049434115114
11.552695876686	0.64048745854364
11.521616372022	0.64048046205065
11.490703641242	0.64047335655178
11.459956345566	0.64046614685620
11.429373160503	0.64045883770290
11.398952775665	0.64045143376111
11.368693894577	0.64044393963058
11.338595234493	0.64043635984195
11.308655526217	0.64042869885713
11.278873513920	0.64042096106963
11.249247954972	0.64041315080495
11.219777619760	0.64040527232090
11.190461291527	0.64039732980805
11.161297766195	0.64038932739003
11.132285852209	0.64038126912395
11.103424370370	0.64037315900078
11.074712153676	0.64036500094575
11.046148047163	0.64035679881870
11.017730907755	0.64034855641453
10.989459604106	0.64034027746356
10.961333016453	0.64033196563193
10.933350036470	0.64032362452205
10.905509567115	0.64031525767297
10.877810522496	0.64030686856080
10.850251827723	0.64029846059913
10.822832418773	0.64029003713943
10.795551242348	0.64028160147153
10.768407255747	0.64027315682398
10.741399426729	0.64026470636447
10.714526733381	0.64025625320035
10.687788163993	0.64024780037895
10.661182716927	0.64023935088809
10.634709400497	0.64023090765651
10.608367232838	0.64022247355425
10.582155241793	0.64021405139318
10.556072464789	0.64020564392738
10.530117948718	0.64019725385360
10.504290749825	0.64018888381173
10.478589933590	0.64018053638523
10.453014574616	0.64017221410158
10.427563756522	0.64016391943273
10.402236571825	0.64015565479561
10.377032121841	0.64014742255249
10.351949516575	0.64013922501153
10.326987874612	0.64013106442719
10.302146323024	0.64012294300070
10.277423997257	0.64011486288052
10.252820041040	0.64010682616284
10.228333606278	0.64009883489200
10.203963852961	0.64009089106097
10.179709949066	0.64008299661183
10.155571070461	0.64007515343623
10.131546400811	0.64006736337587
10.107635131490	0.64005962822293
10.083836461487	0.64005194972062
10.060149597315	0.64004432956357
10.036573752929	0.64003676939835
10.013108149633	0.64002927082393
9.9897520159947	0.64002183539217
9.9665045877660	0.64001446460827
9.9433651077944	0.64000715993125
9.9203328259431	0.63999992277444
9.8974069990096	0.63999275450594
9.8745868906456	0.63998565644912
9.8518717712783	0.63997862988307
9.8292609180328	0.63997167604307
9.8067536146549	0.63996479612111
9.7843491514360	0.63995799126632
9.7620468251384	0.63995126258546
9.7398459389214	0.63994461114342
9.7177458022690	0.63993803796367
9.6957457309185	0.63993154402873
9.6738450467893	0.63992513028068
9.6520430779137	0.63991879762160
9.6303391583681	0.63991254691405
9.6087326282051	0.63990637898157
9.5872228333866	0.63990029460914
9.5658091257179	0.63989429454363
9.5444908627826	0.63988837949430
9.5232674078780	0.63988255013327
9.5021381299525	0.63987680709600
9.4811024035421	0.63987115098171
9.4601596087094	0.63986558235393
9.4393091309824	0.63986010174089
9.4185503612944	0.63985470963605
9.3978826959248	0.63984940649853
9.3773055364404	0.63984419275359
9.3568182896380	0.63983906879310
9.3364203674868	0.63983403497598
9.3161111870727	0.63982909162870
9.2958901705426	0.63982423904571
9.2757567450495	0.63981947748992
9.2557103426984	0.63981480719315
9.2357504004929	0.63981022835660
9.2158763602828	0.63980574115128
9.1960876687117	0.63980134571850
9.1763837771656	0.63979704217029
9.1567641417227	0.63979283058990
9.1372282231027	0.63978871103218
9.1177754866180	0.63978468352411
9.0984054021244	0.63978074806518
9.0791174439733	0.63977690462789
9.0599110909640	0.63977315315814
9.0407858262967	0.63976949357573
9.0217411375263	0.63976592577475
9.0027765165165	0.63976244962408
8.9838914593947	0.63975906496776
8.9650854665072	0.63975577162546
8.9463580423754	0.63975256939292
8.9277086956522	0.63974945804238
8.9091369390788	0.63974643732299
8.8906422894425	0.63974350696126
8.8722242675348	0.63974066666147
8.8538823981099	0.63973791610613
8.8356162098438	0.63973525495634
8.8174252352941	0.63973268285226
8.7993090108600	0.63973019941352
8.7812670767428	0.63972780423962
8.7632989769073	0.63972549691035
8.7454042590432	0.63972327698622
8.7275824745269	0.63972114400883
8.7098331783847	0.63971909750132
8.6921559292549	0.63971713696875
8.6745502893519	0.63971526189849
8.6570158244297	0.63971347176065
8.6395521037464	0.63971176600848
8.6221587000288	0.63971014407871
8.6048351894374	0.63970860539202
8.5875811515325	0.63970714935338
8.5703961692396	0.63970577535244
8.5532798288160	0.63970448276392
8.5362317198178	0.63970327094803
8.5192514350668	0.63970213925078
8.5023385706183	0.63970108700442
8.4854927257288	0.63970011352778
8.4687135028249	0.63969921812665
8.4520005074711	0.63969840009417
8.4353533483399	0.63969765871115
8.4187716371806	0.63969699324650
8.4022549887892	0.63969640295751
8.3858030209790	0.63969588709029
8.3694153545505	0.63969544488008
8.3530916132627	0.63969507555162
8.3368314238042	0.63969477831947
8.3206344157646	0.63969455238840
8.3045002216066	0.63969439695373
8.2884284766381	0.63969431120162
8.2724188189845	0.63969429430950
8.2564708895621	0.63969434544630
8.2405843320506	0.63969446377289
8.2247587928669	0.63969464844231
8.2089939211391	0.63969489860018
8.1932893686800	0.63969521338499
8.1776447899618	0.63969559192840
8.1620598420909	0.63969603335560
8.1465341847826	0.63969653678561
8.1310674803363	0.63969710133158
8.1156593936113	0.63969772610111
8.1003095920022	0.63969841019658
8.0850177454153	0.63969915271540
8.0697835262450	0.63969995275036
8.0546066093498	0.63970080938991
8.0394866720300	0.63970172171845
8.0244233940043	0.63970268881663
8.0094164573871	0.63970370976163
7.9944655466667	0.63970478362746
7.9795703486825	0.63970590948523
7.9647305526036	0.63970708640342
7.9499458499072	0.63970831344818
7.9352159343568	0.63970958968361
7.9205405019815	0.63971091417196
7.9059192510549	0.63971228597401
7.8913518820742	0.63971370414923
7.8768380977404	0.63971516775610
7.8623776029373	0.63971667585236
7.8479701047120	0.63971822749521
7.8336153122550	0.63971982174167
7.8193129368805	0.63972145764872
7.8050626920073	0.63972313427360
7.7908642931393	0.63972485067403
7.7767174578470	0.63972660590849
7.7626219057483	0.63972839903639
7.7485773584906	0.63973022911834
7.7345835397317	0.63973209521641
7.7206401751223	0.63973399639427
7.7067469922879	0.63973593171749
7.6929037208109	0.63973790025374
7.6791100922131	0.63973990107297
7.6653658399386	0.63974193324769
7.6516706993364	0.63974399585311
7.6380244076433	0.63974608796738
7.6244267039674	0.63974820867181
7.6108773292714	0.63975035705103
7.5973760263558	0.63975253219322
7.5839225398432	0.63975473319029
7.5705166161616	0.63975695913807
7.5571580035291	0.63975920913650
7.5438464519376	0.63976148228983
7.5305817131374	0.63976377770675
7.5173635406219	0.63976609450063
7.5041916896120	0.63976843178966
7.4910659170415	0.63977078869704
7.4779859815415	0.63977316435112
7.4649516434263	0.63977555788559
7.4519626646781	0.63977796843964
7.4390188089330	0.63978039515810
7.4261198414664	0.63978283719163
7.4132655291790	0.63978529369684
7.4004556405826	0.63978776383645
7.3876899457861	0.63979024677944
7.3749682164822	0.63979274170119
7.3622902259332	0.63979524778363
7.3496557489581	0.63979776421536
7.3370645619187	0.63980029019179
7.3245164427071	0.63980282491529
7.3120111707317	0.63980536759529
7.2995485269053	0.63980791744840
7.2871282936315	0.63981047369858
7.2747502547925	0.63981303557721
7.2624141957364	0.63981560232321
7.2501199032648	0.63981817318318
7.2378671656205	0.63982074741150
7.2256557724753	0.63982332427042
7.2134855149182	0.63982590303017
7.2013561854432	0.63982848296907
7.1892675779376	0.63983106337363
7.1772194876706	0.63983364353863
7.1652117112811	0.63983622276721
7.1532440467669	0.63983880037098
7.1413162934731	0.63984137567010
7.1294282520809	0.63984394799333
7.1175797245964	0.63984651667817
7.1057705143399	0.63984908107088
7.0940004259347	0.63985164052657
7.0822692652965	0.63985419440932
7.0705768396226	0.63985674209216
7.0589229573817	0.63985928295721
7.0473074283028	0.63986181639572
7.0357300633654	0.63986434180811
7.0241906747891	0.63986685860406
7.0126890760234	0.63986936620253
7.0012250817375	0.63987186403185
6.9897985078107	0.63987435152975
6.9784091713222	0.63987682814339
6.9670568905415	0.63987929332943
6.9557414849188	0.63988174655406
6.9444627750753	0.63988418729304
6.9332205827937	0.63988661503174
6.9220147310090	0.63988902926516
6.9108450437990	0.63989142949797
6.8997113463751	0.63989381524456
6.8886134650735	0.63989618602900
6.8775512273457	0.63989854138515
6.8665244617499	0.63990088085660
6.8555329979419	0.63990320399675
6.8445766666667	0.63990551036877
6.8336552997493	0.63990779954568
6.8227687300865	0.63991007111029
6.8119167916383	0.63991232465526
6.8010993194192	0.63991455978307
6.7903161494904	0.63991677610605
6.7795671189507	0.63991897324636
6.7688520659291	0.63992115083602
6.7581708295762	0.63992330851686
6.7475232500563	0.63992544594055
6.7369091685393	0.63992756276858
6.7263284271932	0.63992965867223
6.7157808691756	0.63993173333261
6.7052663386267	0.63993378644059
6.6947846806610	0.63993581769680
6.6843357413601	0.63993782681163
6.6739193677649	0.63993981350517
6.6635354078684	0.63994177750723
6.6531837106081	0.63994371855728
6.6428641258586	0.63994563640444
6.6325765044248	0.63994753080744
6.6223206980340	0.63994940153459
6.6120965593295	0.63995124836376
6.6019039418630	0.63995307108233
6.5917427000879	0.63995486948714
6.5816126893524	0.63995664338447
6.5715137658922	0.63995839259000
6.5614457868243	0.63996011692875
6.5514086101399	0.63996181623505
6.5414020946978	0.63996349035247
6.5314261002179	0.63996513913381
6.5214804872743	0.63996676244100
6.5115651172893	0.63996836014509
6.5016798525266	0.63996993212617
6.4918245560849	0.63997147827330
6.4819990918919	0.63997299848452
6.4722033246978	0.63997449266670
6.4624371200690	0.63997596073554
6.4527003443823	0.63997740261548
6.4429928648184	0.63997881823966
6.4333145493562	0.63998020754982
6.4236652667667	0.63998157049626
6.4140448866068	0.63998290703776
6.4044532792138	0.63998421714151
6.3948903156997	0.63998550078303
6.3853558679446	0.63998675794611
6.3758498085921	0.63998798862275
6.3663720110427	0.63998919281302
6.3569223494487	0.63999037052507
6.3475006987084	0.63999152177499
6.3381069344609	0.63999264658672
6.3287409330800	0.63999374499204
6.3194025716695	0.63999481703041
6.3100917280572	0.63999586274894
6.3008082807902	0.63999688220226
6.2915521091291	0.63999787545246
6.2823230930427	0.63999884256903
6.2731211132036	0.63999978362869
6.2639460509820	0.64000069871538
6.2547977884415	0.64000158792015
6.2456762083333	0.64000245134102
6.2365811940919	0.64000328908296
6.2275126298297	0.64000410125775
6.2184704003319	0.64000488798387
6.2094543910522	0.64000564938648
6.2004644881075	0.64000638559722
6.1915005782734	0.64000709675421
6.1825625489792	0.64000778300187
6.1736502883031	0.64000844449089
6.1647636849681	0.64000908137808
6.1559026283368	0.64000969382629
6.1470670084068	0.64001028200430
6.1382567158067	0.64001084608674
6.1294716417910	0.64001138625396
6.1207116782360	0.64001190269193
6.1119767176351	0.64001239559216
6.1032666530945	0.64001286515156
6.0945813783289	0.64001331157236
6.0859207876573	0.64001373506200
6.0772847759984	0.64001413583302
6.0686732388664	0.64001451410295
6.0600860723671	0.64001487009419
6.0515231731934	0.64001520403396
6.0429844386212	0.64001551615409
6.0344697665056	0.64001580669103
6.0259790552764	0.64001607588563
6.0175122039342	0.64001632398312
6.0090691120465	0.64001655123294
6.0006496797438	0.64001675788867
5.9922538077154	0.64001694420787
5.9838813972056	0.64001711045204
5.9755323500100	0.64001725688644
5.9672065684713	0.64001738378002
5.9589039554760	0.64001749140530
5.9506244144502	0.64001758003825
5.9423678493558	0.64001764995820
5.9341341646873	0.64001770144768
5.9259232654675	0.64001773479238
5.9177350572444	0.64001775028098
5.9095694460871	0.64001774820506
5.9014263385827	0.64001772885899
5.8933056418321	0.64001769253981
5.8852072634472	0.64001763954712
5.8771311115468	0.64001757018299
5.8690770947533	0.64001748475182
5.8610451221896	0.64001738356022
5.8530351034752	0.64001726691696
5.8450469487229	0.64001713513277
5.8370805685358	0.64001698852030
5.8291358740035	0.64001682739400
5.8212127766990	0.64001665206996
5.8133111886756	0.64001646286587
5.8054310224632	0.64001626010085
5.7975721910656	0.64001604409538
5.7897346079567	0.64001581517117
5.7819181870781	0.64001557365106
5.7741228428351	0.64001531985891
5.7663484900942	0.64001505411949
5.7585950441798	0.64001477675838
5.7508624208709	0.64001448810184
5.7431505363985	0.64001418847675
5.7354593074421	0.64001387821045
5.7277886511272	0.64001355763066
5.7201384850219	0.64001322706538
5.7125087271341	0.64001288684278
5.7048992959087	0.64001253729109
5.6973101102242	0.64001217873851
5.6897410893908	0.64001181151308
5.6821921531463	0.64001143594262
5.6746632216544	0.64001105235458
5.6671542155009	0.64001066107599
5.6596650556919	0.64001026243331
5.6521956636501	0.64000985675236
5.6447459612126	0.64000944435824
5.6373158706281	0.64000902557516
5.6299053145540	0.64000860072644
5.6225142160540	0.64000817013434
5.6151424985952	0.64000773411998
5.6077900860456	0.64000729300326
5.6004569026714	0.64000684710277
5.5931428731343	0.64000639673569
5.5858479224893	0.64000594221766
5.5785719761816	0.64000548386276
5.5713149600446	0.64000502198337
5.5640768002970	0.64000455689009
5.5568574235403	0.64000408889164
5.5496567567568	0.64000361829482
5.5424747273063	0.64000314540437
5.5353112629247	0.64000267052289
5.5281662917204	0.64000219395080
5.5210397421731	0.64000171598621
5.5139315431304	0.64000123692485
5.5068416238060	0.64000075706000
5.4997699137773	0.64000027668240
5.4927163429828	0.63999979608016
5.4856808417200	0.63999931553871
5.4786633406433	0.63999883534070
5.4716637707611	0.63999835576593
5.4646820634342	0.63999787709127
5.4577181503732	0.63999739959060
5.4507719636364	0.63999692353473
5.4438434356274	0.63999644919132
5.4369324990932	0.63999597682482
5.4300390871219	0.63999550669639
5.4231631331404	0.63999503906385
5.4163045709124	0.63999457418162
5.4094633345363	0.63999411230059
5.4026393584430	0.63999365366816
5.3958325773938	0.63999319852807
5.3890429264785	0.63999274712043
5.3822703411131	0.63999229968160
5.3755147570378	0.63999185644414
5.3687761103152	0.63999141763678
5.3620543373278	0.63999098348434
5.3553493747767	0.63999055420767
5.3486611596789	0.63999013002363
5.3419896293656	0.63998971114498
5.3353347214807	0.63998929778039
5.3286963739780	0.63998889013435
5.3220745251198	0.63998848840714
5.3154691134752	0.63998809279477
5.3088800779175	0.63998770348894
5.3023073576229	0.63998732067701
5.2957508920685	0.63998694454193
5.2892106210303	0.63998657526221
5.2826864845815	0.63998621301189
5.2761784230905	0.63998585796050
5.2696863772192	0.63998551027301
5.2632102879213	0.63998517010977
5.2567500964405	0.63998483762656
5.2503057443082	0.63998451297445
5.2438771733427	0.63998419629985
5.2374643256464	0.63998388774444
5.2310671436050	0.63998358744515
5.2246855698850	0.63998329553414
5.2183195474326	0.63998301213877
5.2119690194715	0.63998273738155
5.2056339295016	0.63998247138016
5.1993142212973	0.63998221424740
5.1930098389052	0.63998196609119
5.1867207266436	0.63998172701452
5.1804468290997	0.63998149711546
5.1741880911288	0.63998127648715
5.1679444578521	0.63998106521775
5.1617158746556	0.63998086339046
5.1555022871883	0.63998067108350
5.1493036413604	0.63998048837008
5.1431198833419	0.63998031531844
5.1369509595613	0.63998015199178
5.1307968167037	0.63997999844830
5.1246574017094	0.63997985474119
5.1185326617722	0.63997972091861
5.1124225443383	0.63997959702370
5.1063269971044	0.63997948309458
5.1002459680163	0.63997937916435
5.0941794052676	0.63997928526109
5.0881272572980	0.63997920140788
5.0820894727920	0.63997912762278
5.0760660006773	0.63997906391886
5.0700567901235	0.63997901030421
5.0640617905405	0.63997896678192
5.0580809515775	0.63997893335013
5.0521142231210	0.63997891000202
5.0461615552937	0.63997889672584
5.0402228984533	0.63997889350491
5.0342982031906	0.63997890031764
5.0283874203287	0.63997891713757
5.0224905009214	0.63997894393336
5.0166073962517	0.63997898066883
5.0107380578305	0.63997902730300
5.0048824373957	0.63997908379006
4.9990404869101	0.63997915007945
4.9932121585610	0.63997922611587
4.9873974047579	0.63997931183931
4.9815961781323	0.63997940718505
4.9758084315353	0.63997951208375
4.9700341180371	0.63997962646145
4.9642731909256	0.63997975023957
4.9585256037049	0.63997988333502
4.9527913100942	0.63998002566018
4.9470702640264	0.63998017712296
4.9413624196473	0.63998033762683
4.9356677313138	0.63998050707087
4.9299861535932	0.63998068534982
4.9243176412615	0.63998087235408
4.9186621493027	0.63998106796982
4.9130196329072	0.63998127207897
4.9073900474709	0.63998148455929
4.9017733485939	0.63998170528445
4.8961694920790	0.63998193412399
4.8905784339315	0.63998217094348
4.8850001303569	0.63998241560449
4.8794345377604	0.63998266796468
4.8738816127459	0.63998292787785
4.8683413121143	0.63998319519399
4.8628135928629	0.63998346975934
4.8572984121841	0.63998375141645
4.8517957274640	0.63998404000423
4.8463054962819	0.63998433535802
4.8408276764088	0.63998463730965
4.8353622258065	0.63998494568749
4.8299091026261	0.63998526031654
4.8244682652076	0.63998558101846
4.8190396720784	0.63998590761166
4.8136232819525	0.63998623991136
4.8082190537289	0.63998657772966
4.8028269464915	0.63998692087559
4.7974469195071	0.63998726915521
4.7920789322251	0.63998762237165
4.7867229442759	0.63998798032523
4.7813789154705	0.63998834281345
4.7760468057989	0.63998870963115
4.7707265754297	0.63998908057052
4.7654181847083	0.63998945542123
4.7601215941569	0.63998983397044
4.7548367644726	0.63999021600295
4.7495636565272	0.63999060130121
4.7443022313657	0.63999098964545
4.7390524502055	0.63999138081373
4.7338142744355	0.63999177458204
4.7285876656151	0.63999217072434
4.7233725854735	0.63999256901271
4.7181689959081	0.63999296921737
4.7129768589844	0.63999337110678
4.7077961369347	0.63999377444774
4.7026267921569	0.63999417900547
4.6974687872140	0.63999458454368
4.6923220848333	0.63999499082466
4.6871866479049	0.63999539760938
4.6820624394815	0.63999580465756
4.6769494227769	0.63999621172776
4.6718475611657	0.63999661857749
4.6667568181818	0.63999702496327
4.6616771575183	0.63999743064072
4.6566085430258	0.63999783536467
4.6515509387122	0.63999823888924
4.6465043087415	0.63999864096792
4.6414686174330	0.63999904135369
4.6364438292607	0.63999943979905
4.6314299088522	0.63999983605621
4.6264268209877	0.64000022987706
4.6214345305997	0.64000062101339
4.6164530027718	0.64000100921687
4.6114822027380	0.64000139423921
4.6065220958820	0.64000177583224
4.6015726477360	0.64000215374800
4.5966338239804	0.64000252773882
4.5917055904426	0.64000289755742
4.5867879130967	0.64000326295704
4.5818807580621	0.64000362369146
4.5769840916031	0.64000397951519
4.5720978801281	0.64000433018347
4.5672220901889	0.64000467545242
4.5623566884797	0.64000501507912
4.5575016418364	0.64000534882172
4.5526569172361	0.64000567643950
4.5478224817961	0.64000599769300
4.5429983027731	0.64000631234408
4.5381843475628	0.64000662015607
4.5333805836988	0.64000692089379
4.5285869788520	0.64000721432370
4.5238035008299	0.64000750021398
4.5190301175761	0.64000777833462
4.5142667971691	0.64000804845750
4.5095135078219	0.64000831035652
4.5047702178813	0.64000856380765
4.5000368958271	0.64000880858908
4.4953135102714	0.64000904448123
4.4906000299581	0.64000927126693
4.4858964237618	0.64000948873145
4.4812026606876	0.64000969666263
4.4765187098701	0.64000989485094
4.4718445405728	0.64001008308961
4.4671801221875	0.64001026117468
4.4625254242334	0.64001042890511
4.4578804163569	0.64001058608287
4.4532450683304	0.64001073251304
4.4486193500519	0.64001086800386
4.4440032315446	0.64001099236688
4.4393966829557	0.64001110541697
4.4347996745562	0.64001120697249
4.4302121767401	0.64001129685530
4.4256341600236	0.64001137489092
4.4210655950450	0.64001144090854
4.4165064525633	0.64001149474116
4.4119567034584	0.64001153622565
4.4074163187298	0.64001156520284
4.4028852694963	0.64001158151759
4.3983635269953	0.64001158501890
4.3938510625824	0.64001157555995
4.3893478477306	0.64001155299821
4.3848538540295	0.64001151719551
4.3803690531853	0.64001146801812
4.3758934170194	0.64001140533682
4.3714269174686	0.64001132902698
4.3669695265841	0.64001123896863
4.3625212165309	0.64001113504655
4.3580819595871	0.64001101715032
4.3536517281441	0.64001088517442
4.3492304947048	0.64001073901826
4.3448182318841	0.64001057858629
4.3404149124077	0.64001040378806
4.3360205091119	0.64001021453826
4.3316349949429	0.64001001075681
4.3272583429561	0.64000979236893
4.3228905263158	0.64000955930519
4.3185315182944	0.64000931150157
4.3141812922723	0.64000904889953
4.3098398217366	0.64000877144607
4.3055070802815	0.64000847909379
4.3011830416069	0.64000817180092
4.2968676795184	0.64000784953143
4.2925609679267	0.64000751225504
4.2882628808468	0.64000715994726
4.2839733923978	0.64000679258950
4.2796924768023	0.64000641016907
4.2754201083856	0.64000601267925
4.2711562615757	0.64000560011933
4.2669009109024	0.64000517249466
4.2626540309967	0.64000472981667
4.2584155965909	0.64000427210296
4.2541855825174	0.64000379937728
4.2499639637085	0.64000331166964
4.2457507151961	0.64000280901628
4.2415458121109	0.64000229145973
4.2373492296820	0.64000175904886
4.2331609432364	0.64000121183890
4.2289809281986	0.64000064989146
4.2248091600902	0.64000007327456
4.2206456145291	0.63999948206268
4.2164902672293	0.63999887633675
4.2123430940003	0.63999825618420
4.2082040707468	0.63999762169898
4.2040731734680	0.63999697298154
4.1999503782572	0.63999631013891
4.1958356613016	0.63999563328465
4.1917289988814	0.63999494253892
4.1876303673697	0.63999423802845
4.1835397432319	0.63999351988656
4.1794571030252	0.63999278825320
4.1753824233983	0.63999204327488
4.1713156810909	0.63999128510476
4.1672568529330	0.63999051390258
4.1632059158450	0.63998972983471
4.1591628468368	0.63998893307410
4.1551276230076	0.63998812380031
4.1511002215453	0.63998730219950
4.1470806197261	0.63998646846439
4.1430687949143	0.63998562279428
4.1390647245616	0.63998476539501
4.1350683862069	0.63998389647896
4.1310797574755	0.63998301626504
4.1270988160793	0.63998212497864
4.1231255398157	0.63998122285161
4.1191599065677	0.63998031012226
4.1152018943034	0.63997938703531
4.1112514810752	0.63997845384186
4.1073086450199	0.63997751079937
4.1033733643581	0.63997655817160
4.0994456173937	0.63997559622861
4.0955253825137	0.63997462524666
4.0916126381875	0.63997364550823
4.0877073629670	0.63997265730193
4.0838095354856	0.63997166092249
4.0799191344584	0.63997065667065
4.0760361386812	0.63996964485319
4.0721605270307	0.63996862578279
4.0682922784638	0.63996759977802
4.0644313720174	0.63996656716329
4.0605777868075	0.63996552826872
4.0567315020298	0.63996448343016
4.0528924969582	0.63996343298907
4.0490607509454	0.63996237729244
4.0452362434219	0.63996131669275
4.0414189538959	0.63996025154787
4.0376088619529	0.63995918222101
4.0338059472551	0.63995810908057
4.0300101895416	0.63995703250014
4.0262215686274	0.63995595285836
4.0224400644036	0.63995487053884
4.0186656568365	0.63995378593007
4.0148983259676	0.63995269942532
4.0111380519133	0.63995161142256
4.0073848148643	0.63995052232432
4.0036385950855	0.63994943253764
3.9998993729153	0.63994834247389
3.9961671287657	0.63994725254874
3.9924418431216	0.63994616318199
3.9887234965407	0.63994507479749
3.9850120696531	0.63994398782298
3.9813075431607	0.63994290269001
3.9776098978373	0.63994181983381
3.9739191145281	0.63994073969314
3.9702351741491	0.63993966271017
3.9665580576872	0.63993858933037
3.9628877461996	0.63993752000234
3.9592242208135	0.63993645517769
3.9555674627260	0.63993539531090
3.9519174532033	0.63993434085917
3.9482741735809	0.63993329228227
3.9446376052632	0.63993225004241
3.9410077297226	0.63993121460404
3.9373845285001	0.63993018643376
3.9337679832043	0.63992916600012
3.9301580755113	0.63992815377345
3.9265547871644	0.63992715022571
3.9229580999738	0.63992615583034
3.9193679958164	0.63992517106207
3.9157844566353	0.63992419639673
3.9122074644395	0.63992323231111
3.9086370013038	0.63992227928276
3.9050730493682	0.63992133778979
3.9015155908381	0.63992040831075
3.8979646079834	0.63991949132434
3.8944200831385	0.63991858730932
3.8908819987021	0.63991769674426
3.8873503371369	0.63991682010733
3.8838250809690	0.63991595787615
3.8803062127880	0.63991511052755
3.8767937152463	0.63991427853739
3.8732875710594	0.63991346238030
3.8697877630050	0.63991266252954
3.8662942739231	0.63991187945673
3.8628070867156	0.63991111363166
3.8593261843460	0.63991036552205
3.8558515498392	0.63990963559333
3.8523831662812	0.63990892430844
3.8489210168186	0.63990823212757
3.8454650846588	0.63990755950793
3.8420153530693	0.63990690690354
3.8385718053777	0.63990627476494
3.8351344249712	0.63990566353902
3.8317031952965	0.63990507366871
3.8282780998595	0.63990450559277
3.8248591222251	0.63990395974554
3.8214462460166	0.63990343655666
3.8180394549159	0.63990293645085
3.8146387326632	0.63990245984761
3.8112440630562	0.63990200716101
3.8078554299505	0.63990157879937
3.8044728172589	0.63990117516504
3.8010962089514	0.63990079665410
3.7977255890550	0.63990044365610
3.7943609416530	0.63990011655378
3.7910022508852	0.63989981572279
3.7876495009476	0.63989954153144
3.7843026760919	0.63989929434033
3.7809617606256	0.63989907450219
3.7776267389113	0.63989888236146
3.7742975953670	0.63989871825411
3.7709743144654	0.63989858250725
3.7676568807339	0.63989847543891
3.7643452787544	0.63989839735769
3.7610394931627	0.63989834856249
3.7577395086488	0.63989832934216
3.7544453099562	0.63989833997523
3.7511568818819	0.63989838072962
3.7478742092762	0.63989845186224
3.7445972770422	0.63989855361877
3.7413260701360	0.63989868623328
3.7380605735661	0.63989884992794
3.7348007723932	0.63989904491267
3.7315466517301	0.63989927138484
3.7282981967417	0.63989952952893
3.7250553926441	0.63989981951620
3.7218182247052	0.63990014150433
3.7185866782436	0.63990049563713
3.7153607386293	0.63990088204418
3.7121403912828	0.63990130084048
3.7089256216751	0.63990175212612
3.7057164153276	0.63990223598591
3.7025127578115	0.63990275248909
3.6993146347483	0.63990330168889
3.6961220318087	0.63990388362226
3.6929349347130	0.63990449830948
3.6897533292308	0.63990514575380
3.6865772011805	0.63990582594107
3.6834065364295	0.63990653883943
3.6802413208937	0.63990728439886
3.6770815405372	0.63990806255092
3.6739271813725	0.63990887320828
3.6707782294600	0.63990971626441
3.6676346709078	0.63991059159322
3.6644964918714	0.63991149904862
3.6613636785540	0.63991243846420
3.6582362172056	0.63991340965285
3.6551140941234	0.63991441240634
3.6519972956511	0.63991544649497
3.6488858081792	0.63991651166720
3.6457796181442	0.63991760764921
3.6426787120292	0.63991873414459
3.6395830763628	0.63991989083386
3.6364926977196	0.63992107737416
3.6334075627197	0.63992229339882
3.6303276580286	0.63992353851695
3.6272529703569	0.63992481231308
3.6241834864603	0.63992611434675
3.6211191931393	0.63992744415210
3.6180600772387	0.63992880123747
3.6150061256481	0.63993018508502
3.6119573253012	0.63993159515030
3.6089136631756	0.63993303086186
3.6058751262930	0.63993449162084
3.6028417017185	0.63993597680057
3.5998133765610	0.63993748574614
3.5967901379724	0.63993901777400
3.5937719731479	0.63994057217158
3.5907588693257	0.63994214819681
3.5877508137865	0.63994374507779
3.5847477938539	0.63994536201229
3.5817497968937	0.63994699816740
3.5787568103140	0.63994865267909
3.5757688215649	0.63995032465177
3.5727858181385	0.63995201315791
3.5698077875685	0.63995371723760
3.5668347174301	0.63995543589814
3.5638665953400	0.63995716811358
3.5609034089559	0.63995891282437
3.5579451459767	0.63996066893688
3.5549917941421	0.63996243532298
3.5520433412322	0.63996421081965
3.5490997750681	0.63996599422854
3.5461610835108	0.63996778431551
3.5432272544616	0.63996957981027
3.5402982758621	0.63997137940591
3.5373741356932	0.63997318175848
3.5344548219759	0.63997498548656
3.5315403227706	0.63997678917088
3.5286306261770	0.63997859135380
3.5257257203340	0.63998039053900
3.5228255934195	0.63998218519093
3.5199302336503	0.63998397373451
3.5170396292820	0.63998575455458
3.5141537686086	0.63998752599557
3.5112726399625	0.63998928636103
3.5083962317145	0.63999103391320
3.5055245322732	0.63999276687260
3.5026575300853	0.63999448341759
3.4997952136353	0.63999618168399
3.4969375714452	0.63999785976456
3.4940845920746	0.63999951570867
3.4912362641202	0.64000114752185
3.4883925762160	0.64000275316534
3.4855535170329	0.64000433055567
3.4827190752788	0.64000587756430
3.4798892396982	0.64000739201710
3.4770639990721	0.64000887169402
3.4742433422181	0.64001031432862
3.4714272579898	0.64001171760767
3.4686157352771	0.64001307917073
3.4658087630058	0.64001439660974
3.4630063301375	0.64001566746858
3.4602084256694	0.64001688924269
3.4574150386345	0.64001805937864
3.4546261581009	0.64001917527374
3.4518417731721	0.64002023427560
3.4490618729867	0.64002123368173
3.4462864467180	0.64002217073916
3.4435154835745	0.64002304264401
3.4407489727993	0.64002384654109
3.4379869036697	0.64002457952351
3.4352292654979	0.64002523863230
3.4324760476300	0.64002582085594
3.4297272394463	0.64002632313007
3.4269828303612	0.64002674233700
3.4242428098230	0.64002707530539
3.4215071673134	0.64002731880983
3.4187758923480	0.64002746957045
3.4160489744758	0.64002752425257
3.4133264032791	0.64002747946628
3.4106081683732	0.64002733176607
3.4078942594066	0.64002707765049
3.4051846660609	0.64002671356172
3.4024793780502	0.64002623588527
3.3997783851213	0.64002564094955
3.3970816770538	0.64002492502553
3.3943892436594	0.64002408432638
3.3917010747822	0.64002311500714
3.3890171602984	0.64002201316431
3.3863374901163	0.64002077483554
3.3836620541761	0.64001939599928
3.3809908424495	0.64001787257440
3.3783238449403	0.64001620041991
3.3756610516834	0.64001437533457
3.3730024527453	0.64001239305658
3.3703480382237	0.64001024926326
3.3676977982476	0.64000793957069
3.3650517229768	0.64000545953344
3.3624098026021	0.64000280464421
3.3597720273451	0.63999997033353
3.3571383874580	0.63999695196946
3.3545088732237	0.63999374485728
3.3518834749553	0.63999034423919
3.3492621829963	0.63998674529400
3.3466449877205	0.63998294313689
3.3440318795315	0.63997893281905
3.3414228488631	0.63997470932746
3.3388178861789	0.63997026758459
3.3362169819720	0.63996560244813
3.3336201267653	0.63996070871071
3.3310273111111	0.63995558109968
