#Parameters = {thARC=0.8; nARC=1.5; thsub=1; p=1; nSub=4}
#"Wavelength / um"	"T (665) [Real Part]"
#---------------------------------------
14.989622900000	0.68891534888497
14.937342202292	0.68925228260608
14.885424925521	0.68959033142650
14.833867293419	0.68992949296139
14.782665581854	0.69026976482061
14.731816117936	0.69061114460872
14.681315279138	0.69095362992498
14.631159492435	0.69129721836333
14.581345233463	0.69164190751236
14.531869025691	0.69198769495533
14.482727439614	0.69233457827012
14.433917091960	0.69268255502921
14.385434644914	0.69303162279970
14.337276805356	0.69338177914320
14.289440324118	0.69373302161586
14.241921995249	0.69408534776833
14.194718655303	0.69443875514569
14.147827182633	0.69479324128746
14.101244496707	0.69514880372751
14.054967557431	0.69550543999405
14.008993364486	0.69586314760954
13.963318956684	0.69622192409070
13.917941411328	0.69658176694840
13.872857843591	0.69694267368763
13.828065405904	0.69730464180745
13.783561287356	0.69766766880091
13.739342713107	0.69803175215498
13.695406943810	0.69839688935051
13.651751275046	0.69876307786213
13.608373036768	0.69913031515823
13.565269592760	0.69949859870080
13.522438340099	0.69986792594544
13.479876708633	0.70023829434122
13.437582160466	0.70060970133063
13.395552189455	0.70098214434949
13.353784320713	0.70135562082686
13.312276110124	0.70173012818493
13.271025143869	0.70210566383898
13.230029037952	0.70248222519723
13.189285437747	0.70285980966077
13.148792017544	0.70323841462346
13.108546480105	0.70361803747185
13.068546556234	0.70399867558502
13.028790004346	0.70438032633454
12.989274610052	0.70476298708430
12.949998185745	0.70514665519046
12.910958570198	0.70553132800130
12.872153628167	0.70591700285712
12.833581250000	0.70630367709010
12.795239351259	0.70669134802422
12.757125872340	0.70708001297512
12.719238778108	0.70746966924997
12.681576057530	0.70786031414737
12.644135723323	0.70825194495719
12.606915811606	0.70864455896047
12.569914381551	0.70903815342928
12.533129515050	0.70943272562659
12.496559316382	0.70982827280613
12.460201911887	0.71022479221226
12.424055449648	0.71062228107985
12.388118099174	0.71102073663409
12.352388051092	0.71142015609041
12.316863516845	0.71182053665431
12.281542728390	0.71222187552119
12.246423937908	0.71262416987628
12.211505417515	0.71302741689439
12.176785458976	0.71343161373986
12.142262373431	0.71383675756635
12.107934491115	0.71424284551669
12.073800161095	0.71464987472276
12.039857751004	0.71505784230532
12.006105646776	0.71546674537383
11.972542252396	0.71587658102635
11.939165989646	0.71628734634931
11.905975297855	0.71669903841742
11.872968633663	0.71711165429343
11.840144470774	0.71752519102807
11.807501299724	0.71793964565980
11.775037627651	0.71835501521467
11.742751978065	0.71877129670617
11.710642890625	0.71918848713508
11.678708920919	0.71960658348923
11.646948640249	0.72002558274341
11.615360635413	0.72044548185917
11.583943508501	0.72086627778463
11.552695876686	0.72128796745435
11.521616372022	0.72171054778912
11.490703641242	0.72213401569581
11.459956345566	0.72255836806718
11.429373160503	0.72298360178173
11.398952775665	0.72340971370349
11.368693894577	0.72383670068189
11.338595234493	0.72426455955153
11.308655526217	0.72469328713204
11.278873513920	0.72512288022790
11.249247954972	0.72555333562824
11.219777619760	0.72598465010669
11.190461291527	0.72641682042117
11.161297766195	0.72684984331374
11.132285852209	0.72728371551040
11.103424370370	0.72771843372090
11.074712153676	0.72815399463862
11.046148047163	0.72859039494028
11.017730907755	0.72902763128588
10.989459604106	0.72946570031843
10.961333016453	0.72990459866380
10.933350036470	0.73034432293056
10.905509567115	0.73078486970973
10.877810522496	0.73122623557469
10.850251827723	0.73166841708092
10.822832418773	0.73211141076587
10.795551242348	0.73255521314873
10.768407255747	0.73299982073030
10.741399426729	0.73344522999276
10.714526733381	0.73389143739951
10.687788163993	0.73433843939502
10.661182716927	0.73478623240457
10.634709400497	0.73523481283414
10.608367232838	0.73568417707020
10.582155241793	0.73613432147953
10.556072464789	0.73658524240904
10.530117948718	0.73703693618559
10.504290749825	0.73748939911582
10.478589933590	0.73794262748595
10.453014574616	0.73839661756161
10.427563756522	0.73885136558769
10.402236571825	0.73930686778809
10.377032121841	0.73976312036564
10.351949516575	0.74022011950183
10.326987874612	0.74067786135668
10.302146323024	0.74113634206859
10.277423997257	0.74159555775410
10.252820041040	0.74205550450777
10.228333606278	0.74251617840197
10.203963852961	0.74297757548674
10.179709949066	0.74343969178958
10.155571070461	0.74390252331532
10.131546400811	0.74436606604593
10.107635131490	0.74483031594032
10.083836461487	0.74529526893424
10.060149597315	0.74576092094004
10.036573752929	0.74622726784658
10.013108149633	0.74669430551897
9.9897520159947	0.74716202979850
9.9665045877660	0.74763043650242
9.9433651077944	0.74809952142377
9.9203328259431	0.74856928033127
9.8974069990096	0.74903970896912
9.8745868906456	0.74951080305684
9.8518717712783	0.74998255828915
9.8292609180328	0.75045497033577
9.8067536146549	0.75092803484127
9.7843491514360	0.75140174742496
9.7620468251384	0.75187610368067
9.7398459389214	0.75235109917667
9.7177458022690	0.75282672945547
9.6957457309185	0.75330299003367
9.6738450467893	0.75377987640187
9.6520430779137	0.75425738402445
9.6303391583681	0.75473550833947
9.6087326282051	0.75521424475853
9.5872228333866	0.75569358866661
9.5658091257179	0.75617353542194
9.5444908627826	0.75665408035587
9.5232674078780	0.75713521877271
9.5021381299525	0.75761694594963
9.4811024035421	0.75809925713648
9.4601596087094	0.75858214755573
9.4393091309824	0.75906561240226
9.4185503612944	0.75954964684330
9.3978826959248	0.76003424601826
9.3773055364404	0.76051940503863
9.3568182896380	0.76100511898785
9.3364203674868	0.76149138292119
9.3161111870727	0.76197819186562
9.2958901705426	0.76246554081973
9.2757567450495	0.76295342475358
9.2557103426984	0.76344183860860
9.2357504004929	0.76393077729747
9.2158763602828	0.76442023570404
9.1960876687117	0.76491020868319
9.1763837771656	0.76540069106073
9.1567641417227	0.76589167763335
9.1372282231027	0.76638316316842
9.1177754866180	0.76687514240400
9.0984054021244	0.76736761004866
9.0791174439733	0.76786056078143
9.0599110909640	0.76835398925170
9.0407858262967	0.76884789007912
9.0217411375263	0.76934225785354
9.0027765165165	0.76983708713488
8.9838914593947	0.77033237245309
8.9650854665072	0.77082810830804
8.9463580423754	0.77132428916946
8.9277086956522	0.77182090947687
8.9091369390788	0.77231796363946
8.8906422894425	0.77281544603609
8.8722242675348	0.77331335101515
8.8538823981099	0.77381167289455
8.8356162098438	0.77431040596162
8.8174252352941	0.77480954447307
8.7993090108600	0.77530908265489
8.7812670767428	0.77580901470236
8.7632989769073	0.77630933477994
8.7454042590432	0.77681003702124
8.7275824745269	0.77731111552895
8.7098331783847	0.77781256437483
8.6921559292549	0.77831437759963
8.6745502893519	0.77881654921307
8.6570158244297	0.77931907319377
8.6395521037464	0.77982194348926
8.6221587000288	0.78032515401590
8.6048351894374	0.78082869865887
8.5875811515325	0.78133257127214
8.5703961692396	0.78183676567844
8.5532798288160	0.78234127566922
8.5362317198178	0.78284609500465
8.5192514350668	0.78335121741361
8.5023385706183	0.78385663659362
8.4854927257288	0.78436234621090
8.4687135028249	0.78486833990030
8.4520005074711	0.78537461126530
8.4353533483399	0.78588115387804
8.4187716371806	0.78638796127928
8.4022549887892	0.78689502697839
8.3858030209790	0.78740234445341
8.3694153545505	0.78790990715100
8.3530916132627	0.78841770848644
8.3368314238042	0.78892574184370
8.3206344157646	0.78943400057539
8.3045002216066	0.78994247800281
8.2884284766381	0.79045116741597
8.2724188189845	0.79096006207357
8.2564708895621	0.79146915520308
8.2405843320506	0.79197844000073
8.2247587928669	0.79248790963154
8.2089939211391	0.79299755722937
8.1932893686800	0.79350737589694
8.1776447899618	0.79401735870586
8.1620598420909	0.79452749869669
8.1465341847826	0.79503778887898
8.1310674803363	0.79554822223130
8.1156593936113	0.79605879170129
8.1003095920022	0.79656949020572
8.0850177454153	0.79708031063054
8.0697835262450	0.79759124583095
8.0546066093498	0.79810228863144
8.0394866720300	0.79861343182584
8.0244233940043	0.79912466817742
8.0094164573871	0.79963599041894
7.9944655466667	0.80014739125272
7.9795703486825	0.80065886335070
7.9647305526036	0.80117039935454
7.9499458499072	0.80168199187570
7.9352159343568	0.80219363349547
7.9205405019815	0.80270531676515
7.9059192510549	0.80321703420602
7.8913518820742	0.80372877830953
7.8768380977404	0.80424054153733
7.8623776029373	0.80475231632141
7.8479701047120	0.80526409506414
7.8336153122550	0.80577587013845
7.8193129368805	0.80628763388785
7.8050626920073	0.80679937862658
7.7908642931393	0.80731109663974
7.7767174578470	0.80782278018335
7.7626219057483	0.80833442148451
7.7485773584906	0.80884601274146
7.7345835397317	0.80935754612379
7.7206401751223	0.80986901377246
7.7067469922879	0.81038040780001
7.6929037208109	0.81089172029063
7.6791100922131	0.81140294330033
7.6653658399386	0.81191406885704
7.6516706993364	0.81242508896078
7.6380244076433	0.81293599558377
7.6244267039674	0.81344678067059
7.6108773292714	0.81395743613831
7.5973760263558	0.81446795387666
7.5839225398432	0.81497832574814
7.5705166161616	0.81548854358822
7.5571580035291	0.81599859920546
7.5438464519376	0.81650848438167
7.5305817131374	0.81701819087210
7.5173635406219	0.81752771040556
7.5041916896120	0.81803703468462
7.4910659170415	0.81854615538577
7.4779859815415	0.81905506415957
7.4649516434263	0.81956375263084
7.4519626646781	0.82007221239884
7.4390188089330	0.82058043503746
7.4261198414664	0.82108841209535
7.4132655291790	0.82159613509616
7.4004556405826	0.82210359553870
7.3876899457861	0.82261078489713
7.3749682164822	0.82311769462116
7.3622902259332	0.82362431613621
7.3496557489581	0.82413064084367
7.3370645619187	0.82463666012104
7.3245164427071	0.82514236532216
7.3120111707317	0.82564774777741
7.2995485269053	0.82615279879389
7.2871282936315	0.82665750965568
7.2747502547925	0.82716187162402
7.2624141957364	0.82766587593750
7.2501199032648	0.82816951381232
7.2378671656205	0.82867277644249
7.2256557724753	0.82917565500006
7.2134855149182	0.82967814063530
7.2013561854432	0.83018022447700
7.1892675779376	0.83068189763263
7.1772194876706	0.83118315118860
7.1652117112811	0.83168397621050
7.1532440467669	0.83218436374332
7.1413162934731	0.83268430481169
7.1294282520809	0.83318379042012
7.1175797245964	0.83368281155325
7.1057705143399	0.83418135917607
7.0940004259347	0.83467942423420
7.0822692652965	0.83517699765412
7.0705768396226	0.83567407034342
7.0589229573817	0.83617063319105
7.0473074283028	0.83666667706759
7.0357300633654	0.83716219282548
7.0241906747891	0.83765717129933
7.0126890760234	0.83815160330612
7.0012250817375	0.83864547964551
6.9897985078107	0.83913879110008
6.9784091713222	0.83963152843561
6.9670568905415	0.84012368240136
6.9557414849188	0.84061524373032
6.9444627750753	0.84110620313950
6.9332205827937	0.84159655133019
6.9220147310090	0.84208627898827
6.9108450437990	0.84257537678446
6.8997113463751	0.84306383537461
6.8886134650735	0.84355164540001
6.8775512273457	0.84403879748763
6.8665244617499	0.84452528225045
6.8555329979419	0.84501109028773
6.8445766666667	0.84549621218532
6.8336552997493	0.84598063851592
6.8227687300865	0.84646435983943
6.8119167916383	0.84694736670320
6.8010993194192	0.84742964964234
6.7903161494904	0.84791119918006
6.7795671189507	0.84839200582792
6.7688520659291	0.84887206008617
6.7581708295762	0.84935135244405
6.7475232500563	0.84982987338010
6.7369091685393	0.85030761336248
6.7263284271932	0.85078456284927
6.7157808691756	0.85126071228877
6.7052663386267	0.85173605211987
6.6947846806610	0.85221057277231
6.6843357413601	0.85268426466704
6.6739193677649	0.85315711821653
6.6635354078684	0.85362912382508
6.6531837106081	0.85410027188917
6.6428641258586	0.85457055279778
6.6325765044248	0.85503995693271
6.6223206980340	0.85550847466890
6.6120965593295	0.85597609637480
6.6019039418630	0.85644281241267
6.5917427000879	0.85690861313894
6.5816126893524	0.85737348890453
6.5715137658922	0.85783743005518
6.5614457868243	0.85830042693183
6.5514086101399	0.85876246987091
6.5414020946978	0.85922354920472
6.5314261002179	0.85968365526179
6.5214804872743	0.86014277836716
6.5115651172893	0.86060090884279
6.5016798525266	0.86105803700790
6.4918245560849	0.86151415317928
6.4819990918919	0.86196924767170
6.4722033246978	0.86242331079823
6.4624371200690	0.86287633287060
6.4527003443823	0.86332830419955
6.4429928648184	0.86377921509521
6.4333145493562	0.86422905586744
6.4236652667667	0.86467781682619
6.4140448866068	0.86512548828188
6.4044532792138	0.86557206054576
6.3948903156997	0.86601752393024
6.3853558679446	0.86646186874931
6.3758498085921	0.86690508531888
6.3663720110427	0.86734716395712
6.3569223494487	0.86778809498490
6.3475006987084	0.86822786872609
6.3381069344609	0.86866647550799
6.3287409330800	0.86910390566165
6.3194025716695	0.86954014952230
6.3100917280572	0.86997519742967
6.3008082807902	0.87040903972841
6.2915521091291	0.87084166676846
6.2823230930427	0.87127306890540
6.2731211132036	0.87170323650089
6.2639460509820	0.87213215992297
6.2547977884415	0.87255982954653
6.2456762083333	0.87298623575361
6.2365811940919	0.87341136893388
6.2275126298297	0.87383521948491
6.2184704003319	0.87425777781267
6.2094543910522	0.87467903433183
6.2004644881075	0.87509897946622
6.1915005782734	0.87551760364917
6.1825625489792	0.87593489732390
6.1736502883031	0.87635085094396
6.1647636849681	0.87676545497356
6.1559026283368	0.87717869988801
6.1470670084068	0.87759057617411
6.1382567158067	0.87800107433052
6.1294716417910	0.87841018486816
6.1207116782360	0.87881789831064
6.1119767176351	0.87922420519462
6.1032666530945	0.87962909607023
6.0945813783289	0.88003256150146
6.0859207876573	0.88043459206656
6.0772847759984	0.88083517835845
6.0686732388664	0.88123431098511
6.0600860723671	0.88163198057000
6.0515231731934	0.88202817775243
6.0429844386212	0.88242289318800
6.0344697665056	0.88281611754898
6.0259790552764	0.88320784152473
6.0175122039342	0.88359805582210
6.0090691120465	0.88398675116582
6.0006496797438	0.88437391829895
5.9922538077154	0.88475954798322
5.9838813972056	0.88514363099951
5.9755323500100	0.88552615814821
5.9672065684713	0.88590712024965
5.9589039554760	0.88628650814449
5.9506244144502	0.88666431269417
5.9423678493558	0.88704052478126
5.9341341646873	0.88741513530993
5.9259232654675	0.88778813520631
5.9177350572444	0.88815951541894
5.9095694460871	0.88852926691918
5.9014263385827	0.88889738070158
5.8933056418321	0.88926384778435
5.8852072634472	0.88962865920972
5.8771311115468	0.88999180604439
5.8690770947533	0.89035327937993
5.8610451221896	0.89071307033320
5.8530351034752	0.89107117004673
5.8450469487229	0.89142756968919
5.8370805685358	0.89178226045577
5.8291358740035	0.89213523356858
5.8212127766990	0.89248648027709
5.8133111886756	0.89283599185856
5.8054310224632	0.89318375961840
5.7975721910656	0.89352977489063
5.7897346079567	0.89387402903828
5.7819181870781	0.89421651345378
5.7741228428351	0.89455721955944
5.7663484900942	0.89489613880780
5.7585950441798	0.89523326268204
5.7508624208709	0.89556858269647
5.7431505363985	0.89590209039685
5.7354593074421	0.89623377736088
5.7277886511272	0.89656363519856
5.7201384850219	0.89689165555262
5.7125087271341	0.89721783009895
5.7048992959087	0.89754215054700
5.6973101102242	0.89786460864018
5.6897410893908	0.89818519615628
5.6821921531463	0.89850390490792
5.6746632216544	0.89882072674287
5.6671542155009	0.89913565354457
5.6596650556919	0.89944867723245
5.6521956636501	0.89975978976239
5.6447459612126	0.90006898312713
5.6373158706281	0.90037624935665
5.6299053145540	0.90068158051859
5.6225142160540	0.90098496871867
5.6151424985952	0.90128640610110
5.6077900860456	0.90158588484894
5.6004569026714	0.90188339718459
5.5931428731343	0.90217893537009
5.5858479224893	0.90247249170763
5.5785719761816	0.90276405853987
5.5713149600446	0.90305362825040
5.5640768002970	0.90334119326409
5.5568574235403	0.90362674604754
5.5496567567568	0.90391027910945
5.5424747273063	0.90419178500104
5.5353112629247	0.90447125631642
5.5281662917204	0.90474868569301
5.5210397421731	0.90502406581193
5.5139315431304	0.90529738939839
5.5068416238060	0.90556864922209
5.4997699137773	0.90583783809761
5.4927163429828	0.90610494888481
5.4856808417200	0.90636997448920
5.4786633406433	0.90663290786235
5.4716637707611	0.90689374200226
5.4646820634342	0.90715246995376
5.4577181503732	0.90740908480890
5.4507719636364	0.90766357970731
5.4438434356274	0.90791594783660
5.4369324990932	0.90816618243275
5.4300390871219	0.90841427678045
5.4231631331404	0.90866022421354
5.4163045709124	0.90890401811531
5.4094633345363	0.90914565191895
5.4026393584430	0.90938511910786
5.3958325773938	0.90962241321607
5.3890429264785	0.90985752782858
5.3822703411131	0.91009045658174
5.3755147570378	0.91032119316359
5.3687761103152	0.91054973131428
5.3620543373278	0.91077606482636
5.3553493747767	0.91100018754522
5.3486611596789	0.91122209336937
5.3419896293656	0.91144177625086
5.3353347214807	0.91165923019557
5.3286963739780	0.91187444926363
5.3220745251198	0.91208742756974
5.3154691134752	0.91229815928349
5.3088800779175	0.91250663862975
5.3023073576229	0.91271285988899
5.2957508920685	0.91291681739763
5.2892106210303	0.91311850554836
5.2826864845815	0.91331791879051
5.2761784230905	0.91351505163036
5.2696863772192	0.91370989863147
5.2632102879213	0.91390245441500
5.2567500964405	0.91409271366009
5.2503057443082	0.91428067110411
5.2438771733427	0.91446632154303
5.2374643256464	0.91464965983173
5.2310671436050	0.91483068088430
5.2246855698850	0.91500937967438
5.2183195474326	0.91518575123542
5.2119690194715	0.91535979066107
5.2056339295016	0.91553149310539
5.1993142212973	0.91570085378324
5.1930098389052	0.91586786797050
5.1867207266436	0.91603253100442
5.1804468290997	0.91619483828391
5.1741880911288	0.91635478526978
5.1679444578521	0.91651236748510
5.1617158746556	0.91666758051541
5.1555022871883	0.91682042000907
5.1493036413604	0.91697088167747
5.1431198833419	0.91711896129537
5.1369509595613	0.91726465470110
5.1307968167037	0.91740795779690
5.1246574017094	0.91754886654912
5.1185326617722	0.91768737698853
5.1124225443383	0.91782348521053
5.1063269971044	0.91795718737545
5.1002459680163	0.91808847970878
5.0941794052676	0.91821735850139
5.0881272572980	0.91834382010981
5.0820894727920	0.91846786095647
5.0760660006773	0.91858947752990
5.0700567901235	0.91870866638499
5.0640617905405	0.91882542414321
5.0580809515775	0.91893974749283
5.0521142231210	0.91905163318915
5.0461615552937	0.91916107805471
5.0402228984533	0.91926807897949
5.0342982031906	0.91937263292114
5.0283874203287	0.91947473690518
5.0224905009214	0.91957438802517
5.0166073962517	0.91967158344295
5.0107380578305	0.91976632038881
5.0048824373957	0.91985859616168
4.9990404869101	0.91994840812930
4.9932121585610	0.92003575372844
4.9873974047579	0.92012063046501
4.9815961781323	0.92020303591431
4.9758084315353	0.92028296772112
4.9700341180371	0.92036042359992
4.9642731909256	0.92043540133500
4.9585256037049	0.92050789878068
4.9527913100942	0.92057791386137
4.9470702640264	0.92064544457179
4.9413624196473	0.92071048897707
4.9356677313138	0.92077304521291
4.9299861535932	0.92083311148569
4.9243176412615	0.92089068607260
4.9186621493027	0.92094576732177
4.9130196329072	0.92099835365237
4.9073900474709	0.92104844355476
4.9017733485939	0.92109603559055
4.8961694920790	0.92114112839273
4.8905784339315	0.92118372066578
4.8850001303569	0.92122381118572
4.8794345377604	0.92126139880024
4.8738816127459	0.92129648242877
4.8683413121143	0.92132906106256
4.8628135928629	0.92135913376473
4.8572984121841	0.92138669967039
4.8517957274640	0.92141175798666
4.8463054962819	0.92143430799274
4.8408276764088	0.92145434903997
4.8353622258065	0.92147188055188
4.8299091026261	0.92148690202425
4.8244682652076	0.92149941302510
4.8190396720784	0.92150941319477
4.8136232819525	0.92151690224594
4.8082190537289	0.92152187996363
4.8028269464915	0.92152434620528
4.7974469195071	0.92152430090066
4.7920789322251	0.92152174405201
4.7867229442759	0.92151667573391
4.7813789154705	0.92150909609340
4.7760468057989	0.92149900534987
4.7707265754297	0.92148640379514
4.7654181847083	0.92147129179336
4.7601215941569	0.92145366978106
4.7548367644726	0.92143353826707
4.7495636565272	0.92141089783252
4.7443022313657	0.92138574913079
4.7390524502055	0.92135809288746
4.7338142744355	0.92132792990028
4.7285876656151	0.92129526103912
4.7233725854735	0.92126008724587
4.7181689959081	0.92122240953444
4.7129768589844	0.92118222899064
4.7077961369347	0.92113954677213
4.7026267921569	0.92109436410836
4.6974687872140	0.92104668230042
4.6923220848333	0.92099650272103
4.6871866479049	0.92094382681441
4.6820624394815	0.92088865609615
4.6769494227769	0.92083099215318
4.6718475611657	0.92077083664359
4.6667568181818	0.92070819129655
4.6616771575183	0.92064305791218
4.6566085430258	0.92057543836143
4.6515509387122	0.92050533458596
4.6465043087415	0.92043274859797
4.6414686174330	0.92035768248010
4.6364438292607	0.92028013838527
4.6314299088522	0.92020011853652
4.6264268209877	0.92011762522686
4.6214345305997	0.92003266081912
4.6164530027718	0.91994522774577
4.6114822027380	0.91985532850876
4.6065220958820	0.91976296567934
4.6015726477360	0.91966814189788
4.5966338239804	0.91957085987369
4.5917055904426	0.91947112238481
4.5867879130967	0.91936893227787
4.5818807580621	0.91926429246780
4.5769840916031	0.91915720593772
4.5720978801281	0.91904767573866
4.5672220901889	0.91893570498939
4.5623566884797	0.91882129687618
4.5575016418364	0.91870445465258
4.5526569172361	0.91858518163919
4.5478224817961	0.91846348122343
4.5429983027731	0.91833935685932
4.5381843475628	0.91821281206720
4.5333805836988	0.91808385043352
4.5285869788520	0.91795247561056
4.5238035008299	0.91781869131620
4.5190301175761	0.91768250133364
4.5142667971691	0.91754390951114
4.5095135078219	0.91740291976178
4.5047702178813	0.91725953606313
4.5000368958271	0.91711376245702
4.4953135102714	0.91696560304924
4.4906000299581	0.91681506200926
4.4858964237618	0.91666214356994
4.4812026606876	0.91650685202723
4.4765187098701	0.91634919173988
4.4718445405728	0.91618916712911
4.4671801221875	0.91602678267837
4.4625254242334	0.91586204293295
4.4578804163569	0.91569495249971
4.4532450683304	0.91552551604677
4.4486193500519	0.91535373830316
4.4440032315446	0.91517962405853
4.4393966829557	0.91500317816276
4.4347996745562	0.91482440552570
4.4302121767401	0.91464331111679
4.4256341600236	0.91445989996474
4.4210655950450	0.91427417715716
4.4165064525633	0.91408614784024
4.4119567034584	0.91389581721840
4.4074163187298	0.91370319055391
4.4028852694963	0.91350827316657
4.3983635269953	0.91331107043332
4.3938510625824	0.91311158778788
4.3893478477306	0.91290983072042
4.3848538540295	0.91270580477713
4.3803690531853	0.91249951555990
4.3758934170194	0.91229096872594
4.3714269174686	0.91208016998735
4.3669695265841	0.91186712511082
4.3625212165309	0.91165183991717
4.3580819595871	0.91143432028102
4.3536517281441	0.91121457213036
4.3492304947048	0.91099260144621
4.3448182318841	0.91076841426217
4.3404149124077	0.91054201666404
4.3360205091119	0.91031341478947
4.3316349949429	0.91008261482749
4.3272583429561	0.90984962301813
4.3228905263158	0.90961444565205
4.3185315182944	0.90937708907007
4.3141812922723	0.90913755966284
4.3098398217366	0.90889586387034
4.3055070802815	0.90865200818154
4.3011830416069	0.90840599913394
4.2968676795184	0.90815784331319
4.2925609679267	0.90790754735261
4.2882628808468	0.90765511793287
4.2839733923978	0.90740056178145
4.2796924768023	0.90714388567232
4.2754201083856	0.90688509642546
4.2711562615757	0.90662420090643
4.2669009109024	0.90636120602599
4.2626540309967	0.90609611873960
4.2584155965909	0.90582894604707
4.2541855825174	0.90555969499207
4.2499639637085	0.90528837266173
4.2457507151961	0.90501498618618
4.2415458121109	0.90473954273815
4.2373492296820	0.90446204953251
4.2331609432364	0.90418251382585
4.2289809281986	0.90390094291604
4.2248091600902	0.90361734414178
4.2206456145291	0.90333172488219
4.2164902672293	0.90304409255634
4.2123430940003	0.90275445462285
4.2082040707468	0.90246281857943
4.2040731734680	0.90216919196244
4.1999503782572	0.90187358234645
4.1958356613016	0.90157599734382
4.1917289988814	0.90127644460423
4.1876303673697	0.90097493181430
4.1835397432319	0.90067146669707
4.1794571030252	0.90036605701163
4.1753824233983	0.90005871055265
4.1713156810909	0.89974943514995
4.1672568529330	0.89943823866805
4.1632059158450	0.89912512900576
4.1591628468368	0.89881011409572
4.1551276230076	0.89849320190398
4.1511002215453	0.89817440042955
4.1470806197261	0.89785371770398
4.1430687949143	0.89753116179091
4.1390647245616	0.89720674078565
4.1350683862069	0.89688046281474
4.1310797574755	0.89655233603554
4.1270988160793	0.89622236863577
4.1231255398157	0.89589056883308
4.1191599065677	0.89555694487466
4.1152018943034	0.89522150503678
4.1112514810752	0.89488425762438
4.1073086450199	0.89454521097062
4.1033733643581	0.89420437343651
4.0994456173937	0.89386175341043
4.0955253825137	0.89351735930774
4.0916126381875	0.89317119957038
4.0877073629670	0.89282328266640
4.0838095354856	0.89247361708961
4.0799191344584	0.89212221135910
4.0760361386812	0.89176907401890
4.0721605270307	0.89141421363750
4.0682922784638	0.89105763880750
4.0644313720174	0.89069935814517
4.0605777868075	0.89033938029006
4.0567315020298	0.88997771390460
4.0528924969582	0.88961436767368
4.0490607509454	0.88924935030429
4.0452362434219	0.88888267052510
4.0414189538959	0.88851433708606
4.0376088619529	0.88814435875804
4.0338059472551	0.88777274433241
4.0300101895416	0.88739950262067
4.0262215686274	0.88702464245407
4.0224400644036	0.88664817268324
4.0186656568365	0.88627010217776
4.0148983259676	0.88589043982586
4.0111380519133	0.88550919453398
4.0073848148643	0.88512637522646
4.0036385950855	0.88474199084511
3.9998993729153	0.88435605034891
3.9961671287657	0.88396856271360
3.9924418431216	0.88357953693132
3.9887234965407	0.88318898201032
3.9850120696531	0.88279690697452
3.9813075431607	0.88240332086320
3.9776098978373	0.88200823273069
3.9739191145281	0.88161165164594
3.9702351741491	0.88121358669227
3.9665580576872	0.88081404696697
3.9628877461996	0.88041304158099
3.9592242208135	0.88001057965860
3.9555674627260	0.87960667033709
3.9519174532033	0.87920132276640
3.9482741735809	0.87879454610882
3.9446376052632	0.87838634953870
3.9410077297226	0.87797674224209
3.9373845285001	0.87756573341643
3.9337679832043	0.87715333227030
3.9301580755113	0.87673954802305
3.9265547871644	0.87632438990451
3.9229580999738	0.87590786715474
3.9193679958164	0.87548998902367
3.9157844566353	0.87507076477086
3.9122074644395	0.87465020366518
3.9086370013038	0.87422831498456
3.9050730493682	0.87380510801566
3.9015155908381	0.87338059205364
3.8979646079834	0.87295477640186
3.8944200831385	0.87252767037164
3.8908819987021	0.87209928328196
3.8873503371369	0.87166962445920
3.8838250809690	0.87123870323690
3.8803062127880	0.87080652895552
3.8767937152463	0.87037311096213
3.8732875710594	0.86993845861022
3.8697877630050	0.86950258125943
3.8662942739231	0.86906548827532
3.8628070867156	0.86862718902911
3.8593261843460	0.86818769289748
3.8558515498392	0.86774700926232
3.8523831662812	0.86730514751050
3.8489210168186	0.86686211703366
3.8454650846588	0.86641792722800
3.8420153530693	0.86597258749403
3.8385718053777	0.86552610723640
3.8351344249712	0.86507849586367
3.8317031952965	0.86462976278809
3.8282780998595	0.86417991742545
3.8248591222251	0.86372896919484
3.8214462460166	0.86327692751846
3.8180394549159	0.86282380182145
3.8146387326632	0.86236960153170
3.8112440630562	0.86191433607964
3.8078554299505	0.86145801489811
3.8044728172589	0.86100064742214
3.8010962089514	0.86054224308881
3.7977255890550	0.86008281133705
3.7943609416530	0.85962236160751
3.7910022508852	0.85916090334239
3.7876495009476	0.85869844598524
3.7843026760919	0.85823499898089
3.7809617606256	0.85777057177520
3.7776267389113	0.85730517381501
3.7742975953670	0.85683881454792
3.7709743144654	0.85637150342219
3.7676568807339	0.85590324988658
3.7643452787544	0.85543406339023
3.7610394931627	0.85496395338256
3.7577395086488	0.85449292931306
3.7544453099562	0.85402100063124
3.7511568818819	0.85354817678650
3.7478742092762	0.85307446722796
3.7445972770422	0.85259988140441
3.7413260701360	0.85212442876418
3.7380605735661	0.85164811875498
3.7348007723932	0.85117096082389
3.7315466517301	0.85069296441715
3.7282981967417	0.85021413898017
3.7250553926441	0.84973449395735
3.7218182247052	0.84925403879200
3.7185866782436	0.84877278292630
3.7153607386293	0.84829073580115
3.7121403912828	0.84780790685612
3.7089256216751	0.84732430552938
3.7057164153276	0.84683994125755
3.7025127578115	0.84635482347573
3.6993146347483	0.84586896161732
3.6961220318087	0.84538236511403
3.6929349347130	0.84489504339575
3.6897533292308	0.84440700589054
3.6865772011805	0.84391826202449
3.6834065364295	0.84342882122176
3.6802413208937	0.84293869290441
3.6770815405372	0.84244788649244
3.6739271813725	0.84195641140365
3.6707782294600	0.84146427705367
3.6676346709078	0.84097149285583
3.6644964918714	0.84047806822116
3.6613636785540	0.83998401255834
3.6582362172056	0.83948933527363
3.6551140941234	0.83899404577086
3.6519972956511	0.83849815345136
3.6488858081792	0.83800166771394
3.6457796181442	0.83750459795483
3.6426787120292	0.83700695356768
3.6395830763628	0.83650874394350
3.6364926977196	0.83600997847062
3.6334075627197	0.83551066653468
3.6303276580286	0.83501081751859
3.6272529703569	0.83451044080251
3.6241834864603	0.83400954576382
3.6211191931393	0.83350814177707
3.6180600772387	0.83300623821401
3.6150061256481	0.83250384444350
3.6119573253012	0.83200096983156
3.6089136631756	0.83149762374127
3.6058751262930	0.83099381553283
3.6028417017185	0.83048955456348
3.5998133765610	0.82998485018751
3.5967901379724	0.82947971175625
3.5937719731479	0.82897414861803
3.5907588693257	0.82846817011818
3.5877508137865	0.82796178559900
3.5847477938539	0.82745500439977
3.5817497968937	0.82694783585672
3.5787568103140	0.82644028930302
3.5757688215649	0.82593237406876
3.5727858181385	0.82542409948095
3.5698077875685	0.82491547486348
3.5668347174301	0.82440650953717
3.5638665953400	0.82389721281966
3.5609034089559	0.82338759402551
3.5579451459767	0.82287766246609
3.5549917941421	0.82236742744962
3.5520433412322	0.82185689828116
3.5490997750681	0.82134608426257
3.5461610835108	0.82083499469251
3.5432272544616	0.82032363886645
3.5402982758621	0.81981202607659
3.5373741356932	0.81930016561194
3.5344548219759	0.81878806675822
3.5315403227706	0.81827573879790
3.5286306261770	0.81776319101016
3.5257257203340	0.81725043267088
3.5228255934195	0.81673747305260
3.5199302336503	0.81622432142457
3.5170396292820	0.81571098705264
3.5141537686086	0.81519747919930
3.5112726399625	0.81468380712364
3.5083962317145	0.81416998008135
3.5055245322732	0.81365600732465
3.5026575300853	0.81314189810231
3.4997952136353	0.81262766165960
3.4969375714452	0.81211330723828
3.4940845920746	0.81159884407657
3.4912362641202	0.81108428140907
3.4883925762160	0.81056962846683
3.4855535170329	0.81005489447721
3.4827190752788	0.80954008866392
3.4798892396982	0.80902522024696
3.4770639990721	0.80851029844255
3.4742433422181	0.80799533246315
3.4714272579898	0.80748033151738
3.4686157352771	0.80696530480996
3.4658087630058	0.80645026154172
3.4630063301375	0.80593521090951
3.4602084256694	0.80542016210615
3.4574150386345	0.80490512432039
3.4546261581009	0.80439010673687
3.4518417731721	0.80387511853603
3.4490618729867	0.80336016889407
3.4462864467180	0.80284526698290
3.4435154835745	0.80233042197005
3.4407489727993	0.80181564301862
3.4379869036697	0.80130093928721
3.4352292654979	0.80078631992985
3.4324760476300	0.80027179409591
3.4297272394463	0.79975737093007
3.4269828303612	0.79924305957216
3.4242428098230	0.79872886915717
3.4215071673134	0.79821480881509
3.4187758923480	0.79770088767086
3.4160489744758	0.79718711484428
3.4133264032791	0.79667349944990
3.4106081683732	0.79616005059694
3.4078942594066	0.79564677738916
3.4051846660609	0.79513368892481
3.4024793780502	0.79462079429646
3.3997783851213	0.79410810259096
3.3970816770538	0.79359562288925
3.3943892436594	0.79308336426633
3.3917010747822	0.79257133579105
3.3890171602984	0.79205954652607
3.3863374901163	0.79154800552769
3.3836620541761	0.79103672184573
3.3809908424495	0.79052570452339
3.3783238449403	0.79001496259712
3.3756610516834	0.78950450509650
3.3730024527453	0.78899434104407
3.3703480382237	0.78848447945519
3.3676977982476	0.78797492933791
3.3650517229768	0.78746569969277
3.3624098026021	0.78695679951270
3.3597720273451	0.78644823778282
3.3571383874580	0.78594002348030
3.3545088732237	0.78543216557417
3.3518834749553	0.78492467302516
3.3492621829963	0.78441755478553
3.3466449877205	0.78391081979887
3.3440318795315	0.78340447699993
3.3414228488631	0.78289853531447
3.3388178861789	0.78239300365898
3.3362169819720	0.78188789094058
3.3336201267653	0.78138320605676
3.3310273111111	0.78087895789521
