#Parameters = {thARC=0; nARC=1.75; thsub=1; p=1; nSub=4}
#"Wavelength / um"	"T (667) [Real Part]"
#---------------------------------------
14.989622900000	0.64000006994060
14.937342202292	0.64002788464906
14.885424925521	0.64005490446733
14.833867293419	0.64008114066422
14.782665581854	0.64010660443805
14.731816117936	0.64013130691615
14.681315279138	0.64015525915441
14.631159492435	0.64017847213690
14.581345233463	0.64020095677543
14.531869025691	0.64022272390916
14.482727439614	0.64024378430420
14.433917091960	0.64026414865326
14.385434644914	0.64028382757528
14.337276805356	0.64030283161510
14.289440324118	0.64032117124311
14.241921995249	0.64033885685492
14.194718655303	0.64035589877110
14.147827182633	0.64037230723684
14.101244496707	0.64038809242167
14.054967557431	0.64040326441923
14.008993364486	0.64041783324699
13.963318956684	0.64043180884597
13.917941411328	0.64044520108057
13.872857843591	0.64045801973833
13.828065405904	0.64047027452969
13.783561287356	0.64048197508783
13.739342713107	0.64049313096847
13.695406943810	0.64050375164970
13.651751275046	0.64051384653181
13.608373036768	0.64052342493716
13.565269592760	0.64053249611002
13.522438340099	0.64054106921645
13.479876708633	0.64054915334420
13.437582160466	0.64055675750259
13.395552189455	0.64056389062238
13.353784320713	0.64057056155577
13.312276110124	0.64057677907625
13.271025143869	0.64058255187858
13.230029037952	0.64058788857871
13.189285437747	0.64059279771377
13.148792017544	0.64059728774201
13.108546480105	0.64060136704281
13.068546556234	0.64060504391662
13.028790004346	0.64060832658502
12.989274610052	0.64061122319068
12.949998185745	0.64061374179740
12.910958570198	0.64061589039014
12.872153628167	0.64061767687503
12.833581250000	0.64061910907948
12.795239351259	0.64062019475214
12.757125872340	0.64062094156308
12.719238778108	0.64062135710375
12.681576057530	0.64062144888715
12.644135723323	0.64062122434789
12.606915811606	0.64062069084226
12.569914381551	0.64061985564841
12.533129515050	0.64061872596639
12.496559316382	0.64061730891834
12.460201911887	0.64061561154859
12.424055449648	0.64061364082379
12.388118099174	0.64061140363312
12.352388051092	0.64060890678837
12.316863516845	0.64060615702417
12.281542728390	0.64060316099812
12.246423937908	0.64059992529102
12.211505417515	0.64059645640700
12.176785458976	0.64059276077376
12.142262373431	0.64058884474276
12.107934491115	0.64058471458942
12.073800161095	0.64058037651336
12.039857751004	0.64057583663860
12.006105646776	0.64057110101383
11.972542252396	0.64056617561259
11.939165989646	0.64056106633356
11.905975297855	0.64055577900082
11.872968633663	0.64055031936406
11.840144470774	0.64054469309888
11.807501299724	0.64053890580705
11.775037627651	0.64053296301678
11.742751978065	0.64052687018303
11.710642890625	0.64052063268776
11.678708920919	0.64051425584025
11.646948640249	0.64050774487739
11.615360635413	0.64050110496397
11.583943508501	0.64049434119304
11.552695876686	0.64048745858616
11.521616372022	0.64048046209378
11.490703641242	0.64047335659553
11.459956345566	0.64046614690055
11.429373160503	0.64045883774786
11.398952775665	0.64045143380666
11.368693894577	0.64044393967672
11.338595234493	0.64043635988867
11.308655526217	0.64042869890443
11.278873513920	0.64042096111750
11.249247954972	0.64041315085338
11.219777619760	0.64040527236990
11.190461291527	0.64039732985760
11.161297766195	0.64038932744012
11.132285852209	0.64038126917458
11.103424370370	0.64037315905194
11.074712153676	0.64036500099744
11.046148047163	0.64035679887091
11.017730907755	0.64034855646725
10.989459604106	0.64034027751677
10.961333016453	0.64033196568564
10.933350036470	0.64032362457625
10.905509567115	0.64031525772765
10.877810522496	0.64030686861595
10.850251827723	0.64029846065474
10.822832418773	0.64029003719550
10.795551242348	0.64028160152805
10.768407255747	0.64027315688093
10.741399426729	0.64026470642186
10.714526733381	0.64025625325816
10.687788163993	0.64024780043717
10.661182716927	0.64023935094673
10.634709400497	0.64023090771554
10.608367232838	0.64022247361367
10.582155241793	0.64021405145298
10.556072464789	0.64020564398755
10.530117948718	0.64019725391414
10.504290749825	0.64018888387262
10.478589933590	0.64018053644646
10.453014574616	0.64017221416314
10.427563756522	0.64016391949462
10.402236571825	0.64015565485782
10.377032121841	0.64014742261501
10.351949516575	0.64013922507434
10.326987874612	0.64013106449029
10.302146323024	0.64012294306407
10.277423997257	0.64011486294417
10.252820041040	0.64010682622675
10.228333606278	0.64009883495616
10.203963852961	0.64009089112537
10.179709949066	0.64008299667646
10.155571070461	0.64007515350109
10.131546400811	0.64006736344093
10.107635131490	0.64005962828820
10.083836461487	0.64005194978607
10.060149597315	0.64004432962920
10.036573752929	0.64003676946416
10.013108149633	0.64002927088991
9.9897520159947	0.64002183545830
9.9665045877660	0.64001446467454
9.9433651077944	0.64000715999765
9.9203328259431	0.63999992284096
9.8974069990096	0.63999275457258
9.8745868906456	0.63998565651586
9.8518717712783	0.63997862994990
9.8292609180328	0.63997167610999
9.8067536146549	0.63996479618810
9.7843491514360	0.63995799133337
9.7620468251384	0.63995126265256
9.7398459389214	0.63994461121057
9.7177458022690	0.63993803803085
9.6957457309185	0.63993154409593
9.6738450467893	0.63992513034789
9.6520430779137	0.63991879768881
9.6303391583681	0.63991254698126
9.6087326282051	0.63990637904877
9.5872228333866	0.63990029467630
9.5658091257179	0.63989429461075
9.5444908627826	0.63988837956138
9.5232674078780	0.63988255020030
9.5021381299525	0.63987680716295
9.4811024035421	0.63987115104859
9.4601596087094	0.63986558242072
9.4393091309824	0.63986010180759
9.4185503612944	0.63985470970264
9.3978826959248	0.63984940656501
9.3773055364404	0.63984419281994
9.3568182896380	0.63983906885931
9.3364203674868	0.63983403504205
9.3161111870727	0.63982909169461
9.2958901705426	0.63982423911146
9.2757567450495	0.63981947755549
9.2557103426984	0.63981480725854
9.2357504004929	0.63981022842180
9.2158763602828	0.63980574121628
9.1960876687117	0.63980134578328
9.1763837771656	0.63979704223486
9.1567641417227	0.63979283065423
9.1372282231027	0.63978871109628
9.1177754866180	0.63978468358796
9.0984054021244	0.63978074812877
9.0791174439733	0.63977690469121
9.0599110909640	0.63977315322118
9.0407858262967	0.63976949363849
9.0217411375263	0.63976592583722
9.0027765165165	0.63976244968625
8.9838914593947	0.63975906502961
8.9650854665072	0.63975577168699
8.9463580423754	0.63975256945413
8.9277086956522	0.63974945810325
8.9091369390788	0.63974643738351
8.8906422894425	0.63974350702143
8.8722242675348	0.63974066672128
8.8538823981099	0.63973791616556
8.8356162098438	0.63973525501539
8.8174252352941	0.63973268291093
8.7993090108600	0.63973019947179
8.7812670767428	0.63972780429749
8.7632989769073	0.63972549696781
8.7454042590432	0.63972327704326
8.7275824745269	0.63972114406545
8.7098331783847	0.63971909755750
8.6921559292549	0.63971713702448
8.6745502893519	0.63971526195377
8.6570158244297	0.63971347181548
8.6395521037464	0.63971176606284
8.6221587000288	0.63971014413260
8.6048351894374	0.63970860544544
8.5875811515325	0.63970714940631
8.5703961692396	0.63970577540487
8.5532798288160	0.63970448281585
8.5362317198178	0.63970327099945
8.5192514350668	0.63970213930169
8.5023385706183	0.63970108705481
8.4854927257288	0.63970011357764
8.4687135028249	0.63969921817598
8.4520005074711	0.63969840014296
8.4353533483399	0.63969765875939
8.4187716371806	0.63969699329418
8.4022549887892	0.63969640300464
8.3858030209790	0.63969588713685
8.3694153545505	0.63969544492607
8.3530916132627	0.63969507559703
8.3368314238042	0.63969477836430
8.3206344157646	0.63969455243264
8.3045002216066	0.63969439699737
8.2884284766381	0.63969431124467
8.2724188189845	0.63969429435194
8.2564708895621	0.63969434548814
8.2405843320506	0.63969446381410
8.2247587928669	0.63969464848290
8.2089939211391	0.63969489864015
8.1932893686800	0.63969521342433
8.1776447899618	0.63969559196710
8.1620598420909	0.63969603339366
8.1465341847826	0.63969653682303
8.1310674803363	0.63969710136835
8.1156593936113	0.63969772613723
8.1003095920022	0.63969841023204
8.0850177454153	0.63969915275020
8.0697835262450	0.63969995278450
8.0546066093498	0.63970080942338
8.0394866720300	0.63970172175124
8.0244233940043	0.63970268884875
8.0094164573871	0.63970370979307
7.9944655466667	0.63970478365822
7.9795703486825	0.63970590951529
7.9647305526036	0.63970708643279
7.9499458499072	0.63970831347686
7.9352159343568	0.63970958971159
7.9205405019815	0.63971091419925
7.9059192510549	0.63971228600059
7.8913518820742	0.63971370417511
7.8768380977404	0.63971516778127
7.8623776029373	0.63971667587681
7.8479701047120	0.63971822751896
7.8336153122550	0.63971982176470
7.8193129368805	0.63972145767103
7.8050626920073	0.63972313429519
7.7908642931393	0.63972485069490
7.7767174578470	0.63972660592864
7.7626219057483	0.63972839905581
7.7485773584906	0.63973022913704
7.7345835397317	0.63973209523438
7.7206401751223	0.63973399641151
7.7067469922879	0.63973593173400
7.6929037208109	0.63973790026951
7.6791100922131	0.63973990108802
7.6653658399386	0.63974193326200
7.6516706993364	0.63974399586668
7.6380244076433	0.63974608798022
7.6244267039674	0.63974820868391
7.6108773292714	0.63975035706240
7.5973760263558	0.63975253220385
7.5839225398432	0.63975473320018
7.5705166161616	0.63975695914723
7.5571580035291	0.63975920914493
7.5438464519376	0.63976148229751
7.5305817131374	0.63976377771369
7.5173635406219	0.63976609450684
7.5041916896120	0.63976843179514
7.4910659170415	0.63977078870178
7.4779859815415	0.63977316435512
7.4649516434263	0.63977555788886
7.4519626646781	0.63977796844217
7.4390188089330	0.63978039515990
7.4261198414664	0.63978283719270
7.4132655291790	0.63978529369718
7.4004556405826	0.63978776383605
7.3876899457861	0.63979024677832
7.3749682164822	0.63979274169934
7.3622902259332	0.63979524778106
7.3496557489581	0.63979776421206
7.3370645619187	0.63980029018778
7.3245164427071	0.63980282491056
7.3120111707317	0.63980536758983
7.2995485269053	0.63980791744223
7.2871282936315	0.63981047369170
7.2747502547925	0.63981303556961
7.2624141957364	0.63981560231490
7.2501199032648	0.63981817317417
7.2378671656205	0.63982074740179
7.2256557724753	0.63982332426000
7.2134855149182	0.63982590301905
7.2013561854432	0.63982848295726
7.1892675779376	0.63983106336113
7.1772194876706	0.63983364352543
7.1652117112811	0.63983622275333
7.1532440467669	0.63983880035642
7.1413162934731	0.63984137565486
7.1294282520809	0.63984394797742
7.1175797245964	0.63984651666158
7.1057705143399	0.63984908105362
7.0940004259347	0.63985164050865
7.0822692652965	0.63985419439073
7.0705768396226	0.63985674207292
7.0589229573817	0.63985928293732
7.0473074283028	0.63986181637518
7.0357300633654	0.63986434178692
7.0241906747891	0.63986685858223
7.0126890760234	0.63986936618006
7.0012250817375	0.63987186400875
6.9897985078107	0.63987435150602
6.9784091713222	0.63987682811904
6.9670568905415	0.63987929330446
6.9557414849188	0.63988174652848
6.9444627750753	0.63988418726685
6.9332205827937	0.63988661500495
6.9220147310090	0.63988902923777
6.9108450437990	0.63989142946999
6.8997113463751	0.63989381521599
6.8886134650735	0.63989618599985
6.8775512273457	0.63989854135542
6.8665244617499	0.63990088082630
6.8555329979419	0.63990320396588
6.8445766666667	0.63990551033734
6.8336552997493	0.63990779951370
6.8227687300865	0.63991007107776
6.8119167916383	0.63991232462218
6.8010993194192	0.63991455974946
6.7903161494904	0.63991677607191
6.7795671189507	0.63991897321170
6.7688520659291	0.63992115080084
6.7581708295762	0.63992330848117
6.7475232500563	0.63992544590435
6.7369091685393	0.63992756273187
6.7263284271932	0.63992965863504
6.7157808691756	0.63993173329493
6.7052663386267	0.63993378640243
6.6947846806610	0.63993581765816
6.6843357413601	0.63993782677252
6.6739193677649	0.63993981346560
6.6635354078684	0.63994177746721
6.6531837106081	0.63994371851681
6.6428641258586	0.63994563636353
6.6325765044248	0.63994753076610
6.6223206980340	0.63994940149283
6.6120965593295	0.63995124832158
6.6019039418630	0.63995307103973
6.5917427000879	0.63995486944414
6.5816126893524	0.63995664334107
6.5715137658922	0.63995839254621
6.5614457868243	0.63996011688458
6.5514086101399	0.63996181619050
6.5414020946978	0.63996349030756
6.5314261002179	0.63996513908854
6.5214804872743	0.63996676239538
6.5115651172893	0.63996836009912
6.5016798525266	0.63996993207986
6.4918245560849	0.63997147822667
6.4819990918919	0.63997299843756
6.4722033246978	0.63997449261943
6.4624371200690	0.63997596068796
6.4527003443823	0.63997740256760
6.4429928648184	0.63997881819149
6.4333145493562	0.63998020750137
6.4236652667667	0.63998157044754
6.4140448866068	0.63998290698877
6.4044532792138	0.63998421709225
6.3948903156997	0.63998550073352
6.3853558679446	0.63998675789637
6.3758498085921	0.63998798857277
6.3663720110427	0.63998919276282
6.3569223494487	0.63999037047465
6.3475006987084	0.63999152172435
6.3381069344609	0.63999264653589
6.3287409330800	0.63999374494101
6.3194025716695	0.63999481697920
6.3100917280572	0.63999586269755
6.3008082807902	0.63999688215070
6.2915521091291	0.63999787540074
6.2823230930427	0.63999884251715
6.2731211132036	0.63999978357667
6.2639460509820	0.64000069866323
6.2547977884415	0.64000158786787
6.2456762083333	0.64000245128863
6.2365811940919	0.64000328903046
6.2275126298297	0.64000410120514
6.2184704003319	0.64000488793117
6.2094543910522	0.64000564933369
6.2004644881075	0.64000638554436
6.1915005782734	0.64000709670128
6.1825625489792	0.64000778294888
6.1736502883031	0.64000844443785
6.1647636849681	0.64000908132500
6.1559026283368	0.64000969377317
6.1470670084068	0.64001028195116
6.1382567158067	0.64001084603359
6.1294716417910	0.64001138620080
6.1207116782360	0.64001190263877
6.1119767176351	0.64001239553900
6.1032666530945	0.64001286509842
6.0945813783289	0.64001331151925
6.0859207876573	0.64001373500892
6.0772847759984	0.64001413577999
6.0686732388664	0.64001451404996
6.0600860723671	0.64001487004127
6.0515231731934	0.64001520398110
6.0429844386212	0.64001551610131
6.0344697665056	0.64001580663833
6.0259790552764	0.64001607583303
6.0175122039342	0.64001632393062
6.0090691120465	0.64001655118055
6.0006496797438	0.64001675783640
5.9922538077154	0.64001694415573
5.9838813972056	0.64001711040003
5.9755323500100	0.64001725683457
5.9672065684713	0.64001738372831
5.9589039554760	0.64001749135375
5.9506244144502	0.64001757998687
5.9423678493558	0.64001764990699
5.9341341646873	0.64001770139666
5.9259232654675	0.64001773474155
5.9177350572444	0.64001775023035
5.9095694460871	0.64001774815464
5.9014263385827	0.64001772880879
5.8933056418321	0.64001769248983
5.8852072634472	0.64001763949738
5.8771311115468	0.64001757013349
5.8690770947533	0.64001748470256
5.8610451221896	0.64001738351123
5.8530351034752	0.64001726686822
5.8450469487229	0.64001713508431
5.8370805685358	0.64001698847212
5.8291358740035	0.64001682734611
5.8212127766990	0.64001665202237
5.8133111886756	0.64001646281858
5.8054310224632	0.64001626005387
5.7975721910656	0.64001604404872
5.7897346079567	0.64001581512484
5.7819181870781	0.64001557360506
5.7741228428351	0.64001531981325
5.7663484900942	0.64001505407418
5.7585950441798	0.64001477671343
5.7508624208709	0.64001448805726
5.7431505363985	0.64001418843254
5.7354593074421	0.64001387816661
5.7277886511272	0.64001355758721
5.7201384850219	0.64001322702232
5.7125087271341	0.64001288680012
5.7048992959087	0.64001253724884
5.6973101102242	0.64001217869667
5.6897410893908	0.64001181147167
5.6821921531463	0.64001143590163
5.6746632216544	0.64001105231403
5.6671542155009	0.64001066103588
5.6596650556919	0.64001026239364
5.6521956636501	0.64000985671315
5.6447459612126	0.64000944431949
5.6373158706281	0.64000902553688
5.6299053145540	0.64000860068863
5.6225142160540	0.64000817009701
5.6151424985952	0.64000773408313
5.6077900860456	0.64000729296691
5.6004569026714	0.64000684706692
5.5931428731343	0.64000639670034
5.5858479224893	0.64000594218283
5.5785719761816	0.64000548382844
5.5713149600446	0.64000502194958
5.5640768002970	0.64000455685682
5.5568574235403	0.64000408885891
5.5496567567568	0.64000361826263
5.5424747273063	0.64000314537272
5.5353112629247	0.64000267049180
5.5281662917204	0.64000219392027
5.5210397421731	0.64000171595624
5.5139315431304	0.64000123689545
5.5068416238060	0.64000075703117
5.4997699137773	0.64000027665414
5.4927163429828	0.63999979605249
5.4856808417200	0.63999931551163
5.4786633406433	0.63999883531421
5.4716637707611	0.63999835574004
5.4646820634342	0.63999787706598
5.4577181503732	0.63999739956592
5.4507719636364	0.63999692351066
5.4438434356274	0.63999644916787
5.4369324990932	0.63999597680198
5.4300390871219	0.63999550667418
5.4231631331404	0.63999503904228
5.4163045709124	0.63999457416067
5.4094633345363	0.63999411228029
5.4026393584430	0.63999365364849
5.3958325773938	0.63999319850906
5.3890429264785	0.63999274710207
5.3822703411131	0.63999229966388
5.3755147570378	0.63999185642708
5.3687761103152	0.63999141762039
5.3620543373278	0.63999098346861
5.3553493747767	0.63999055419261
5.3486611596789	0.63999013000924
5.3419896293656	0.63998971113127
5.3353347214807	0.63998929776736
5.3286963739780	0.63998889012200
5.3220745251198	0.63998848839547
5.3154691134752	0.63998809278379
5.3088800779175	0.63998770347865
5.3023073576229	0.63998732066741
5.2957508920685	0.63998694453302
5.2892106210303	0.63998657525401
5.2826864845815	0.63998621300439
5.2761784230905	0.63998585795371
5.2696863772192	0.63998551026691
5.2632102879213	0.63998517010439
5.2567500964405	0.63998483762188
5.2503057443082	0.63998451297048
5.2438771733427	0.63998419629659
5.2374643256464	0.63998388774190
5.2310671436050	0.63998358744333
5.2246855698850	0.63998329553304
5.2183195474326	0.63998301213839
5.2119690194715	0.63998273738189
5.2056339295016	0.63998247138122
5.1993142212973	0.63998221424919
5.1930098389052	0.63998196609370
5.1867207266436	0.63998172701776
5.1804468290997	0.63998149711943
5.1741880911288	0.63998127649185
5.1679444578521	0.63998106522318
5.1617158746556	0.63998086339662
5.1555022871883	0.63998067109038
5.1493036413604	0.63998048837770
5.1431198833419	0.63998031532678
5.1369509595613	0.63998015200085
5.1307968167037	0.63997999845811
5.1246574017094	0.63997985475173
5.1185326617722	0.63997972092988
5.1124225443383	0.63997959703570
5.1063269971044	0.63997948310731
5.1002459680163	0.63997937917781
5.0941794052676	0.63997928527529
5.0881272572980	0.63997920142280
5.0820894727920	0.63997912763844
5.0760660006773	0.63997906393525
5.0700567901235	0.63997901032132
5.0640617905405	0.63997896679976
5.0580809515775	0.63997893336870
5.0521142231210	0.63997891002131
5.0461615552937	0.63997889674586
5.0402228984533	0.63997889352565
5.0342982031906	0.63997890033910
5.0283874203287	0.63997891715975
5.0224905009214	0.63997894395626
5.0166073962517	0.63997898069245
5.0107380578305	0.63997902732733
5.0048824373957	0.63997908381510
4.9990404869101	0.63997915010520
4.9932121585610	0.63997922614234
4.9873974047579	0.63997931186648
4.9815961781323	0.63997940721293
4.9758084315353	0.63997951211233
4.9700341180371	0.63997962649072
4.9642731909256	0.63997975026955
4.9585256037049	0.63997988336569
4.9527913100942	0.63998002569154
4.9470702640264	0.63998017715501
4.9413624196473	0.63998033765957
4.9356677313138	0.63998050710429
4.9299861535932	0.63998068538392
4.9243176412615	0.63998087238886
4.9186621493027	0.63998106800527
4.9130196329072	0.63998127211509
4.9073900474709	0.63998148459609
4.9017733485939	0.63998170532190
4.8961694920790	0.63998193416211
4.8905784339315	0.63998217098225
4.8850001303569	0.63998241564391
4.8794345377604	0.63998266800475
4.8738816127459	0.63998292791856
4.8683413121143	0.63998319523534
4.8628135928629	0.63998346980133
4.8572984121841	0.63998375145907
4.8517957274640	0.63998404004748
4.8463054962819	0.63998433540189
4.8408276764088	0.63998463735414
4.8353622258065	0.63998494573260
4.8299091026261	0.63998526036226
4.8244682652076	0.63998558106478
4.8190396720784	0.63998590765858
4.8136232819525	0.63998623995888
4.8082190537289	0.63998657777776
4.8028269464915	0.63998692092428
4.7974469195071	0.63998726920448
4.7920789322251	0.63998762242150
4.7867229442759	0.63998798037564
4.7813789154705	0.63998834286443
4.7760468057989	0.63998870968268
4.7707265754297	0.63998908062261
4.7654181847083	0.63998945547386
4.7601215941569	0.63998983402361
4.7548367644726	0.63999021605665
4.7495636565272	0.63999060135544
4.7443022313657	0.63999098970021
4.7390524502055	0.63999138086901
4.7338142744355	0.63999177463782
4.7285876656151	0.63999217078063
4.7233725854735	0.63999256906950
4.7181689959081	0.63999296927465
4.7129768589844	0.63999337116454
4.7077961369347	0.63999377450599
4.7026267921569	0.63999417906419
4.6974687872140	0.63999458460286
4.6923220848333	0.63999499088430
4.6871866479049	0.63999539766947
4.6820624394815	0.63999580471809
4.6769494227769	0.63999621178874
4.6718475611657	0.63999661863890
4.6667568181818	0.63999702502510
4.6616771575183	0.63999743070296
4.6566085430258	0.63999783542732
4.6515509387122	0.63999823895230
4.6465043087415	0.63999864103137
4.6414686174330	0.63999904141752
4.6364438292607	0.63999943986327
4.6314299088522	0.63999983612080
4.6264268209877	0.64000022994202
4.6214345305997	0.64000062107870
4.6164530027718	0.64000100928253
4.6114822027380	0.64000139430521
4.6065220958820	0.64000177589858
4.6015726477360	0.64000215381466
4.5966338239804	0.64000252780580
4.5917055904426	0.64000289762471
4.5867879130967	0.64000326302463
4.5818807580621	0.64000362375935
4.5769840916031	0.64000397958336
4.5720978801281	0.64000433025192
4.5672220901889	0.64000467552113
4.5623566884797	0.64000501514810
4.5575016418364	0.64000534889095
4.5526569172361	0.64000567650898
4.5478224817961	0.64000599776271
4.5429983027731	0.64000631241402
4.5381843475628	0.64000662022623
4.5333805836988	0.64000692096416
4.5285869788520	0.64000721439427
4.5238035008299	0.64000750028474
4.5190301175761	0.64000777840556
4.5142667971691	0.64000804852862
4.5095135078219	0.64000831042781
4.5047702178813	0.64000856387910
4.5000368958271	0.64000880866067
4.4953135102714	0.64000904455297
4.4906000299581	0.64000927133880
4.4858964237618	0.64000948880344
4.4812026606876	0.64000969673473
4.4765187098701	0.64000989492315
4.4718445405728	0.64001008316192
4.4671801221875	0.64001026124707
4.4625254242334	0.64001042897758
4.4578804163569	0.64001058615541
4.4532450683304	0.64001073258563
4.4486193500519	0.64001086807650
4.4440032315446	0.64001099243956
4.4393966829557	0.64001110548968
4.4347996745562	0.64001120704522
4.4302121767401	0.64001129692805
4.4256341600236	0.64001137496367
4.4210655950450	0.64001144098129
4.4165064525633	0.64001149481389
4.4119567034584	0.64001153629836
4.4074163187298	0.64001156527551
4.4028852694963	0.64001158159022
4.3983635269953	0.64001158509148
4.3938510625824	0.64001157563246
4.3893478477306	0.64001155307065
4.3848538540295	0.64001151726787
4.3803690531853	0.64001146809039
4.3758934170194	0.64001140540899
4.3714269174686	0.64001132909904
4.3669695265841	0.64001123904057
4.3625212165309	0.64001113511836
4.3580819595871	0.64001101722200
4.3536517281441	0.64001088524594
4.3492304947048	0.64001073908963
4.3448182318841	0.64001057865750
4.3404149124077	0.64001040385909
4.3360205091119	0.64001021460911
4.3316349949429	0.64001001082747
4.3272583429561	0.64000979243938
4.3228905263158	0.64000955937543
4.3185315182944	0.64000931157159
4.3141812922723	0.64000904896932
4.3098398217366	0.64000877151562
4.3055070802815	0.64000847916308
4.3011830416069	0.64000817186996
4.2968676795184	0.64000784960020
4.2925609679267	0.64000751232352
4.2882628808468	0.64000716001545
4.2839733923978	0.64000679265740
4.2796924768023	0.64000641023666
4.2754201083856	0.64000601274653
4.2711562615757	0.64000560018629
4.2669009109024	0.64000517256128
4.2626540309967	0.64000472988295
4.2584155965909	0.64000427216888
4.2541855825174	0.64000379944284
4.2499639637085	0.64000331173483
4.2457507151961	0.64000280908109
4.2415458121109	0.64000229152415
4.2373492296820	0.64000175911289
4.2331609432364	0.64000121190252
4.2289809281986	0.64000064995466
4.2248091600902	0.64000007333733
4.2206456145291	0.63999948212502
4.2164902672293	0.63999887639865
4.2123430940003	0.63999825624565
4.2082040707468	0.63999762175997
4.2040731734680	0.63999697304206
4.1999503782572	0.63999631019895
4.1958356613016	0.63999563334421
4.1917289988814	0.63999494259798
4.1876303673697	0.63999423808700
4.1835397432319	0.63999351994461
4.1794571030252	0.63999278831072
4.1753824233983	0.63999204333188
4.1713156810909	0.63999128516122
4.1672568529330	0.63999051395850
4.1632059158450	0.63998972989007
4.1591628468368	0.63998893312890
4.1551276230076	0.63998812385454
4.1511002215453	0.63998730225315
4.1470806197261	0.63998646851745
4.1430687949143	0.63998562284675
4.1390647245616	0.63998476544688
4.1350683862069	0.63998389653022
4.1310797574755	0.63998301631569
4.1270988160793	0.63998212502866
4.1231255398157	0.63998122290099
4.1191599065677	0.63998031017100
4.1152018943034	0.63997938708340
4.1112514810752	0.63997845388930
4.1073086450199	0.63997751084615
4.1033733643581	0.63997655821771
4.0994456173937	0.63997559627403
4.0955253825137	0.63997462529140
4.0916126381875	0.63997364555228
4.0877073629670	0.63997265734528
4.0838095354856	0.63997166096513
4.0799191344584	0.63997065671259
4.0760361386812	0.63996964489440
4.0721605270307	0.63996862582328
4.0682922784638	0.63996759981778
4.0644313720174	0.63996656720230
4.0605777868075	0.63996552830699
4.0567315020298	0.63996448346768
4.0528924969582	0.63996343302583
4.0490607509454	0.63996237732843
4.0452362434219	0.63996131672797
4.0414189538959	0.63996025158232
4.0376088619529	0.63995918225467
4.0338059472551	0.63995810911344
4.0300101895416	0.63995703253222
4.0262215686274	0.63995595288964
4.0224400644036	0.63995487056931
4.0186656568365	0.63995378595973
4.0148983259676	0.63995269945416
4.0111380519133	0.63995161145058
4.0073848148643	0.63995052235152
4.0036385950855	0.63994943256400
3.9998993729153	0.63994834249942
3.9961671287657	0.63994725257342
3.9924418431216	0.63994616320583
3.9887234965407	0.63994507482047
3.9850120696531	0.63994398784510
3.9813075431607	0.63994290271128
3.9776098978373	0.63994181985421
3.9739191145281	0.63994073971267
3.9702351741491	0.63993966272883
3.9665580576872	0.63993858934815
3.9628877461996	0.63993752001924
3.9592242208135	0.63993645519370
3.9555674627260	0.63993539532602
3.9519174532033	0.63993434087340
3.9482741735809	0.63993329229560
3.9446376052632	0.63993225005484
3.9410077297226	0.63993121461557
3.9373845285001	0.63993018644439
3.9337679832043	0.63992916600983
3.9301580755113	0.63992815378225
3.9265547871644	0.63992715023359
3.9229580999738	0.63992615583731
3.9193679958164	0.63992517106811
3.9157844566353	0.63992419640185
3.9122074644395	0.63992323231531
3.9086370013038	0.63992227928603
3.9050730493682	0.63992133779213
3.9015155908381	0.63992040831216
3.8979646079834	0.63991949132482
3.8944200831385	0.63991858730887
3.8908819987021	0.63991769674286
3.8873503371369	0.63991682010499
3.8838250809690	0.63991595787288
3.8803062127880	0.63991511052334
3.8767937152463	0.63991427853223
3.8732875710594	0.63991346237420
3.8697877630050	0.63991266252250
3.8662942739231	0.63991187944875
3.8628070867156	0.63991111362273
3.8593261843460	0.63991036551217
3.8558515498392	0.63990963558251
3.8523831662812	0.63990892429668
3.8489210168186	0.63990823211487
3.8454650846588	0.63990755949428
3.8420153530693	0.63990690688894
3.8385718053777	0.63990627474940
3.8351344249712	0.63990566352253
3.8317031952965	0.63990507365128
3.8282780998595	0.63990450557440
3.8248591222251	0.63990395972623
3.8214462460166	0.63990343653641
3.8180394549159	0.63990293642966
3.8146387326632	0.63990245982549
3.8112440630562	0.63990200713795
3.8078554299505	0.63990157877538
3.8044728172589	0.63990117514011
3.8010962089514	0.63990079662824
3.7977255890550	0.63990044362932
3.7943609416530	0.63990011652607
3.7910022508852	0.63989981569417
3.7876495009476	0.63989954150189
3.7843026760919	0.63989929430987
3.7809617606256	0.63989907447081
3.7776267389113	0.63989888232917
3.7742975953670	0.63989871822091
3.7709743144654	0.63989858247315
3.7676568807339	0.63989847540391
3.7643452787544	0.63989839732179
3.7610394931627	0.63989834852569
3.7577395086488	0.63989832930447
3.7544453099562	0.63989833993667
3.7511568818819	0.63989838069017
3.7478742092762	0.63989845182191
3.7445972770422	0.63989855357757
3.7413260701360	0.63989868619121
3.7380605735661	0.63989884988501
3.7348007723932	0.63989904486889
3.7315466517301	0.63989927134021
3.7282981967417	0.63989952948345
3.7250553926441	0.63989981946987
3.7218182247052	0.63990014145717
3.7185866782436	0.63990049558914
3.7153607386293	0.63990088199537
3.7121403912828	0.63990130079086
3.7089256216751	0.63990175207568
3.7057164153276	0.63990223593468
3.7025127578115	0.63990275243705
3.6993146347483	0.63990330163606
3.6961220318087	0.63990388356865
3.6929349347130	0.63990449825510
3.6897533292308	0.63990514569864
3.6865772011805	0.63990582588516
3.6834065364295	0.63990653878275
3.6802413208937	0.63990728434145
3.6770815405372	0.63990806249276
3.6739271813725	0.63990887314939
3.6707782294600	0.63990971620481
3.6676346709078	0.63991059153290
3.6644964918714	0.63991149898760
3.6613636785540	0.63991243840249
3.6582362172056	0.63991340959044
3.6551140941234	0.63991441234325
3.6519972956511	0.63991544643122
3.6488858081792	0.63991651160279
3.6457796181442	0.63991760758416
3.6426787120292	0.63991873407889
3.6395830763628	0.63991989076754
3.6364926977196	0.63992107730722
3.6334075627197	0.63992229333127
3.6303276580286	0.63992353844880
3.6272529703569	0.63992481224434
3.6241834864603	0.63992611427744
3.6211191931393	0.63992744408222
3.6180600772387	0.63992880116704
3.6150061256481	0.63993018501404
3.6119573253012	0.63993159507879
3.6089136631756	0.63993303078983
3.6058751262930	0.63993449154831
3.6028417017185	0.63993597672754
3.5998133765610	0.63993748567262
3.5967901379724	0.63993901770001
3.5937719731479	0.63994057209713
3.5907588693257	0.63994214812192
3.5877508137865	0.63994374500246
3.5847477938539	0.63994536193654
3.5817497968937	0.63994699809124
3.5787568103140	0.63994865260253
3.5757688215649	0.63995032457483
3.5727858181385	0.63995201308061
3.5698077875685	0.63995371715995
3.5668347174301	0.63995543582014
3.5638665953400	0.63995716803526
3.5609034089559	0.63995891274574
3.5579451459767	0.63996066885795
3.5549917941421	0.63996243524377
3.5520433412322	0.63996421074017
3.5490997750681	0.63996599414880
3.5461610835108	0.63996778423554
3.5432272544616	0.63996957973008
3.5402982758621	0.63997137932551
3.5373741356932	0.63997318167789
3.5344548219759	0.63997498540580
3.5315403227706	0.63997678908995
3.5286306261770	0.63997859127274
3.5257257203340	0.63998039045780
3.5228255934195	0.63998218510963
3.5199302336503	0.63998397365311
3.5170396292820	0.63998575447310
3.5141537686086	0.63998752591403
3.5112726399625	0.63998928627945
3.5083962317145	0.63999103383159
3.5055245322732	0.63999276679098
3.5026575300853	0.63999448333599
3.4997952136353	0.63999618160241
3.4969375714452	0.63999785968302
3.4940845920746	0.63999951562720
3.4912362641202	0.64000114744046
3.4883925762160	0.64000275308404
3.4855535170329	0.64000433047450
3.4827190752788	0.64000587748325
3.4798892396982	0.64000739193621
3.4770639990721	0.64000887161331
3.4742433422181	0.64001031424810
3.4714272579898	0.64001171752737
3.4686157352771	0.64001307909066
3.4658087630058	0.64001439652991
3.4630063301375	0.64001566738902
3.4602084256694	0.64001688916343
3.4574150386345	0.64001805929969
3.4546261581009	0.64001917519513
3.4518417731721	0.64002023419733
3.4490618729867	0.64002123360384
3.4462864467180	0.64002217066166
3.4435154835745	0.64002304256692
3.4407489727993	0.64002384646443
3.4379869036697	0.64002457944731
3.4352292654979	0.64002523855657
3.4324760476300	0.64002582078072
3.4297272394463	0.64002632305536
3.4269828303612	0.64002674226283
3.4242428098230	0.64002707523179
3.4215071673134	0.64002731873681
3.4187758923480	0.64002746949804
3.4160489744758	0.64002752418079
3.4133264032791	0.64002747939515
3.4106081683732	0.64002733169561
3.4078942594066	0.64002707758073
3.4051846660609	0.64002671349269
3.4024793780502	0.64002623581698
3.3997783851213	0.64002564088202
3.3970816770538	0.64002492495878
3.3943892436594	0.64002408426045
3.3917010747822	0.64002311494205
3.3890171602984	0.64002201310008
3.3863374901163	0.64002077477219
3.3836620541761	0.64001939593683
3.3809908424495	0.64001787251289
3.3783238449403	0.64001620035935
3.3756610516834	0.64001437527499
3.3730024527453	0.64001239299801
3.3703480382237	0.64001024920571
3.3676977982476	0.64000793951420
3.3650517229768	0.64000545947803
3.3624098026021	0.64000280458990
3.3597720273451	0.63999997028034
3.3571383874580	0.63999695191743
3.3545088732237	0.63999374480643
3.3518834749553	0.63999034418954
3.3492621829963	0.63998674524558
3.3466449877205	0.63998294308972
3.3440318795315	0.63997893277316
3.3414228488631	0.63997470928288
3.3388178861789	0.63997026754134
3.3362169819720	0.63996560240624
3.3336201267653	0.63996070867020
3.3310273111111	0.63995558106059
