#Parameters = {thARC=0.8; nARC=2.5; thsub=1; p=1; nSub=4}
#"Wavelength / um"	"T (689) [Real Part]"
#---------------------------------------
14.989622900000	0.78154702305368
14.937342202292	0.78245690652917
14.885424925521	0.78336849136589
14.833867293419	0.78428174544968
14.782665581854	0.78519663641763
14.731816117936	0.78611313165835
14.681315279138	0.78703119831227
14.631159492435	0.78795080327194
14.581345233463	0.78887191318232
14.531869025691	0.78979449444115
14.482727439614	0.79071851319928
14.433917091960	0.79164393536103
14.385434644914	0.79257072658460
14.337276805356	0.79349885228244
14.289440324118	0.79442827762174
14.241921995249	0.79535896752476
14.194718655303	0.79629088666942
14.147827182633	0.79722399948967
14.101244496707	0.79815827017606
14.054967557431	0.79909366267624
14.008993364486	0.80003014069550
13.963318956684	0.80096766769733
13.917941411328	0.80190620690404
13.872857843591	0.80284572129732
13.828065405904	0.80378617361891
13.783561287356	0.80472752637126
13.739342713107	0.80566974181818
13.695406943810	0.80661278198557
13.651751275046	0.80755660866214
13.608373036768	0.80850118340016
13.565269592760	0.80944646751629
13.522438340099	0.81039242209231
13.479876708633	0.81133900797601
13.437582160466	0.81228618578205
13.395552189455	0.81323391589285
13.353784320713	0.81418215845949
13.312276110124	0.81513087340269
13.271025143869	0.81608002041377
13.230029037952	0.81702955895567
13.189285437747	0.81797944826398
13.148792017544	0.81892964734805
13.108546480105	0.81988011499204
13.068546556234	0.82083080975611
13.028790004346	0.82178168997756
12.989274610052	0.82273271377204
12.949998185745	0.82368383903480
12.910958570198	0.82463502344196
12.872153628167	0.82558622445182
12.833581250000	0.82653739930620
12.795239351259	0.82748850503182
12.757125872340	0.82843949844176
12.719238778108	0.82939033613685
12.681576057530	0.83034097450722
12.644135723323	0.83129136973381
12.606915811606	0.83224147778996
12.569914381551	0.83319125444301
12.533129515050	0.83414065525596
12.496559316382	0.83508963558918
12.460201911887	0.83603815060211
12.424055449648	0.83698615525510
12.388118099174	0.83793360431117
12.352388051092	0.83888045233792
12.316863516845	0.83982665370943
12.281542728390	0.84077216260821
12.246423937908	0.84171693302720
12.211505417515	0.84266091877180
12.176785458976	0.84360407346202
12.142262373431	0.84454635053453
12.107934491115	0.84548770324494
12.073800161095	0.84642808466994
12.039857751004	0.84736744770967
12.006105646776	0.84830574508999
11.972542252396	0.84924292936485
11.939165989646	0.85017895291880
11.905975297855	0.85111376796936
11.872968633663	0.85204732656964
11.840144470774	0.85297958061087
11.807501299724	0.85391048182503
11.775037627651	0.85483998178758
11.742751978065	0.85576803192014
11.710642890625	0.85669458349330
11.678708920919	0.85761958762948
11.646948640249	0.85854299530580
11.615360635413	0.85946475735705
11.583943508501	0.86038482447865
11.552695876686	0.86130314722978
11.521616372022	0.86221967603641
11.490703641242	0.86313436119454
11.459956345566	0.86404715287338
11.429373160503	0.86495800111865
11.398952775665	0.86586685585589
11.368693894577	0.86677366689387
11.338595234493	0.86767838392806
11.308655526217	0.86858095654408
11.278873513920	0.86948133422131
11.249247954972	0.87037946633650
11.219777619760	0.87127530216741
11.190461291527	0.87216879089660
11.161297766195	0.87305988161519
11.132285852209	0.87394852332670
11.103424370370	0.87483466495099
11.074712153676	0.87571825532818
11.046148047163	0.87659924322274
11.017730907755	0.87747757732749
10.989459604106	0.87835320626780
10.961333016453	0.87922607860579
10.933350036470	0.88009614284451
10.905509567115	0.88096334743237
10.877810522496	0.88182764076739
10.850251827723	0.88268897120174
10.822832418773	0.88354728704613
10.795551242348	0.88440253657442
10.768407255747	0.88525466802821
10.741399426729	0.88610362962147
10.714526733381	0.88694936954527
10.687788163993	0.88779183597257
10.661182716927	0.88863097706304
10.634709400497	0.88946674096792
10.608367232838	0.89029907583498
10.582155241793	0.89112792981353
10.556072464789	0.89195325105944
10.530117948718	0.89277498774026
10.504290749825	0.89359308804039
10.478589933590	0.89440750016628
10.453014574616	0.89521817235168
10.427563756522	0.89602505286298
10.402236571825	0.89682809000460
10.377032121841	0.89762723212436
10.351949516575	0.89842242761899
10.326987874612	0.89921362493964
10.302146323024	0.90000077259746
10.277423997257	0.90078381916923
10.252820041040	0.90156271330298
10.228333606278	0.90233740372379
10.203963852961	0.90310783923948
10.179709949066	0.90387396874644
10.155571070461	0.90463574123550
10.131546400811	0.90539310579783
10.107635131490	0.90614601163085
10.083836461487	0.90689440804425
10.060149597315	0.90763824446597
10.036573752929	0.90837747044832
10.013108149633	0.90911203567404
9.9897520159947	0.90984188996247
9.9665045877660	0.91056698327568
9.9433651077944	0.91128726572477
9.9203328259431	0.91200268757604
9.8974069990096	0.91271319925730
9.8745868906456	0.91341875136420
9.8518717712783	0.91411929466656
9.8292609180328	0.91481478011476
9.8067536146549	0.91550515884611
9.7843491514360	0.91619038219133
9.7620468251384	0.91687040168098
9.7398459389214	0.91754516905195
9.7177458022690	0.91821463625394
9.6957457309185	0.91887875545604
9.6738450467893	0.91953747905323
9.6520430779137	0.92019075967297
9.6303391583681	0.92083855018175
9.6087326282051	0.92148080369176
9.5872228333866	0.92211747356741
9.5658091257179	0.92274851343203
9.5444908627826	0.92337387717446
9.5232674078780	0.92399351895573
9.5021381299525	0.92460739321569
9.4811024035421	0.92521545467966
9.4601596087094	0.92581765836511
9.4393091309824	0.92641395958834
9.4185503612944	0.92700431397111
9.3978826959248	0.92758867744732
9.3773055364404	0.92816700626968
9.3568182896380	0.92873925701636
9.3364203674868	0.92930538659765
9.3161111870727	0.92986535226257
9.2958901705426	0.93041911160555
9.2757567450495	0.93096662257300
9.2557103426984	0.93150784346996
9.2357504004929	0.93204273296667
9.2158763602828	0.93257125010514
9.1960876687117	0.93309335430568
9.1763837771656	0.93360900537349
9.1567641417227	0.93411816350511
9.1372282231027	0.93462078929494
9.1177754866180	0.93511684374166
9.0984054021244	0.93560628825467
9.0791174439733	0.93608908466049
9.0599110909640	0.93656519520910
9.0407858262967	0.93703458258028
9.0217411375263	0.93749720988990
9.0027765165165	0.93795304069612
8.9838914593947	0.93840203900566
8.9650854665072	0.93884416927989
8.9463580423754	0.93927939644103
8.9277086956522	0.93970768587812
8.9091369390788	0.94012900345310
8.8906422894425	0.94054331550677
8.8722242675348	0.94095058886466
8.8538823981099	0.94135079084295
8.8356162098438	0.94174388925418
8.8174252352941	0.94212985241309
8.7993090108600	0.94250864914220
8.7812670767428	0.94288024877748
8.7632989769073	0.94324462117387
8.7454042590432	0.94360173671077
8.7275824745269	0.94395156629745
8.7098331783847	0.94429408137835
8.6921559292549	0.94462925393839
8.6745502893519	0.94495705650812
8.6570158244297	0.94527746216887
8.6395521037464	0.94559044455773
8.6221587000288	0.94589597787253
8.6048351894374	0.94619403687668
8.5875811515325	0.94648459690398
8.5703961692396	0.94676763386330
8.5532798288160	0.94704312424318
8.5362317198178	0.94731104511633
8.5192514350668	0.94757137414409
8.5023385706183	0.94782408958073
8.4854927257288	0.94806917027769
8.4687135028249	0.94830659568770
8.4520005074711	0.94853634586885
8.4353533483399	0.94875840148850
8.4187716371806	0.94897274382712
8.4022549887892	0.94917935478203
8.3858030209790	0.94937821687101
8.3694153545505	0.94956931323584
8.3530916132627	0.94975262764569
8.3368314238042	0.94992814450044
8.3206344157646	0.95009584883385
8.3045002216066	0.95025572631666
8.2884284766381	0.95040776325956
8.2724188189845	0.95055194661602
8.2564708895621	0.95068826398505
8.2405843320506	0.95081670361378
8.2247587928669	0.95093725440001
8.2089939211391	0.95104990589456
8.1932893686800	0.95115464830355
8.1776447899618	0.95125147249050
8.1620598420909	0.95134036997842
8.1465341847826	0.95142133295163
8.1310674803363	0.95149435425758
8.1156593936113	0.95155942740848
8.1003095920022	0.95161654658280
8.0850177454153	0.95166570662670
8.0697835262450	0.95170690305529
8.0546066093498	0.95174013205375
8.0394866720300	0.95176539047834
8.0244233940043	0.95178267585731
8.0094164573871	0.95179198639163
7.9944655466667	0.95179332095561
7.9795703486825	0.95178667909743
7.9647305526036	0.95177206103944
7.9499458499072	0.95174946767845
7.9352159343568	0.95171890058579
7.9205405019815	0.95168036200731
7.9059192510549	0.95163385486321
7.8913518820742	0.95157938274772
7.8768380977404	0.95151694992871
7.8623776029373	0.95144656134711
7.8479701047120	0.95136822261624
7.8336153122550	0.95128194002099
7.8193129368805	0.95118772051683
7.8050626920073	0.95108557172880
7.7908642931393	0.95097550195022
7.7767174578470	0.95085752014142
7.7626219057483	0.95073163592820
7.7485773584906	0.95059785960030
7.7345835397317	0.95045620210960
7.7206401751223	0.95030667506828
7.7067469922879	0.95014929074688
7.6929037208109	0.94998406207213
7.6791100922131	0.94981100262471
7.6653658399386	0.94963012663691
7.6516706993364	0.94944144899012
7.6380244076433	0.94924498521223
7.6244267039674	0.94904075147487
7.6108773292714	0.94882876459052
7.5973760263558	0.94860904200960
7.5839225398432	0.94838160181730
7.5705166161616	0.94814646273036
7.5571580035291	0.94790364409377
7.5438464519376	0.94765316587723
7.5305817131374	0.94739504867167
7.5173635406219	0.94712931368546
7.5041916896120	0.94685598274068
7.4910659170415	0.94657507826914
7.4779859815415	0.94628662330841
7.4649516434263	0.94599064149762
7.4519626646781	0.94568715707324
7.4390188089330	0.94537619486473
7.4261198414664	0.94505778029007
7.4132655291790	0.94473193935119
7.4004556405826	0.94439869862932
7.3876899457861	0.94405808528020
7.3749682164822	0.94371012702923
7.3622902259332	0.94335485216649
7.3496557489581	0.94299228954172
7.3370645619187	0.94262246855910
7.3245164427071	0.94224541917206
7.3120111707317	0.94186117187794
7.2995485269053	0.94146975771252
7.2871282936315	0.94107120824456
7.2747502547925	0.94066555557018
7.2624141957364	0.94025283230718
7.2501199032648	0.93983307158931
7.2378671656205	0.93940630706036
7.2256557724753	0.93897257286834
7.2134855149182	0.93853190365940
7.2013561854432	0.93808433457185
7.1892675779376	0.93762990122993
7.1772194876706	0.93716863973771
7.1652117112811	0.93670058667273
7.1532440467669	0.93622577907972
7.1413162934731	0.93574425446417
7.1294282520809	0.93525605078590
7.1175797245964	0.93476120645251
7.1057705143399	0.93425976031285
7.0940004259347	0.93375175165033
7.0822692652965	0.93323722017630
7.0705768396226	0.93271620602329
7.0589229573817	0.93218874973822
7.0473074283028	0.93165489227562
7.0357300633654	0.93111467499071
7.0241906747891	0.93056813963254
7.0126890760234	0.93001532833699
7.0012250817375	0.92945628361983
6.9897985078107	0.92889104836969
6.9784091713222	0.92831966584099
6.9670568905415	0.92774217964687
6.9557414849188	0.92715863375208
6.9444627750753	0.92656907246583
6.9332205827937	0.92597354043465
6.9220147310090	0.92537208263518
6.9108450437990	0.92476474436699
6.8997113463751	0.92415157124535
6.8886134650735	0.92353260919397
6.8775512273457	0.92290790443779
6.8665244617499	0.92227750349571
6.8555329979419	0.92164145317328
6.8445766666667	0.92099980055547
6.8336552997493	0.92035259299935
6.8227687300865	0.91969987812685
6.8119167916383	0.91904170381740
6.8010993194192	0.91837811820073
6.7903161494904	0.91770916964949
6.7795671189507	0.91703490677208
6.7688520659291	0.91635537840526
6.7581708295762	0.91567063360700
6.7475232500563	0.91498072164913
6.7369091685393	0.91428569201015
6.7263284271932	0.91358559436802
6.7157808691756	0.91288047859290
6.7052663386267	0.91217039473999
6.6947846806610	0.91145539304234
6.6843357413601	0.91073552390372
6.6739193677649	0.91001083789149
6.6635354078684	0.90928138572947
6.6531837106081	0.90854721829089
6.6428641258586	0.90780838659135
6.6325765044248	0.90706494178176
6.6223206980340	0.90631693514140
6.6120965593295	0.90556441807096
6.6019039418630	0.90480744208559
6.5917427000879	0.90404605880807
6.5816126893524	0.90328031996190
6.5715137658922	0.90251027736456
6.5614457868243	0.90173598292072
6.5514086101399	0.90095748861551
6.5414020946978	0.90017484650784
6.5314261002179	0.89938810872380
6.5214804872743	0.89859732745004
6.5115651172893	0.89780255492722
6.5016798525266	0.89700384344357
6.4918245560849	0.89620124532841
6.4819990918919	0.89539481294575
6.4722033246978	0.89458459868799
6.4624371200690	0.89377065496961
6.4527003443823	0.89295303422094
6.4429928648184	0.89213178888200
6.4333145493562	0.89130697139637
6.4236652667667	0.89047863420514
6.4140448866068	0.88964682974089
6.4044532792138	0.88881161042176
6.3948903156997	0.88797302864557
6.3853558679446	0.88713113678400
6.3758498085921	0.88628598717683
6.3663720110427	0.88543763212622
6.3569223494487	0.88458612389112
6.3475006987084	0.88373151468168
6.3381069344609	0.88287385665372
6.3287409330800	0.88201320190335
6.3194025716695	0.88114960246155
6.3100917280572	0.88028311028889
6.3008082807902	0.87941377727029
6.2915521091291	0.87854165520983
6.2823230930427	0.87766679582569
6.2731211132036	0.87678925074508
6.2639460509820	0.87590907149931
6.2547977884415	0.87502630951887
6.2456762083333	0.87414101612862
6.2365811940919	0.87325324254305
6.2275126298297	0.87236303986158
6.2184704003319	0.87147045906398
6.2094543910522	0.87057555100581
6.2004644881075	0.86967836641394
6.1915005782734	0.86877895588219
6.1825625489792	0.86787736986703
6.1736502883031	0.86697365868324
6.1647636849681	0.86606787249984
6.1559026283368	0.86516006133591
6.1470670084068	0.86425027505661
6.1382567158067	0.86333856336920
6.1294716417910	0.86242497581914
6.1207116782360	0.86150956178632
6.1119767176351	0.86059237048129
6.1032666530945	0.85967345094158
6.0945813783289	0.85875285202815
6.0859207876573	0.85783062242185
6.0772847759984	0.85690681061994
6.0686732388664	0.85598146493279
6.0600860723671	0.85505463348047
6.0515231731934	0.85412636418963
6.0429844386212	0.85319670479025
6.0344697665056	0.85226570281261
6.0259790552764	0.85133340558425
6.0175122039342	0.85039986022702
6.0090691120465	0.84946511365423
6.0006496797438	0.84852921256780
5.9922538077154	0.84759220345558
5.9838813972056	0.84665413258865
5.9755323500100	0.84571504601875
5.9672065684713	0.84477498957571
5.9589039554760	0.84383400886505
5.9506244144502	0.84289214926557
5.9423678493558	0.84194945592702
5.9341341646873	0.84100597376785
5.9259232654675	0.84006174747303
5.9177350572444	0.83911682149193
5.9095694460871	0.83817124003629
5.9014263385827	0.83722504707818
5.8933056418321	0.83627828634813
5.8852072634472	0.83533100133324
5.8771311115468	0.83438323527541
5.8690770947533	0.83343503116960
5.8610451221896	0.83248643176216
5.8530351034752	0.83153747954923
5.8450469487229	0.83058821677520
5.8370805685358	0.82963868543124
5.8291358740035	0.82868892725384
5.8212127766990	0.82773898372352
5.8133111886756	0.82678889606344
5.8054310224632	0.82583870523826
5.7975721910656	0.82488845195285
5.7897346079567	0.82393817665128
5.7819181870781	0.82298791951563
5.7741228428351	0.82203772046509
5.7663484900942	0.82108761915491
5.7585950441798	0.82013765497559
5.7508624208709	0.81918786705193
5.7431505363985	0.81823829424234
5.7354593074421	0.81728897513803
5.7277886511272	0.81633994806234
5.7201384850219	0.81539125107013
5.7125087271341	0.81444292194715
5.7048992959087	0.81349499820955
5.6973101102242	0.81254751710336
5.6897410893908	0.81160051560407
5.6821921531463	0.81065403041625
5.6746632216544	0.80970809797319
5.6671542155009	0.80876275443663
5.6596650556919	0.80781803569649
5.6521956636501	0.80687397737067
5.6447459612126	0.80593061480493
5.6373158706281	0.80498798307273
5.6299053145540	0.80404611697516
5.6225142160540	0.80310505104097
5.6151424985952	0.80216481952652
5.6077900860456	0.80122545641586
5.6004569026714	0.80028699542085
5.5931428731343	0.79934946998127
5.5858479224893	0.79841291326498
5.5785719761816	0.79747735816818
5.5713149600446	0.79654283731561
5.5640768002970	0.79560938306091
5.5568574235403	0.79467702748685
5.5496567567568	0.79374580240577
5.5424747273063	0.79281573935994
5.5353112629247	0.79188686962199
5.5281662917204	0.79095922419540
5.5210397421731	0.79003283381496
5.5139315431304	0.78910772894732
5.5068416238060	0.78818393979155
5.4997699137773	0.78726149627971
5.4927163429828	0.78634042807752
5.4856808417200	0.78542076458494
5.4786633406433	0.78450253493694
5.4716637707611	0.78358576800411
5.4646820634342	0.78267049239349
5.4577181503732	0.78175673644924
5.4507719636364	0.78084452825352
5.4438434356274	0.77993389562724
5.4369324990932	0.77902486613093
5.4300390871219	0.77811746706559
5.4231631331404	0.77721172547362
5.4163045709124	0.77630766813966
5.4094633345363	0.77540532159158
5.4026393584430	0.77450471210143
5.3958325773938	0.77360586568641
5.3890429264785	0.77270880810985
5.3822703411131	0.77181356488228
5.3755147570378	0.77092016126243
5.3687761103152	0.77002862225829
5.3620543373278	0.76913897262820
5.3553493747767	0.76825123688197
5.3486611596789	0.76736543928192
5.3419896293656	0.76648160384411
5.3353347214807	0.76559975433938
5.3286963739780	0.76471991429463
5.3220745251198	0.76384210699388
5.3154691134752	0.76296635547956
5.3088800779175	0.76209268255366
5.3023073576229	0.76122111077897
5.2957508920685	0.76035166248033
5.2892106210303	0.75948435974585
5.2826864845815	0.75861922442819
5.2761784230905	0.75775627814585
5.2696863772192	0.75689554228440
5.2632102879213	0.75603703799784
5.2567500964405	0.75518078620985
5.2503057443082	0.75432680761515
5.2438771733427	0.75347512268081
5.2374643256464	0.75262575164758
5.2310671436050	0.75177871453125
5.2246855698850	0.75093403112397
5.2183195474326	0.75009172099568
5.2119690194715	0.74925180349539
5.2056339295016	0.74841429775263
5.1993142212973	0.74757922267878
5.1930098389052	0.74674659696853
5.1867207266436	0.74591643910117
5.1804468290997	0.74508876734212
5.1741880911288	0.74426359974421
5.1679444578521	0.74344095414920
5.1617158746556	0.74262084818913
5.1555022871883	0.74180329928777
5.1493036413604	0.74098832466203
5.1431198833419	0.74017594132341
5.1369509595613	0.73936616607942
5.1307968167037	0.73855901553501
5.1246574017094	0.73775450609402
5.1185326617722	0.73695265396063
5.1124225443383	0.73615347514077
5.1063269971044	0.73535698544361
5.1002459680163	0.73456320048297
5.0941794052676	0.73377213567878
5.0881272572980	0.73298380625855
5.0820894727920	0.73219822725879
5.0760660006773	0.73141541352647
5.0700567901235	0.73063537972048
5.0640617905405	0.72985814031309
5.0580809515775	0.72908370959137
5.0521142231210	0.72831210165866
5.0461615552937	0.72754333043601
5.0402228984533	0.72677740966366
5.0342982031906	0.72601435290244
5.0283874203287	0.72525417353527
5.0224905009214	0.72449688476854
5.0166073962517	0.72374249963361
5.0107380578305	0.72299103098824
5.0048824373957	0.72224249151801
4.9990404869101	0.72149689373775
4.9932121585610	0.72075424999302
4.9873974047579	0.72001457246150
4.9815961781323	0.71927787315444
4.9758084315353	0.71854416391806
4.9700341180371	0.71781345643500
4.9642731909256	0.71708576222574
4.9585256037049	0.71636109265001
4.9527913100942	0.71563945890817
4.9470702640264	0.71492087204267
4.9413624196473	0.71420534293943
4.9356677313138	0.71349288232923
4.9299861535932	0.71278350078914
4.9243176412615	0.71207720874387
4.9186621493027	0.71137401646719
4.9130196329072	0.71067393408329
4.9073900474709	0.70997697156818
4.9017733485939	0.70928313875105
4.8961694920790	0.70859244531564
4.8905784339315	0.70790490080161
4.8850001303569	0.70722051460590
4.8794345377604	0.70653929598407
4.8738816127459	0.70586125405165
4.8683413121143	0.70518639778551
4.8628135928629	0.70451473602516
4.8572984121841	0.70384627747410
4.8517957274640	0.70318103070115
4.8463054962819	0.70251900414178
4.8408276764088	0.70186020609939
4.8353622258065	0.70120464474666
4.8299091026261	0.70055232812682
4.8244682652076	0.69990326415496
4.8190396720784	0.69925746061935
4.8136232819525	0.69861492518267
4.8082190537289	0.69797566538334
4.8028269464915	0.69733968863675
4.7974469195071	0.69670700223658
4.7920789322251	0.69607761335600
4.7867229442759	0.69545152904898
4.7813789154705	0.69482875625151
4.7760468057989	0.69420930178283
4.7707265754297	0.69359317234671
4.7654181847083	0.69298037453262
4.7601215941569	0.69237091481702
4.7548367644726	0.69176479956451
4.7495636565272	0.69116203502909
4.7443022313657	0.69056262735535
4.7390524502055	0.68996658257965
4.7338142744355	0.68937390663132
4.7285876656151	0.68878460533388
4.7233725854735	0.68819868440615
4.7181689959081	0.68761614946348
4.7129768589844	0.68703700601887
4.7077961369347	0.68646125948417
4.7026267921569	0.68588891517121
4.6974687872140	0.68531997829293
4.6923220848333	0.68475445396455
4.6871866479049	0.68419234720467
4.6820624394815	0.68363366293645
4.6769494227769	0.68307840598863
4.6718475611657	0.68252658109675
4.6667568181818	0.68197819290419
4.6616771575183	0.68143324596329
4.6566085430258	0.68089174473643
4.6515509387122	0.68035369359714
4.6465043087415	0.67981909683114
4.6414686174330	0.67928795863746
4.6364438292607	0.67876028312947
4.6314299088522	0.67823607433595
4.6264268209877	0.67771533620215
4.6214345305997	0.67719807259084
4.6164530027718	0.67668428728333
4.6114822027380	0.67617398398052
4.6065220958820	0.67566716630393
4.6015726477360	0.67516383779669
4.5966338239804	0.67466400192460
4.5917055904426	0.67416766207713
4.5867879130967	0.67367482156838
4.5818807580621	0.67318548363812
4.5769840916031	0.67269965145275
4.5720978801281	0.67221732810631
4.5672220901889	0.67173851662145
4.5623566884797	0.67126321995037
4.5575016418364	0.67079144097583
4.5526569172361	0.67032318251206
4.5478224817961	0.66985844730576
4.5429983027731	0.66939723803700
4.5381843475628	0.66893955732022
4.5333805836988	0.66848540770508
4.5285869788520	0.66803479167746
4.5238035008299	0.66758771166033
4.5190301175761	0.66714417001473
4.5142667971691	0.66670416904058
4.5095135078219	0.66626771097769
4.5047702178813	0.66583479800658
4.5000368958271	0.66540543224941
4.4953135102714	0.66497961577083
4.4906000299581	0.66455735057892
4.4858964237618	0.66413863862599
4.4812026606876	0.66372348180952
4.4765187098701	0.66331188197293
4.4718445405728	0.66290384090655
4.4671801221875	0.66249936034837
4.4625254242334	0.66209844198494
4.4578804163569	0.66170108745219
4.4532450683304	0.66130729833627
4.4486193500519	0.66091707617435
4.4440032315446	0.66053042245549
4.4393966829557	0.66014733862142
4.4347996745562	0.65976782606736
4.4302121767401	0.65939188614281
4.4256341600236	0.65901952015237
4.4210655950450	0.65865072935654
4.4165064525633	0.65828551497246
4.4119567034584	0.65792387817476
4.4074163187298	0.65756582009626
4.4028852694963	0.65721134182881
4.3983635269953	0.65686044442401
4.3938510625824	0.65651312889400
4.3893478477306	0.65616939621219
4.3848538540295	0.65582924731401
4.3803690531853	0.65549268309768
4.3758934170194	0.65515970442491
4.3714269174686	0.65483031212166
4.3669695265841	0.65450450697885
4.3625212165309	0.65418228975311
4.3580819595871	0.65386366116745
4.3536517281441	0.65354862191201
4.3492304947048	0.65323717264475
4.3448182318841	0.65292931399214
4.3404149124077	0.65262504654987
4.3360205091119	0.65232437088354
4.3316349949429	0.65202728752932
4.3272583429561	0.65173379699467
4.3228905263158	0.65144389975896
4.3185315182944	0.65115759627417
4.3141812922723	0.65087488696557
4.3098398217366	0.65059577223232
4.3055070802815	0.65032025244817
4.3011830416069	0.65004832796209
4.2968676795184	0.64977999909890
4.2925609679267	0.64951526615993
4.2882628808468	0.64925412942362
4.2839733923978	0.64899658914615
4.2796924768023	0.64874264556208
4.2754201083856	0.64849229888495
4.2711562615757	0.64824554930787
4.2669009109024	0.64800239700415
4.2626540309967	0.64776284212788
4.2584155965909	0.64752688481452
4.2541855825174	0.64729452518151
4.2499639637085	0.64706576332881
4.2457507151961	0.64684059933949
4.2415458121109	0.64661903328034
4.2373492296820	0.64640106520235
4.2331609432364	0.64618669514135
4.2289809281986	0.64597592311850
4.2248091600902	0.64576874914088
4.2206456145291	0.64556517320202
4.2164902672293	0.64536519528239
4.2123430940003	0.64516881535001
4.2082040707468	0.64497603336090
4.2040731734680	0.64478684925965
4.1999503782572	0.64460126297989
4.1958356613016	0.64441927444482
4.1917289988814	0.64424088356771
4.1876303673697	0.64406609025238
4.1835397432319	0.64389489439371
4.1794571030252	0.64372729587808
4.1753824233983	0.64356329458391
4.1713156810909	0.64340289038208
4.1672568529330	0.64324608313638
4.1632059158450	0.64309287270403
4.1591628468368	0.64294325893608
4.1551276230076	0.64279724167788
4.1511002215453	0.64265482076950
4.1470806197261	0.64251599604617
4.1430687949143	0.64238076733872
4.1390647245616	0.64224913447396
4.1350683862069	0.64212109727516
4.1310797574755	0.64199665556238
4.1270988160793	0.64187580915292
4.1231255398157	0.64175855786170
4.1191599065677	0.64164490150165
4.1152018943034	0.64153483988406
4.1112514810752	0.64142837281900
4.1073086450199	0.64132550011565
4.1033733643581	0.64122622158269
4.0994456173937	0.64113053702861
4.0955253825137	0.64103844626209
4.0916126381875	0.64094994909232
4.0877073629670	0.64086504532935
4.0838095354856	0.64078373478437
4.0799191344584	0.64070601727008
4.0760361386812	0.64063189260096
4.0721605270307	0.64056136059359
4.0682922784638	0.64049442106692
4.0644313720174	0.64043107384259
4.0605777868075	0.64037131874518
4.0567315020298	0.64031515560249
4.0528924969582	0.64026258424580
4.0490607509454	0.64021360451012
4.0452362434219	0.64016821623445
4.0414189538959	0.64012641926200
4.0376088619529	0.64008821344044
4.0338059472551	0.64005359862209
4.0300101895416	0.64002257466418
4.0262215686274	0.63999514142899
4.0224400644036	0.63997129878412
4.0186656568365	0.63995104660261
4.0148983259676	0.63993438476318
4.0111380519133	0.63992131315033
4.0073848148643	0.63991183165457
4.0036385950855	0.63990594017254
3.9998993729153	0.63990363860712
3.9961671287657	0.63990492686764
3.9924418431216	0.63990980486994
3.9887234965407	0.63991827253651
3.9850120696531	0.63993032979658
3.9813075431607	0.63994597658625
3.9776098978373	0.63996521284854
3.9739191145281	0.63998803853347
3.9702351741491	0.64001445359816
3.9665580576872	0.64004445800684
3.9628877461996	0.64007805173093
3.9592242208135	0.64011523474905
3.9555674627260	0.64015600704709
3.9519174532033	0.64020036861817
3.9482741735809	0.64024831946267
3.9446376052632	0.64029985958823
3.9410077297226	0.64035498900974
3.9373845285001	0.64041370774927
3.9337679832043	0.64047601583610
3.9301580755113	0.64054191330659
3.9265547871644	0.64061140020419
3.9229580999738	0.64068447657933
3.9193679958164	0.64076114248934
3.9157844566353	0.64084139799837
3.9122074644395	0.64092524317727
3.9086370013038	0.64101267810345
3.9050730493682	0.64110370286081
3.9015155908381	0.64119831753954
3.8979646079834	0.64129652223600
3.8944200831385	0.64139831705252
3.8908819987021	0.64150370209725
3.8873503371369	0.64161267748395
3.8838250809690	0.64172524333182
3.8803062127880	0.64184139976522
3.8767937152463	0.64196114691350
3.8732875710594	0.64208448491072
3.8697877630050	0.64221141389542
3.8662942739231	0.64234193401031
3.8628070867156	0.64247604540205
3.8593261843460	0.64261374822088
3.8558515498392	0.64275504262038
3.8523831662812	0.64289992875709
3.8489210168186	0.64304840679021
3.8454650846588	0.64320047688123
3.8420153530693	0.64335613919357
3.8385718053777	0.64351539389219
3.8351344249712	0.64367824114322
3.8317031952965	0.64384468111352
3.8282780998595	0.64401471397027
3.8248591222251	0.64418833988056
3.8214462460166	0.64436555901089
3.8180394549159	0.64454637152672
3.8146387326632	0.64473077759200
3.8112440630562	0.64491877736866
3.8078554299505	0.64511037101610
3.8044728172589	0.64530555869066
3.8010962089514	0.64550434054506
3.7977255890550	0.64570671672787
3.7943609416530	0.64591268738292
3.7910022508852	0.64612225264869
3.7876495009476	0.64633541265773
3.7843026760919	0.64655216753603
3.7809617606256	0.64677251740236
3.7776267389113	0.64699646236763
3.7742975953670	0.64722400253421
3.7709743144654	0.64745513799525
3.7676568807339	0.64768986883396
3.7643452787544	0.64792819512290
3.7610394931627	0.64817011692323
3.7577395086488	0.64841563428394
3.7544453099562	0.64866474724110
3.7511568818819	0.64891745581706
3.7478742092762	0.64917376001964
3.7445972770422	0.64943365984129
3.7413260701360	0.64969715525826
3.7380605735661	0.64996424622975
3.7348007723932	0.65023493269699
3.7315466517301	0.65050921458239
3.7282981967417	0.65078709178858
3.7250553926441	0.65106856419753
3.7218182247052	0.65135363166953
3.7185866782436	0.65164229404228
3.7153607386293	0.65193455112988
3.7121403912828	0.65223040272181
3.7089256216751	0.65252984858193
3.7057164153276	0.65283288844742
3.7025127578115	0.65313952202773
3.6993146347483	0.65344974900347
3.6961220318087	0.65376356902537
3.6929349347130	0.65408098171311
3.6897533292308	0.65440198665419
3.6865772011805	0.65472658340280
3.6834065364295	0.65505477147863
3.6802413208937	0.65538655036567
3.6770815405372	0.65572191951102
3.6739271813725	0.65606087832363
3.6707782294600	0.65640342617309
3.6676346709078	0.65674956238831
3.6644964918714	0.65709928625628
3.6613636785540	0.65745259702074
3.6582362172056	0.65780949388085
3.6551140941234	0.65816997598986
3.6519972956511	0.65853404245373
3.6488858081792	0.65890169232976
3.6457796181442	0.65927292462519
3.6426787120292	0.65964773829576
3.6395830763628	0.66002613224429
3.6364926977196	0.66040810531921
3.6334075627197	0.66079365631308
3.6303276580286	0.66118278396110
3.6272529703569	0.66157548693960
3.6241834864603	0.66197176386449
3.6211191931393	0.66237161328969
3.6180600772387	0.66277503370563
3.6150061256481	0.66318202353756
3.6119573253012	0.66359258114401
3.6089136631756	0.66400670481516
3.6058751262930	0.66442439277115
3.6028417017185	0.66484564316044
3.5998133765610	0.66527045405813
3.5967901379724	0.66569882346428
3.5937719731479	0.66613074930213
3.5907588693257	0.66656622941643
3.5877508137865	0.66700526157163
3.5847477938539	0.66744784345015
3.5817497968937	0.66789397265057
3.5787568103140	0.66834364668582
3.5757688215649	0.66879686298137
3.5727858181385	0.66925361887336
3.5698077875685	0.66971391160680
3.5668347174301	0.67017773833361
3.5638665953400	0.67064509611082
3.5609034089559	0.67111598189860
3.5579451459767	0.67159039255836
3.5549917941421	0.67206832485079
3.5520433412322	0.67254977543397
3.5490997750681	0.67303474086131
3.5461610835108	0.67352321757962
3.5432272544616	0.67401520192712
3.5402982758621	0.67451069013139
3.5373741356932	0.67500967830736
3.5344548219759	0.67551216245528
3.5315403227706	0.67601813845864
3.5286306261770	0.67652760208211
3.5257257203340	0.67704054896949
3.5228255934195	0.67755697464157
3.5199302336503	0.67807687449403
3.5170396292820	0.67860024379537
3.5141537686086	0.67912707768472
3.5112726399625	0.67965737116972
3.5083962317145	0.68019111912440
3.5055245322732	0.68072831628698
3.5026575300853	0.68126895725771
3.4997952136353	0.68181303649668
3.4969375714452	0.68236054832167
3.4940845920746	0.68291148690589
3.4912362641202	0.68346584627583
3.4883925762160	0.68402362030900
3.4855535170329	0.68458480273176
3.4827190752788	0.68514938711703
3.4798892396982	0.68571736688211
3.4770639990721	0.68628873528641
3.4742433422181	0.68686348542922
3.4714272579898	0.68744161024745
3.4686157352771	0.68802310251339
3.4658087630058	0.68860795483244
3.4630063301375	0.68919615964085
3.4602084256694	0.68978770920348
3.4574150386345	0.69038259561151
3.4546261581009	0.69098081078020
3.4518417731721	0.69158234644660
3.4490618729867	0.69218719416732
3.4462864467180	0.69279534531622
3.4435154835745	0.69340679108220
3.4407489727993	0.69402152246691
3.4379869036697	0.69463953028250
3.4352292654979	0.69526080514938
3.4324760476300	0.69588533749394
3.4297272394463	0.69651311754636
3.4269828303612	0.69714413533833
3.4242428098230	0.69777838070083
3.4215071673134	0.69841584326192
3.4187758923480	0.69905651244453
3.4160489744758	0.69970037746422
3.4133264032791	0.70034742732703
3.4106081683732	0.70099765082729
3.4078942594066	0.70165103654540
3.4051846660609	0.70230757284574
3.4024793780502	0.70296724787447
3.3997783851213	0.70363004955743
3.3970816770538	0.70429596559800
3.3943892436594	0.70496498347501
3.3917010747822	0.70563709044067
3.3890171602984	0.70631227351848
3.3863374901163	0.70699051950118
3.3836620541761	0.70767181494875
3.3809908424495	0.70835614618637
3.3783238449403	0.70904349930247
3.3756610516834	0.70973386014673
3.3730024527453	0.71042721432815
3.3703480382237	0.71112354721315
3.3676977982476	0.71182284392368
3.3650517229768	0.71252508933531
3.3624098026021	0.71323026807546
3.3597720273451	0.71393836452155
3.3571383874580	0.71464936279924
3.3545088732237	0.71536324678065
3.3518834749553	0.71608000008270
3.3492621829963	0.71679960606536
3.3466449877205	0.71752204783006
3.3440318795315	0.71824730821803
3.3414228488631	0.71897536980873
3.3388178861789	0.71970621491834
3.3362169819720	0.72043982559819
3.3336201267653	0.72117618363337
3.3310273111111	0.72191527054123
