#Parameters = {thARC=0; nARC=2.5; thsub=1; p=1; nSub=4}
#"Wavelength / um"	"T (685) [Real Part]"
#---------------------------------------
14.989622900000	0.64000007011846
14.937342202292	0.64002788482728
14.885424925521	0.64005490464582
14.833867293419	0.64008114084292
14.782665581854	0.64010660461689
14.731816117936	0.64013130709506
14.681315279138	0.64015525933332
14.631159492435	0.64017847231575
14.581345233463	0.64020095695415
14.531869025691	0.64022272408768
14.482727439614	0.64024378448246
14.433917091960	0.64026414883119
14.385434644914	0.64028382775283
14.337276805356	0.64030283179220
14.289440324118	0.64032117141969
14.241921995249	0.64033885703093
14.194718655303	0.64035589894648
14.147827182633	0.64037230741152
14.101244496707	0.64038809259560
14.054967557431	0.64040326459234
14.008993364486	0.64041783341923
13.963318956684	0.64043180901728
13.917941411328	0.64044520125090
13.872857843591	0.64045801990763
13.828065405904	0.64047027469790
13.783561287356	0.64048197525489
13.739342713107	0.64049313113434
13.695406943810	0.64050375181431
13.651751275046	0.64051384669512
13.608373036768	0.64052342509912
13.565269592760	0.64053249627058
13.522438340099	0.64054106937556
13.479876708633	0.64054915350182
13.437582160466	0.64055675765865
13.395552189455	0.64056389077686
13.353784320713	0.64057056170861
13.312276110124	0.64057677922741
13.271025143869	0.64058255202800
13.230029037952	0.64058788872637
13.189285437747	0.64059279785961
13.148792017544	0.64059728788600
13.108546480105	0.64060136718491
13.068546556234	0.64060504405678
13.028790004346	0.64060832672321
12.989274610052	0.64061122332685
12.949998185745	0.64061374193152
12.910958570198	0.64061589052217
12.872153628167	0.64061767700494
12.833581250000	0.64061910920722
12.795239351259	0.64062019487769
12.757125872340	0.64062094168639
12.719238778108	0.64062135722480
12.681576057530	0.64062144900591
12.644135723323	0.64062122446431
12.606915811606	0.64062069095633
12.569914381551	0.64061985576009
12.533129515050	0.64061872607565
12.496559316382	0.64061730902515
12.460201911887	0.64061561165292
12.424055449648	0.64061364092562
12.388118099174	0.64061140373242
12.352388051092	0.64060890688511
12.316863516845	0.64060615711833
12.281542728390	0.64060316108969
12.246423937908	0.64059992537995
12.211505417515	0.64059645649329
12.176785458976	0.64059276085737
12.142262373431	0.64058884482367
12.107934491115	0.64058471466762
12.073800161095	0.64058037658882
12.039857751004	0.64057583671131
12.006105646776	0.64057110108376
11.972542252396	0.64056617567974
11.939165989646	0.64056106639791
11.905975297855	0.64055577906234
11.872968633663	0.64055031942275
11.840144470774	0.64054469315471
11.807501299724	0.64053890586001
11.775037627651	0.64053296306686
11.742751978065	0.64052687023022
11.710642890625	0.64052063273205
11.678708920919	0.64051425588162
11.646948640249	0.64050774491583
11.615360635413	0.64050110499947
11.583943508501	0.64049434122560
11.552695876686	0.64048745861577
11.521616372022	0.64048046212042
11.490703641242	0.64047335661920
11.459956345566	0.64046614692124
11.429373160503	0.64045883776557
11.398952775665	0.64045143382139
11.368693894577	0.64044393968845
11.338595234493	0.64043635989741
11.308655526217	0.64042869891017
11.278873513920	0.64042096112024
11.249247954972	0.64041315085312
11.219777619760	0.64040527236662
11.190461291527	0.64039732985132
11.161297766195	0.64038932743084
11.132285852209	0.64038126916229
11.103424370370	0.64037315903665
11.074712153676	0.64036500097914
11.046148047163	0.64035679884961
11.017730907755	0.64034855644295
10.989459604106	0.64034027748948
10.961333016453	0.64033196565536
10.933350036470	0.64032362454299
10.905509567115	0.64031525769141
10.877810522496	0.64030686857673
10.850251827723	0.64029846061256
10.822832418773	0.64029003715036
10.795551242348	0.64028160147996
10.768407255747	0.64027315682989
10.741399426729	0.64026470636789
10.714526733381	0.64025625320126
10.687788163993	0.64024780037736
10.661182716927	0.64023935088400
10.634709400497	0.64023090764992
10.608367232838	0.64022247354517
10.582155241793	0.64021405138160
10.556072464789	0.64020564391331
10.530117948718	0.64019725383705
10.504290749825	0.64018888379270
10.478589933590	0.64018053636372
10.453014574616	0.64017221407759
10.427563756522	0.64016391940629
10.402236571825	0.64015565476670
10.377032121841	0.64014742252114
10.351949516575	0.64013922497773
10.326987874612	0.64013106439095
10.302146323024	0.64012294296202
10.277423997257	0.64011486283943
10.252820041040	0.64010682611934
10.228333606278	0.64009883484609
10.203963852961	0.64009089101267
10.179709949066	0.64008299656114
10.155571070461	0.64007515338317
10.131546400811	0.64006736332043
10.107635131490	0.64005962816515
10.083836461487	0.64005194966049
10.060149597315	0.64004432950111
10.036573752929	0.64003676933357
10.013108149633	0.64002927075685
9.9897520159947	0.64002183532279
9.9665045877660	0.64001446453661
9.9433651077944	0.64000715985732
9.9203328259431	0.63999992269826
9.8974069990096	0.63999275442753
9.8745868906456	0.63998565636848
9.8518717712783	0.63997862980022
9.8292609180328	0.63997167595803
9.8067536146549	0.63996479603389
9.7843491514360	0.63995799117693
9.7620468251384	0.63995126249393
9.7398459389214	0.63994461104976
9.7177458022690	0.63993803786789
9.6957457309185	0.63993154393086
9.6738450467893	0.63992513018073
9.6520430779137	0.63991879751959
9.6303391583681	0.63991254681000
9.6087326282051	0.63990637887550
9.5872228333866	0.63990029450106
9.5658091257179	0.63989429443356
9.5444908627826	0.63988837938226
9.5232674078780	0.63988255001929
9.5021381299525	0.63987680698009
9.4811024035421	0.63987115086389
9.4601596087094	0.63986558223422
9.4393091309824	0.63986010161932
9.4185503612944	0.63985470951263
9.3978826959248	0.63984940637329
9.3773055364404	0.63984419262655
9.3568182896380	0.63983906866427
9.3364203674868	0.63983403484539
9.3161111870727	0.63982909149637
9.2958901705426	0.63982423891166
9.2757567450495	0.63981947735418
9.2557103426984	0.63981480705575
9.2357504004929	0.63981022821755
9.2158763602828	0.63980574101060
9.1960876687117	0.63980134557622
9.1763837771656	0.63979704202644
9.1567641417227	0.63979283044449
9.1372282231027	0.63978871088525
9.1177754866180	0.63978468337567
9.0984054021244	0.63978074791526
9.0791174439733	0.63977690447651
9.0599110909640	0.63977315300533
9.0407858262967	0.63976949342152
9.0217411375263	0.63976592561916
9.0027765165165	0.63976244946714
8.9838914593947	0.63975906480948
8.9650854665072	0.63975577146588
8.9463580423754	0.63975256923206
8.9277086956522	0.63974945788027
8.9091369390788	0.63974643715965
8.8906422894425	0.63974350679672
8.8722242675348	0.63974066649577
8.8538823981099	0.63973791593928
8.8356162098438	0.63973525478837
8.8174252352941	0.63973268268320
8.7993090108600	0.63973019924339
8.7812670767428	0.63972780406845
8.7632989769073	0.63972549673817
8.7454042590432	0.63972327681306
8.7275824745269	0.63972114383471
8.7098331783847	0.63971909732627
8.6921559292549	0.63971713679279
8.6745502893519	0.63971526172166
8.6570158244297	0.63971347158298
8.6395521037464	0.63971176582998
8.6221587000288	0.63971014389943
8.6048351894374	0.63970860521198
8.5875811515325	0.63970714917260
8.5703961692396	0.63970577517095
8.5532798288160	0.63970448258175
8.5362317198178	0.63970327076521
8.5192514350668	0.63970213906734
8.5023385706183	0.63970108682039
8.4854927257288	0.63970011334318
8.4687135028249	0.63969921794152
8.4520005074711	0.63969839990853
8.4353533483399	0.63969765852503
8.4187716371806	0.63969699305992
8.4022549887892	0.63969640277051
8.3858030209790	0.63969588690290
8.3694153545505	0.63969544469233
8.3530916132627	0.63969507536353
8.3368314238042	0.63969477813107
8.3206344157646	0.63969455219972
8.3045002216066	0.63969439676479
8.2884284766381	0.63969431101247
8.2724188189845	0.63969429412015
8.2564708895621	0.63969434525679
8.2405843320506	0.63969446358323
8.2247587928669	0.63969464825255
8.2089939211391	0.63969489841034
8.1932893686800	0.63969521319510
8.1776447899618	0.63969559173848
8.1620598420909	0.63969603316569
8.1465341847826	0.63969653659573
8.1310674803363	0.63969710114176
8.1156593936113	0.63969772591139
8.1003095920022	0.63969841000697
8.0850177454153	0.63969915252594
8.0697835262450	0.63969995256108
8.0546066093498	0.63970080920083
8.0394866720300	0.63970172152960
8.0244233940043	0.63970268862804
8.0094164573871	0.63970370957333
7.9944655466667	0.63970478343947
7.9795703486825	0.63970590929758
7.9647305526036	0.63970708621613
7.9499458499072	0.63970831326130
7.9352159343568	0.63970958949714
7.9205405019815	0.63971091398595
7.9059192510549	0.63971228578847
7.8913518820742	0.63971370396420
7.8768380977404	0.63971516757160
7.8623776029373	0.63971667566841
7.8479701047120	0.63971822731186
7.8336153122550	0.63971982155893
7.8193129368805	0.63972145746661
7.8050626920073	0.63972313409215
7.7908642931393	0.63972485049328
7.7767174578470	0.63972660572845
7.7626219057483	0.63972839885709
7.7485773584906	0.63973022893982
7.7345835397317	0.63973209503867
7.7206401751223	0.63973399621735
7.7067469922879	0.63973593154142
7.6929037208109	0.63973790007854
7.6791100922131	0.63973990089867
7.6653658399386	0.63974193307431
7.6516706993364	0.63974399568067
7.6380244076433	0.63974608779591
7.6244267039674	0.63974820850133
7.6108773292714	0.63975035688156
7.5973760263558	0.63975253202480
7.5839225398432	0.63975473302293
7.5705166161616	0.63975695897180
7.5571580035291	0.63975920897135
7.5438464519376	0.63976148212580
7.5305817131374	0.63976377754388
7.5173635406219	0.63976609433895
7.5041916896120	0.63976843162918
7.4910659170415	0.63977078853779
7.4779859815415	0.63977316419312
7.4649516434263	0.63977555772886
7.4519626646781	0.63977796828420
7.4390188089330	0.63978039500397
7.4261198414664	0.63978283703884
7.4132655291790	0.63978529354540
7.4004556405826	0.63978776368639
7.3876899457861	0.63979024663077
7.3749682164822	0.63979274155394
7.3622902259332	0.63979524763782
7.3496557489581	0.63979776407101
7.3370645619187	0.63980029004893
7.3245164427071	0.63980282477392
7.3120111707317	0.63980536745544
7.2995485269053	0.63980791731009
7.2871282936315	0.63981047356182
7.2747502547925	0.63981303544202
7.2624141957364	0.63981560218962
7.2501199032648	0.63981817305120
7.2378671656205	0.63982074728115
7.2256557724753	0.63982332414172
7.2134855149182	0.63982590290313
7.2013561854432	0.63982848284371
7.1892675779376	0.63983106324997
7.1772194876706	0.63983364341668
7.1652117112811	0.63983622264700
7.1532440467669	0.63983880025252
7.1413162934731	0.63984137555340
7.1294282520809	0.63984394787841
7.1175797245964	0.63984651656504
7.1057705143399	0.63984908095956
7.0940004259347	0.63985164041708
7.0822692652965	0.63985419430166
7.0705768396226	0.63985674198636
7.0589229573817	0.63985928285328
7.0473074283028	0.63986181629367
7.0357300633654	0.63986434170795
7.0241906747891	0.63986685850581
7.0126890760234	0.63986936610620
7.0012250817375	0.63987186393746
6.9897985078107	0.63987435143730
6.9784091713222	0.63987682805289
6.9670568905415	0.63987929324090
6.9557414849188	0.63988174646751
6.9444627750753	0.63988418720848
6.9332205827937	0.63988661494919
6.9220147310090	0.63988902918462
6.9108450437990	0.63989142941946
6.8997113463751	0.63989381516808
6.8886134650735	0.63989618595457
6.8775512273457	0.63989854131277
6.8665244617499	0.63990088078628
6.8555329979419	0.63990320392849
6.8445766666667	0.63990551030260
6.8336552997493	0.63990779948160
6.8227687300865	0.63991007104830
6.8119167916383	0.63991232459537
6.8010993194192	0.63991455972529
6.7903161494904	0.63991677605039
6.7795671189507	0.63991897319283
6.7688520659291	0.63992115078462
6.7581708295762	0.63992330846760
6.7475232500563	0.63992544589343
6.7369091685393	0.63992756272361
6.7263284271932	0.63992965862942
6.7157808691756	0.63993173329196
6.7052663386267	0.63993378640210
6.6947846806610	0.63993581766048
6.6843357413601	0.63993782677748
6.6739193677649	0.63993981347319
6.6635354078684	0.63994177747743
6.6531837106081	0.63994371852966
6.6428641258586	0.63994563637901
6.6325765044248	0.63994753078420
6.6223206980340	0.63994940151354
6.6120965593295	0.63995124834491
6.6019039418630	0.63995307106567
6.5917427000879	0.63995486947267
6.5816126893524	0.63995664337220
6.5715137658922	0.63995839257993
6.5614457868243	0.63996011692088
6.5514086101399	0.63996181622937
6.5414020946978	0.63996349034900
6.5314261002179	0.63996513913253
6.5214804872743	0.63996676244192
6.5115651172893	0.63996836014821
6.5016798525266	0.63996993213147
6.4918245560849	0.63997147828081
6.4819990918919	0.63997299849421
6.4722033246978	0.63997449267858
6.4624371200690	0.63997596074961
6.4527003443823	0.63997740263173
6.4429928648184	0.63997881825809
6.4333145493562	0.63998020757043
6.4236652667667	0.63998157051905
6.4140448866068	0.63998290706271
6.4044532792138	0.63998421716862
6.3948903156997	0.63998550081231
6.3853558679446	0.63998675797755
6.3758498085921	0.63998798865633
6.3663720110427	0.63998919284876
6.3569223494487	0.63999037056295
6.3475006987084	0.63999152181499
6.3381069344609	0.63999264662886
6.3287409330800	0.63999374503630
6.3194025716695	0.63999481707679
6.3100917280572	0.63999586279742
6.3008082807902	0.63999688225284
6.2915521091291	0.63999787550514
6.2823230930427	0.63999884262378
6.2731211132036	0.63999978368552
6.2639460509820	0.64000069877428
6.2547977884415	0.64000158798111
6.2456762083333	0.64000245140403
6.2365811940919	0.64000328914802
6.2275126298297	0.64000410132483
6.2184704003319	0.64000488805298
6.2094543910522	0.64000564945760
6.2004644881075	0.64000638567034
6.1915005782734	0.64000709682932
6.1825625489792	0.64000778307896
6.1736502883031	0.64000844456995
6.1647636849681	0.64000908145910
6.1559026283368	0.64000969390925
6.1470670084068	0.64001028208920
6.1382567158067	0.64001084617356
6.1294716417910	0.64001138634269
6.1207116782360	0.64001190278256
6.1119767176351	0.64001239568467
6.1032666530945	0.64001286524594
6.0945813783289	0.64001331166860
6.0859207876573	0.64001373516009
6.0772847759984	0.64001413593294
6.0686732388664	0.64001451420468
6.0600860723671	0.64001487019773
6.0515231731934	0.64001520413928
6.0429844386212	0.64001551626119
6.0344697665056	0.64001580679988
6.0259790552764	0.64001607599623
6.0175122039342	0.64001632409545
6.0090691120465	0.64001655134699
6.0006496797438	0.64001675800441
5.9922538077154	0.64001694432530
5.9838813972056	0.64001711057113
5.9755323500100	0.64001725700718
5.9672065684713	0.64001738390239
5.9589039554760	0.64001749152928
5.9506244144502	0.64001758016383
5.9423678493558	0.64001765008536
5.9341341646873	0.64001770157641
5.9259232654675	0.64001773492265
5.9177350572444	0.64001775041278
5.9095694460871	0.64001774833837
5.9014263385827	0.64001772899379
5.8933056418321	0.64001769267608
5.8852072634472	0.64001763968485
5.8771311115468	0.64001757032216
5.8690770947533	0.64001748489240
5.8610451221896	0.64001738370220
5.8530351034752	0.64001726706031
5.8450469487229	0.64001713527748
5.8370805685358	0.64001698866636
5.8291358740035	0.64001682754137
5.8212127766990	0.64001665221864
5.8133111886756	0.64001646301583
5.8054310224632	0.64001626025207
5.7975721910656	0.64001604424784
5.7897346079567	0.64001581532485
5.7819181870781	0.64001557380593
5.7741228428351	0.64001532001496
5.7663484900942	0.64001505427670
5.7585950441798	0.64001477691672
5.7508624208709	0.64001448826130
5.7431505363985	0.64001418863730
5.7354593074421	0.64001387837207
5.7277886511272	0.64001355779333
5.7201384850219	0.64001322722908
5.7125087271341	0.64001288700749
5.7048992959087	0.64001253745679
5.6973101102242	0.64001217890517
5.6897410893908	0.64001181168068
5.6821921531463	0.64001143611114
5.6746632216544	0.64001105252399
5.6671542155009	0.64001066124627
5.6596650556919	0.64001026260444
5.6521956636501	0.64000985692433
5.6447459612126	0.64000944453100
5.6373158706281	0.64000902574871
5.6299053145540	0.64000860090075
5.6225142160540	0.64000817030938
5.6151424985952	0.64000773429573
5.6077900860456	0.64000729317971
5.6004569026714	0.64000684727989
5.5931428731343	0.64000639691344
5.5858479224893	0.64000594239604
5.5785719761816	0.64000548404174
5.5713149600446	0.64000502216292
5.5640768002970	0.64000455707018
5.5568574235403	0.64000408907226
5.5496567567568	0.64000361847595
5.5424747273063	0.64000314558597
5.5353112629247	0.64000267070495
5.5281662917204	0.64000219413329
5.5210397421731	0.64000171616910
5.5139315431304	0.64000123710813
5.5068416238060	0.64000075724364
5.4997699137773	0.64000027686637
5.4927163429828	0.63999979626444
5.4856808417200	0.63999931572328
5.4786633406433	0.63999883552553
5.4716637707611	0.63999835595099
5.4646820634342	0.63999787727655
5.4577181503732	0.63999739977607
5.4507719636364	0.63999692372037
5.4438434356274	0.63999644937710
5.4369324990932	0.63999597701071
5.4300390871219	0.63999550688238
5.4231631331404	0.63999503924991
5.4163045709124	0.63999457436772
5.4094633345363	0.63999411248671
5.4026393584430	0.63999365385428
5.3958325773938	0.63999319871416
5.3890429264785	0.63999274730647
5.3822703411131	0.63999229986756
5.3755147570378	0.63999185663000
5.3687761103152	0.63999141782252
5.3620543373278	0.63999098366993
5.3553493747767	0.63999055439309
5.3486611596789	0.63999013020885
5.3419896293656	0.63998971132999
5.3353347214807	0.63998929796515
5.3286963739780	0.63998889031885
5.3220745251198	0.63998848859135
5.3154691134752	0.63998809297866
5.3088800779175	0.63998770367249
5.3023073576229	0.63998732086020
5.2957508920685	0.63998694472473
5.2892106210303	0.63998657544460
5.2826864845815	0.63998621319386
5.2761784230905	0.63998585814201
5.2696863772192	0.63998551045404
5.2632102879213	0.63998517029030
5.2567500964405	0.63998483780656
5.2503057443082	0.63998451315390
5.2438771733427	0.63998419647873
5.2374643256464	0.63998388792273
5.2310671436050	0.63998358762282
5.2246855698850	0.63998329571118
5.2183195474326	0.63998301231514
5.2119690194715	0.63998273755723
5.2056339295016	0.63998247155513
5.1993142212973	0.63998221442165
5.1930098389052	0.63998196626468
5.1867207266436	0.63998172718724
5.1804468290997	0.63998149728739
5.1741880911288	0.63998127665826
5.1679444578521	0.63998106538802
5.1617158746556	0.63998086355987
5.1555022871883	0.63998067125203
5.1493036413604	0.63998048853771
5.1431198833419	0.63998031548514
5.1369509595613	0.63998015215753
5.1307968167037	0.63997999861309
5.1246574017094	0.63997985490499
5.1185326617722	0.63997972108140
5.1124225443383	0.63997959718546
5.1063269971044	0.63997948325529
5.1002459680163	0.63997937932399
5.0941794052676	0.63997928541964
5.0881272572980	0.63997920156532
5.0820894727920	0.63997912777909
5.0760660006773	0.63997906407403
5.0700567901235	0.63997901045820
5.0640617905405	0.63997896693473
5.0580809515775	0.63997893350173
5.0521142231210	0.63997891015239
5.0461615552937	0.63997889687497
5.0402228984533	0.63997889365277
5.0342982031906	0.63997890046422
5.0283874203287	0.63997891728285
5.0224905009214	0.63997894407732
5.0166073962517	0.63997898081146
5.0107380578305	0.63997902744426
5.0048824373957	0.63997908392995
4.9990404869101	0.63997915021795
4.9932121585610	0.63997922625297
4.9873974047579	0.63997931197498
4.9815961781323	0.63997940731928
4.9758084315353	0.63997951221653
4.9700341180371	0.63997962659275
4.9642731909256	0.63997975036938
4.9585256037049	0.63997988346332
4.9527913100942	0.63998002578696
4.9470702640264	0.63998017724820
4.9413624196473	0.63998033775052
4.9356677313138	0.63998050719299
4.9299861535932	0.63998068547035
4.9243176412615	0.63998087247301
4.9186621493027	0.63998106808714
4.9130196329072	0.63998127219466
4.9073900474709	0.63998148467335
4.9017733485939	0.63998170539684
4.8961694920790	0.63998193423472
4.8905784339315	0.63998217105252
4.8850001303569	0.63998241571183
4.8794345377604	0.63998266807031
4.8738816127459	0.63998292798176
4.8683413121143	0.63998319529616
4.8628135928629	0.63998346985976
4.8572984121841	0.63998375151511
4.8517957274640	0.63998404010112
4.8463054962819	0.63998433545313
4.8408276764088	0.63998463740296
4.8353622258065	0.63998494577900
4.8299091026261	0.63998526040623
4.8244682652076	0.63998558110632
4.8190396720784	0.63998590769768
4.8136232819525	0.63998623999553
4.8082190537289	0.63998657781197
4.8028269464915	0.63998692095603
4.7974469195071	0.63998726923377
4.7920789322251	0.63998762244833
4.7867229442759	0.63998798040001
4.7813789154705	0.63998834288632
4.7760468057989	0.63998870970210
4.7707265754297	0.63998908063956
4.7654181847083	0.63998945548833
4.7601215941569	0.63998983403560
4.7548367644726	0.63999021606616
4.7495636565272	0.63999060136247
4.7443022313657	0.63999098970475
4.7390524502055	0.63999138087106
4.7338142744355	0.63999177463739
4.7285876656151	0.63999217077772
4.7233725854735	0.63999256906410
4.7181689959081	0.63999296926676
4.7129768589844	0.63999337115418
4.7077961369347	0.63999377449314
4.7026267921569	0.63999417904886
4.6974687872140	0.63999458458505
4.6923220848333	0.63999499086402
4.6871866479049	0.63999539764671
4.6820624394815	0.63999580469286
4.6769494227769	0.63999621176104
4.6718475611657	0.63999661860874
4.6667568181818	0.63999702499248
4.6616771575183	0.63999743066789
4.6566085430258	0.63999783538980
4.6515509387122	0.63999823891232
4.6465043087415	0.63999864098896
4.6414686174330	0.63999904137267
4.6364438292607	0.63999943981599
4.6314299088522	0.63999983607109
4.6264268209877	0.64000022988990
4.6214345305997	0.64000062102417
4.6164530027718	0.64000100922559
4.6114822027380	0.64000139424588
4.6065220958820	0.64000177583686
4.6015726477360	0.64000215375056
4.5966338239804	0.64000252773932
4.5917055904426	0.64000289755588
4.5867879130967	0.64000326295344
4.5818807580621	0.64000362368582
4.5769840916031	0.64000397950749
4.5720978801281	0.64000433017372
4.5672220901889	0.64000467544063
4.5623566884797	0.64000501506529
4.5575016418364	0.64000534880585
4.5526569172361	0.64000567642159
4.5478224817961	0.64000599767305
4.5429983027731	0.64000631232211
4.5381843475628	0.64000662013207
4.5333805836988	0.64000692086776
4.5285869788520	0.64000721429566
4.5238035008299	0.64000750018392
4.5190301175761	0.64000777830255
4.5142667971691	0.64000804842343
4.5095135078219	0.64000831032044
4.5047702178813	0.64000856376959
4.5000368958271	0.64000880854902
4.4953135102714	0.64000904443919
4.4906000299581	0.64000927122291
4.4858964237618	0.64000948868547
4.4812026606876	0.64000969661468
4.4765187098701	0.64000989480104
4.4718445405728	0.64001008303776
4.4671801221875	0.64001026112089
4.4625254242334	0.64001042884938
4.4578804163569	0.64001058602522
4.4532450683304	0.64001073245347
4.4486193500519	0.64001086794238
4.4440032315446	0.64001099230349
4.4393966829557	0.64001110535170
4.4347996745562	0.64001120690533
4.4302121767401	0.64001129678628
4.4256341600236	0.64001137482003
4.4210655950450	0.64001144083580
4.4165064525633	0.64001149466657
4.4119567034584	0.64001153614923
4.4074163187298	0.64001156512460
4.4028852694963	0.64001158143754
4.3983635269953	0.64001158493705
4.3938510625824	0.64001157547631
4.3893478477306	0.64001155291279
4.3848538540295	0.64001151710833
4.3803690531853	0.64001146792918
4.3758934170194	0.64001140524614
4.3714269174686	0.64001132893456
4.3669695265841	0.64001123887450
4.3625212165309	0.64001113495071
4.3580819595871	0.64001101705280
4.3536517281441	0.64001088507521
4.3492304947048	0.64001073891739
4.3448182318841	0.64001057848378
4.3404149124077	0.64001040368391
4.3360205091119	0.64001021443248
4.3316349949429	0.64001001064943
4.3272583429561	0.64000979225996
4.3228905263158	0.64000955919464
4.3185315182944	0.64000931138945
4.3141812922723	0.64000904878587
4.3098398217366	0.64000877133087
4.3055070802815	0.64000847897707
4.3011830416069	0.64000817168271
4.2968676795184	0.64000784941173
4.2925609679267	0.64000751213386
4.2882628808468	0.64000715982463
4.2839733923978	0.64000679246543
4.2796924768023	0.64000641004358
4.2754201083856	0.64000601255236
4.2711562615757	0.64000559999106
4.2669009109024	0.64000517236501
4.2626540309967	0.64000472968567
4.2584155965909	0.64000427197062
4.2541855825174	0.64000379924363
4.2499639637085	0.64000331153469
4.2457507151961	0.64000280888004
4.2415458121109	0.64000229132223
4.2373492296820	0.64000175891012
4.2331609432364	0.64000121169893
4.2289809281986	0.64000064975028
4.2248091600902	0.64000007313219
4.2206456145291	0.63999948191914
4.2164902672293	0.63999887619206
4.2123430940003	0.63999825603839
4.2082040707468	0.63999762155205
4.2040731734680	0.63999697283352
4.1999503782572	0.63999630998981
4.1958356613016	0.63999563313450
4.1917289988814	0.63999494238773
4.1876303673697	0.63999423787625
4.1835397432319	0.63999351973337
4.1794571030252	0.63999278809903
4.1753824233983	0.63999204311976
4.1713156810909	0.63999128494871
4.1672568529330	0.63999051374562
4.1632059158450	0.63998972967685
4.1591628468368	0.63998893291537
4.1551276230076	0.63998812364074
4.1511002215453	0.63998730203910
4.1470806197261	0.63998646830318
4.1430687949143	0.63998562263229
4.1390647245616	0.63998476523225
4.1350683862069	0.63998389631547
4.1310797574755	0.63998301610083
4.1270988160793	0.63998212481372
4.1231255398157	0.63998122268601
4.1191599065677	0.63998030995601
4.1152018943034	0.63997938686842
4.1112514810752	0.63997845367436
4.1073086450199	0.63997751063128
4.1033733643581	0.63997655800295
4.0994456173937	0.63997559605941
4.0955253825137	0.63997462507693
4.0916126381875	0.63997364533800
4.0877073629670	0.63997265713123
4.0838095354856	0.63997166075132
4.0799191344584	0.63997065649906
4.0760361386812	0.63996964468118
4.0721605270307	0.63996862561039
4.0682922784638	0.63996759960526
4.0644313720174	0.63996656699018
4.0605777868075	0.63996552809530
4.0567315020298	0.63996448325644
4.0528924969582	0.63996343281507
4.0490607509454	0.63996237711819
4.0452362434219	0.63996131651827
4.0414189538959	0.63996025137319
4.0376088619529	0.63995918204614
4.0338059472551	0.63995810890554
4.0300101895416	0.63995703232497
4.0262215686274	0.63995595268308
4.0224400644036	0.63995487036346
4.0186656568365	0.63995378575462
4.0148983259676	0.63995269924983
4.0111380519133	0.63995161124705
4.0073848148643	0.63995052214881
4.0036385950855	0.63994943236215
3.9998993729153	0.63994834229845
3.9961671287657	0.63994725237337
3.9924418431216	0.63994616300671
3.9887234965407	0.63994507462232
3.9850120696531	0.63994398764795
3.9813075431607	0.63994290251514
3.9776098978373	0.63994181965913
3.9739191145281	0.63994073951866
3.9702351741491	0.63993966253593
3.9665580576872	0.63993858915638
3.9628877461996	0.63993751982862
3.9592242208135	0.63993645500427
3.9555674627260	0.63993539513780
3.9519174532033	0.63993434068641
3.9482741735809	0.63993329210988
3.9446376052632	0.63993224987040
3.9410077297226	0.63993121443244
3.9373845285001	0.63993018626260
3.9337679832043	0.63992916582941
3.9301580755113	0.63992815360321
3.9265547871644	0.63992715005598
3.9229580999738	0.63992615566113
3.9193679958164	0.63992517089340
3.9157844566353	0.63992419622863
3.9122074644395	0.63992323214360
3.9086370013038	0.63992227911585
3.9050730493682	0.63992133762352
3.9015155908381	0.63992040814513
3.8979646079834	0.63991949115940
3.8944200831385	0.63991858714508
3.8908819987021	0.63991769658073
3.8873503371369	0.63991681994454
3.8838250809690	0.63991595771412
3.8803062127880	0.63991511036631
3.8767937152463	0.63991427837695
3.8732875710594	0.63991346222068
3.8697877630050	0.63991266237077
3.8662942739231	0.63991187929883
3.8628070867156	0.63991111347464
3.8593261843460	0.63991036536593
3.8558515498392	0.63990963543815
3.8523831662812	0.63990892415421
3.8489210168186	0.63990823197430
3.8454650846588	0.63990755935565
3.8420153530693	0.63990690675227
3.8385718053777	0.63990627461470
3.8351344249712	0.63990566338982
3.8317031952965	0.63990507352058
3.8282780998595	0.63990450544573
3.8248591222251	0.63990395959961
3.8214462460166	0.63990343641185
3.8180394549159	0.63990293630718
3.8146387326632	0.63990245970511
3.8112440630562	0.63990200701969
3.8078554299505	0.63990157865925
3.8044728172589	0.63990117502614
3.8010962089514	0.63990079651644
3.7977255890550	0.63990044351969
3.7943609416530	0.63990011641864
3.7910022508852	0.63989981558895
3.7876495009476	0.63989954139891
3.7843026760919	0.63989929420913
3.7809617606256	0.63989907437233
3.7776267389113	0.63989888223297
3.7742975953670	0.63989871812699
3.7709743144654	0.63989858238153
3.7676568807339	0.63989847531460
3.7643452787544	0.63989839723481
3.7610394931627	0.63989834844105
3.7577395086488	0.63989832922218
3.7544453099562	0.63989833985674
3.7511568818819	0.63989838061261
3.7478742092762	0.63989845174674
3.7445972770422	0.63989855350480
3.7413260701360	0.63989868612085
3.7380605735661	0.63989884981706
3.7348007723932	0.63989904480336
3.7315466517301	0.63989927127712
3.7282981967417	0.63989952942281
3.7250553926441	0.63989981941169
3.7218182247052	0.63990014140145
3.7185866782436	0.63990049553589
3.7153607386293	0.63990088194460
3.7121403912828	0.63990130074257
3.7089256216751	0.63990175202989
3.7057164153276	0.63990223589138
3.7025127578115	0.63990275239626
3.6993146347483	0.63990330159778
3.6961220318087	0.63990388353289
3.6929349347130	0.63990449822186
3.6897533292308	0.63990514566794
3.6865772011805	0.63990582585698
3.6834065364295	0.63990653875712
3.6802413208937	0.63990728431835
3.6770815405372	0.63990806247221
3.6739271813725	0.63990887313139
3.6707782294600	0.63990971618936
3.6676346709078	0.63991059152000
3.6644964918714	0.63991149897725
3.6613636785540	0.63991243839470
3.6582362172056	0.63991340958521
3.6551140941234	0.63991441234058
3.6519972956511	0.63991544643110
3.6488858081792	0.63991651160523
3.6457796181442	0.63991760758916
3.6426787120292	0.63991873408645
3.6395830763628	0.63991989077765
3.6364926977196	0.63992107731989
3.6334075627197	0.63992229334649
3.6303276580286	0.63992353846658
3.6272529703569	0.63992481226467
3.6241834864603	0.63992611430031
3.6211191931393	0.63992744410764
3.6180600772387	0.63992880119499
3.6150061256481	0.63993018504454
3.6119573253012	0.63993159511182
3.6089136631756	0.63993303082539
3.6058751262930	0.63993449158638
3.6028417017185	0.63993597676813
3.5998133765610	0.63993748571572
3.5967901379724	0.63993901774562
3.5937719731479	0.63994057214523
3.5907588693257	0.63994214817251
3.5877508137865	0.63994374505554
3.5847477938539	0.63994536199209
3.5817497968937	0.63994699814927
3.5787568103140	0.63994865266302
3.5757688215649	0.63995032463777
3.5727858181385	0.63995201314598
3.5698077875685	0.63995371722775
3.5668347174301	0.63995543589037
3.5638665953400	0.63995716810790
3.5609034089559	0.63995891282078
3.5579451459767	0.63996066893538
3.5549917941421	0.63996243532358
3.5520433412322	0.63996421082235
3.5490997750681	0.63996599423334
3.5461610835108	0.63996778432242
3.5432272544616	0.63996957981929
3.5402982758621	0.63997137941703
3.5373741356932	0.63997318177171
3.5344548219759	0.63997498550192
3.5315403227706	0.63997678918834
3.5286306261770	0.63997859137339
3.5257257203340	0.63998039056070
3.5228255934195	0.63998218521476
3.5199302336503	0.63998397376045
3.5170396292820	0.63998575458265
3.5141537686086	0.63998752602576
3.5112726399625	0.63998928639334
3.5083962317145	0.63999103394764
3.5055245322732	0.63999276690916
3.5026575300853	0.63999448345629
3.4997952136353	0.63999618172480
3.4969375714452	0.63999785980750
3.4940845920746	0.63999951575374
3.4912362641202	0.64000114756904
3.4883925762160	0.64000275321465
3.4855535170329	0.64000433060711
3.4827190752788	0.64000587761785
3.4798892396982	0.64000739207277
3.4770639990721	0.64000887175181
3.4742433422181	0.64001031438853
3.4714272579898	0.64001171766969
3.4686157352771	0.64001307923487
3.4658087630058	0.64001439667598
3.4630063301375	0.64001566753693
3.4602084256694	0.64001688931315
3.4574150386345	0.64001805945121
3.4546261581009	0.64001917534842
3.4518417731721	0.64002023435237
3.4490618729867	0.64002123376060
3.4462864467180	0.64002217082013
3.4435154835745	0.64002304272706
3.4407489727993	0.64002384662624
3.4379869036697	0.64002457961075
3.4352292654979	0.64002523872161
3.4324760476300	0.64002582094734
3.4297272394463	0.64002632322354
3.4269828303612	0.64002674243254
3.4242428098230	0.64002707540301
3.4215071673134	0.64002731890951
3.4187758923480	0.64002746967220
3.4160489744758	0.64002752435638
3.4133264032791	0.64002747957214
3.4106081683732	0.64002733187398
3.4078942594066	0.64002707776044
3.4051846660609	0.64002671367373
3.4024793780502	0.64002623599931
3.3997783851213	0.64002564106562
3.3970816770538	0.64002492514363
3.3943892436594	0.64002408444652
3.3917010747822	0.64002311512930
3.3890171602984	0.64002201328849
3.3863374901163	0.64002077496173
3.3836620541761	0.64001939612748
3.3809908424495	0.64001787270461
3.3783238449403	0.64001620055212
3.3756610516834	0.64001437546877
3.3730024527453	0.64001239319278
3.3703480382237	0.64001024940144
3.3676977982476	0.64000793971086
3.3650517229768	0.64000545967559
3.3624098026021	0.64000280478834
3.3597720273451	0.63999997047963
3.3571383874580	0.63999695211752
3.3545088732237	0.63999374500731
3.3518834749553	0.63999034439117
3.3492621829963	0.63998674544794
3.3466449877205	0.63998294329278
3.3440318795315	0.63997893297689
3.3414228488631	0.63997470948724
3.3388178861789	0.63997026774631
3.3362169819720	0.63996560261177
3.3336201267653	0.63996070887629
3.3310273111111	0.63995558126719
