#Parameters = {thARC=0.2; nARC=2.75; thsub=1; p=1; nSub=4}
#"Wavelength / um"	"T (692) [Real Part]"
#---------------------------------------
14.989622900000	0.64993744194340
14.937342202292	0.65005114836807
14.885424925521	0.65016378763982
14.833867293419	0.65027537787789
14.782665581854	0.65038593711896
14.731816117936	0.65049548331554
14.681315279138	0.65060403433456
14.631159492435	0.65071160795589
14.581345233463	0.65081822187092
14.531869025691	0.65092389368120
14.482727439614	0.65102864089699
14.433917091960	0.65113248093603
14.385434644914	0.65123543112214
14.337276805356	0.65133750868397
14.289440324118	0.65143873075375
14.241921995249	0.65153911436608
14.194718655303	0.65163867645666
14.147827182633	0.65173743386120
14.101244496707	0.65183540331421
14.054967557431	0.65193260144793
14.008993364486	0.65202904479121
13.963318956684	0.65212474976843
13.917941411328	0.65221973269853
13.872857843591	0.65231400979391
13.828065405904	0.65240759715951
13.783561287356	0.65250051079184
13.739342713107	0.65259276657804
13.695406943810	0.65268438029497
13.651751275046	0.65277536760835
13.608373036768	0.65286574407191
13.565269592760	0.65295552512653
13.522438340099	0.65304472609949
13.479876708633	0.65313336220366
13.437582160466	0.65322144853675
13.395552189455	0.65330900008062
13.353784320713	0.65339603170056
13.312276110124	0.65348255814459
13.271025143869	0.65356859404287
13.230029037952	0.65365415390704
13.189285437747	0.65373925212963
13.148792017544	0.65382390298347
13.108546480105	0.65390812062115
13.068546556234	0.65399191907453
13.028790004346	0.65407531225418
12.989274610052	0.65415831394892
12.949998185745	0.65424093782539
12.910958570198	0.65432319742759
12.872153628167	0.65440510617646
12.833581250000	0.65448667736956
12.795239351259	0.65456792418061
12.757125872340	0.65464885965924
12.719238778108	0.65472949673060
12.681576057530	0.65480984819510
12.644135723323	0.65488992672815
12.606915811606	0.65496974487986
12.569914381551	0.65504931507483
12.533129515050	0.65512864961197
12.496559316382	0.65520776066426
12.460201911887	0.65528666027861
12.424055449648	0.65536536037570
12.388118099174	0.65544387274988
12.352388051092	0.65552220906900
12.316863516845	0.65560038087440
12.281542728390	0.65567839958077
12.246423937908	0.65575627647617
12.211505417515	0.65583402272193
12.176785458976	0.65591164935269
12.142262373431	0.65598916727639
12.107934491115	0.65606658727430
12.073800161095	0.65614392000106
12.039857751004	0.65622117598475
12.006105646776	0.65629836562695
11.972542252396	0.65637549920290
11.939165989646	0.65645258686152
11.905975297855	0.65652963862562
11.872968633663	0.65660666439204
11.840144470774	0.65668367393178
11.807501299724	0.65676067689022
11.775037627651	0.65683768278730
11.742751978065	0.65691470101775
11.710642890625	0.65699174085130
11.678708920919	0.65706881143297
11.646948640249	0.65714592178327
11.615360635413	0.65722308079855
11.583943508501	0.65730029725123
11.552695876686	0.65737757979015
11.521616372022	0.65745493694088
11.490703641242	0.65753237710603
11.459956345566	0.65760990856565
11.429373160503	0.65768753947756
11.398952775665	0.65776527787775
11.368693894577	0.65784313168074
11.338595234493	0.65792110868002
11.308655526217	0.65799921654845
11.278873513920	0.65807746283870
11.249247954972	0.65815585498367
11.219777619760	0.65823440029699
11.190461291527	0.65831310597344
11.161297766195	0.65839197908945
11.132285852209	0.65847102660362
11.103424370370	0.65855025535716
11.074712153676	0.65862967207447
11.046148047163	0.65870928336362
11.017730907755	0.65878909571691
10.989459604106	0.65886911551140
10.961333016453	0.65894934900949
10.933350036470	0.65902980235946
10.905509567115	0.65911048159608
10.877810522496	0.65919139264116
10.850251827723	0.65927254130419
10.822832418773	0.65935393328291
10.795551242348	0.65943557416394
10.768407255747	0.65951746942343
10.741399426729	0.65959962442763
10.714526733381	0.65968204443362
10.687788163993	0.65976473458987
10.661182716927	0.65984769993698
10.634709400497	0.65993094540829
10.608367232838	0.66001447583059
10.582155241793	0.66009829592479
10.556072464789	0.66018241030662
10.530117948718	0.66026682348730
10.504290749825	0.66035153987428
10.478589933590	0.66043656377196
10.453014574616	0.66052189938235
10.427563756522	0.66060755080586
10.402236571825	0.66069352204201
10.377032121841	0.66077981699016
10.351949516575	0.66086643945026
10.326987874612	0.66095339312362
10.302146323024	0.66104068161363
10.277423997257	0.66112830842657
10.252820041040	0.66121627697231
10.228333606278	0.66130459056517
10.203963852961	0.66139325242463
10.179709949066	0.66148226567614
10.155571070461	0.66157163335191
10.131546400811	0.66166135839169
10.107635131490	0.66175144364359
10.083836461487	0.66184189186486
10.060149597315	0.66193270572271
10.036573752929	0.66202388779509
10.013108149633	0.66211544057156
9.9897520159947	0.66220736645406
9.9665045877660	0.66229966775774
9.9433651077944	0.66239234671182
9.9203328259431	0.66248540546035
9.8974069990096	0.66257884606310
9.8745868906456	0.66267267049639
9.8518717712783	0.66276688065388
9.8292609180328	0.66286147834747
9.8067536146549	0.66295646530809
9.7843491514360	0.66305184318658
9.7620468251384	0.66314761355452
9.7398459389214	0.66324377790509
9.7177458022690	0.66334033765391
9.6957457309185	0.66343729413989
9.6738450467893	0.66353464862611
9.6520430779137	0.66363240230064
9.6303391583681	0.66373055627742
9.6087326282051	0.66382911159713
9.5872228333866	0.66392806922802
9.5658091257179	0.66402743006679
9.5444908627826	0.66412719493946
9.5232674078780	0.66422736460220
9.5021381299525	0.66432793974224
9.4811024035421	0.66442892097871
9.4601596087094	0.66453030886349
9.4393091309824	0.66463210388210
9.4185503612944	0.66473430645456
9.3978826959248	0.66483691693627
9.3773055364404	0.66493993561882
9.3568182896380	0.66504336273093
9.3364203674868	0.66514719843927
9.3161111870727	0.66525144284934
9.2958901705426	0.66535609600632
9.2757567450495	0.66546115789597
9.2557103426984	0.66556662844544
9.2357504004929	0.66567250752420
9.2158763602828	0.66577879494482
9.1960876687117	0.66588549046391
9.1763837771656	0.66599259378295
9.1567641417227	0.66610010454911
9.1372282231027	0.66620802235619
9.1177754866180	0.66631634674539
9.0984054021244	0.66642507720624
9.0791174439733	0.66653421317738
9.0599110909640	0.66664375404749
9.0407858262967	0.66675369915608
9.0217411375263	0.66686404779435
9.0027765165165	0.66697479920607
8.9838914593947	0.66708595258837
8.9650854665072	0.66719750709264
8.9463580423754	0.66730946182533
8.9277086956522	0.66742181584879
8.9091369390788	0.66753456818212
8.8906422894425	0.66764771780201
8.8722242675348	0.66776126364354
8.8538823981099	0.66787520460103
8.8356162098438	0.66798953952887
8.8174252352941	0.66810426724231
8.7993090108600	0.66821938651833
8.7812670767428	0.66833489609641
8.7632989769073	0.66845079467936
8.7454042590432	0.66856708093414
8.7275824745269	0.66868375349263
8.7098331783847	0.66880081095251
8.6921559292549	0.66891825187797
8.6745502893519	0.66903607480056
8.6570158244297	0.66915427821997
8.6395521037464	0.66927286060483
8.6221587000288	0.66939182039347
8.6048351894374	0.66951115599474
8.5875811515325	0.66963086578875
8.5703961692396	0.66975094812765
8.5532798288160	0.66987140133645
8.5362317198178	0.66999222371372
8.5192514350668	0.67011341353238
8.5023385706183	0.67023496904048
8.4854927257288	0.67035688846191
8.4687135028249	0.67047916999719
8.4520005074711	0.67060181182418
8.4353533483399	0.67072481209887
8.4187716371806	0.67084816895605
8.4022549887892	0.67097188051011
8.3858030209790	0.67109594485571
8.3694153545505	0.67122036006854
8.3530916132627	0.67134512420604
8.3368314238042	0.67147023530808
8.3206344157646	0.67159569139768
8.3045002216066	0.67172149048175
8.2884284766381	0.67184763055174
8.2724188189845	0.67197410958436
8.2564708895621	0.67210092554225
8.2405843320506	0.67222807637471
8.2247587928669	0.67235556001830
8.2089939211391	0.67248337439758
8.1932893686800	0.67261151742576
8.1776447899618	0.67273998700535
8.1620598420909	0.67286878102881
8.1465341847826	0.67299789737924
8.1310674803363	0.67312733393099
8.1156593936113	0.67325708855032
8.1003095920022	0.67338715909600
8.0850177454153	0.67351754342002
8.0697835262450	0.67364823936811
8.0546066093498	0.67377924478044
8.0394866720300	0.67391055749219
8.0244233940043	0.67404217533418
8.0094164573871	0.67417409613344
7.9944655466667	0.67430631771384
7.9795703486825	0.67443883789668
7.9647305526036	0.67457165450121
7.9499458499072	0.67470476534531
7.9352159343568	0.67483816824597
7.9205405019815	0.67497186101991
7.9059192510549	0.67510584148409
7.8913518820742	0.67524010745635
7.8768380977404	0.67537465675584
7.8623776029373	0.67550948720366
7.8479701047120	0.67564459662334
7.8336153122550	0.67577998284140
7.8193129368805	0.67591564368783
7.8050626920073	0.67605157699666
7.7908642931393	0.67618778060642
7.7767174578470	0.67632425236069
7.7626219057483	0.67646099010854
7.7485773584906	0.67659799170507
7.7345835397317	0.67673525501188
7.7206401751223	0.67687277789753
7.7067469922879	0.67701055823804
7.6929037208109	0.67714859391733
7.6791100922131	0.67728688282767
7.6653658399386	0.67742542287018
7.6516706993364	0.67756421195522
7.6380244076433	0.67770324800286
7.6244267039674	0.67784252894330
7.6108773292714	0.67798205271730
7.5973760263558	0.67812181727659
7.5839225398432	0.67826182058430
7.5705166161616	0.67840206061534
7.5571580035291	0.67854253535683
7.5438464519376	0.67868324280844
7.5305817131374	0.67882418098285
7.5173635406219	0.67896534790606
7.5041916896120	0.67910674161778
7.4910659170415	0.67924836017184
7.4779859815415	0.67939020163647
7.4649516434263	0.67953226409472
7.4519626646781	0.67967454564478
7.4390188089330	0.67981704440028
7.4261198414664	0.67995975849070
7.4132655291790	0.68010268606163
7.4004556405826	0.68024582527509
7.3876899457861	0.68038917430990
7.3749682164822	0.68053273136192
7.3622902259332	0.68067649464436
7.3496557489581	0.68082046238810
7.3370645619187	0.68096463284194
7.3245164427071	0.68110900427290
7.3120111707317	0.68125357496648
7.2995485269053	0.68139834322693
7.2871282936315	0.68154330737748
7.2747502547925	0.68168846576064
7.2624141957364	0.68183381673838
7.2501199032648	0.68197935869243
7.2378671656205	0.68212509002448
7.2256557724753	0.68227100915637
7.2134855149182	0.68241711453037
7.2013561854432	0.68256340460935
7.1892675779376	0.68270987787698
7.1772194876706	0.68285653283795
7.1652117112811	0.68300336801814
7.1532440467669	0.68315038196481
7.1413162934731	0.68329757324677
7.1294282520809	0.68344494045455
7.1175797245964	0.68359248220059
7.1057705143399	0.68374019711934
7.0940004259347	0.68388808386746
7.0822692652965	0.68403614112395
7.0705768396226	0.68418436759026
7.0589229573817	0.68433276199047
7.0473074283028	0.68448132307136
7.0357300633654	0.68463004960256
7.0241906747891	0.68477894037666
7.0126890760234	0.68492799420928
7.0012250817375	0.68507720993923
6.9897985078107	0.68522658642854
6.9784091713222	0.68537612256257
6.9670568905415	0.68552581725009
6.9557414849188	0.68567566942337
6.9444627750753	0.68582567803820
6.9332205827937	0.68597584207397
6.9220147310090	0.68612616053377
6.9108450437990	0.68627663244435
6.8997113463751	0.68642725685623
6.8886134650735	0.68657803284372
6.8775512273457	0.68672895950492
6.8665244617499	0.68688003596178
6.8555329979419	0.68703126136009
6.8445766666667	0.68718263486952
6.8336552997493	0.68733415568357
6.8227687300865	0.68748582301965
6.8119167916383	0.68763763611901
6.8010993194192	0.68778959424672
6.7903161494904	0.68794169669172
6.7795671189507	0.68809394276673
6.7688520659291	0.68824633180825
6.7581708295762	0.68839886317650
6.7475232500563	0.68855153625542
6.7369091685393	0.68870435045259
6.7263284271932	0.68885730519918
6.7157808691756	0.68901039994991
6.7052663386267	0.68916363418295
6.6947846806610	0.68931700739992
6.6843357413601	0.68947051912572
6.6739193677649	0.68962416890856
6.6635354078684	0.68977795631976
6.6531837106081	0.68993188095375
6.6428641258586	0.69008594242794
6.6325765044248	0.69024014038262
6.6223206980340	0.69039447448086
6.6120965593295	0.69054894440838
6.6019039418630	0.69070354987346
6.5917427000879	0.69085829060683
6.5816126893524	0.69101316636150
6.5715137658922	0.69116817691265
6.5614457868243	0.69132332205754
6.5514086101399	0.69147860161528
6.5414020946978	0.69163401542677
6.5314261002179	0.69178956335451
6.5214804872743	0.69194524528246
6.5115651172893	0.69210106111587
6.5016798525266	0.69225701078112
6.4918245560849	0.69241309422557
6.4819990918919	0.69256931141737
6.4722033246978	0.69272566234529
6.4624371200690	0.69288214701855
6.4527003443823	0.69303876546663
6.4429928648184	0.69319551773908
6.4333145493562	0.69335240390532
6.4236652667667	0.69350942405446
6.4140448866068	0.69366657829511
6.4044532792138	0.69382386675514
6.3948903156997	0.69398128958150
6.3853558679446	0.69413884694002
6.3758498085921	0.69429653901517
6.3663720110427	0.69445436600983
6.3569223494487	0.69461232814513
6.3475006987084	0.69477042566014
6.3381069344609	0.69492865881174
6.3287409330800	0.69508702787427
6.3194025716695	0.69524553313943
6.3100917280572	0.69540417491591
6.3008082807902	0.69556295352924
6.2915521091291	0.69572186932152
6.2823230930427	0.69588092265115
6.2731211132036	0.69604011389261
6.2639460509820	0.69619944343620
6.2547977884415	0.69635891168776
6.2456762083333	0.69651851906844
6.2365811940919	0.69667826601443
6.2275126298297	0.69683815297669
6.2184704003319	0.69699818042069
6.2094543910522	0.69715834882614
6.2004644881075	0.69731865868671
6.1915005782734	0.69747911050976
6.1825625489792	0.69763970481609
6.1736502883031	0.69780044213961
6.1647636849681	0.69796132302710
6.1559026283368	0.69812234803791
6.1470670084068	0.69828351774370
6.1382567158067	0.69844483272811
6.1294716417910	0.69860629358650
6.1207116782360	0.69876790092568
6.1119767176351	0.69892965536356
6.1032666530945	0.69909155752892
6.0945813783289	0.69925360806107
6.0859207876573	0.69941580760957
6.0772847759984	0.69957815683393
6.0686732388664	0.69974065640333
6.0600860723671	0.69990330699627
6.0515231731934	0.70006610930033
6.0429844386212	0.70022906401182
6.0344697665056	0.70039217183549
6.0259790552764	0.70055543348424
6.0175122039342	0.70071884967880
6.0090691120465	0.70088242114740
6.0006496797438	0.70104614862552
5.9922538077154	0.70121003285553
5.9838813972056	0.70137407458640
5.9755323500100	0.70153827457338
5.9672065684713	0.70170263357773
5.9589039554760	0.70186715236633
5.9506244144502	0.70203183171147
5.9423678493558	0.70219667239043
5.9341341646873	0.70236167518528
5.9259232654675	0.70252684088246
5.9177350572444	0.70269217027254
5.9095694460871	0.70285766414990
5.9014263385827	0.70302332331239
5.8933056418321	0.70318914856102
5.8852072634472	0.70335514069969
5.8771311115468	0.70352130053483
5.8690770947533	0.70368762887511
5.8610451221896	0.70385412653113
5.8530351034752	0.70402079431509
5.8450469487229	0.70418763304053
5.8370805685358	0.70435464352195
5.8291358740035	0.70452182657455
5.8212127766990	0.70468918301391
5.8133111886756	0.70485671365568
5.8054310224632	0.70502441931528
5.7975721910656	0.70519230080757
5.7897346079567	0.70536035894659
5.7819181870781	0.70552859454519
5.7741228428351	0.70569700841480
5.7663484900942	0.70586560136509
5.7585950441798	0.70603437420366
5.7508624208709	0.70620332773575
5.7431505363985	0.70637246276398
5.7354593074421	0.70654178008797
5.7277886511272	0.70671128050414
5.7201384850219	0.70688096480533
5.7125087271341	0.70705083378059
5.7048992959087	0.70722088821482
5.6973101102242	0.70739112888851
5.6897410893908	0.70756155657746
5.6821921531463	0.70773217205249
5.6746632216544	0.70790297607913
5.6671542155009	0.70807396941740
5.6596650556919	0.70824515282146
5.6521956636501	0.70841652703937
5.6447459612126	0.70858809281282
5.6373158706281	0.70875985087685
5.6299053145540	0.70893180195954
5.6225142160540	0.70910394678183
5.6151424985952	0.70927628605715
5.6077900860456	0.70944882049124
5.6004569026714	0.70962155078183
5.5931428731343	0.70979447761841
5.5858479224893	0.70996760168199
5.5785719761816	0.71014092364479
5.5713149600446	0.71031444417005
5.5640768002970	0.71048816391173
5.5568574235403	0.71066208351431
5.5496567567568	0.71083620361251
5.5424747273063	0.71101052483107
5.5353112629247	0.71118504778451
5.5281662917204	0.71135977307686
5.5210397421731	0.71153470130152
5.5139315431304	0.71170983304092
5.5068416238060	0.71188516886636
5.4997699137773	0.71206070933779
5.4927163429828	0.71223645500355
5.4856808417200	0.71241240640020
5.4786633406433	0.71258856405227
5.4716637707611	0.71276492847207
5.4646820634342	0.71294150015950
5.4577181503732	0.71311827960179
5.4507719636364	0.71329526727337
5.4438434356274	0.71347246363562
5.4369324990932	0.71364986913673
5.4300390871219	0.71382748421144
5.4231631331404	0.71400530928094
5.4163045709124	0.71418334475260
5.4094633345363	0.71436159101988
5.4026393584430	0.71454004846208
5.3958325773938	0.71471871744422
5.3890429264785	0.71489759831684
5.3822703411131	0.71507669141588
5.3755147570378	0.71525599706245
5.3687761103152	0.71543551556277
5.3620543373278	0.71561524720792
5.3553493747767	0.71579519227377
5.3486611596789	0.71597535102079
5.3419896293656	0.71615572369394
5.3353347214807	0.71633631052251
5.3286963739780	0.71651711172001
5.3220745251198	0.71669812748403
5.3154691134752	0.71687935799611
5.3088800779175	0.71706080342164
5.3023073576229	0.71724246390975
5.2957508920685	0.71742433959315
5.2892106210303	0.71760643058810
5.2826864845815	0.71778873699424
5.2761784230905	0.71797125889453
5.2696863772192	0.71815399635514
5.2632102879213	0.71833694942537
5.2567500964405	0.71852011813757
5.2503057443082	0.71870350250704
5.2438771733427	0.71888710253197
5.2374643256464	0.71907091819335
5.2310671436050	0.71925494945494
5.2246855698850	0.71943919626316
5.2183195474326	0.71962365854706
5.2119690194715	0.71980833621828
5.2056339295016	0.71999322917095
5.1993142212973	0.72017833728168
5.1930098389052	0.72036366040954
5.1867207266436	0.72054919839597
5.1804468290997	0.72073495106478
5.1741880911288	0.72092091822214
5.1679444578521	0.72110709965650
5.1617158746556	0.72129349513864
5.1555022871883	0.72148010442162
5.1493036413604	0.72166692724075
5.1431198833419	0.72185396331364
5.1369509595613	0.72204121234017
5.1307968167037	0.72222867400247
5.1246574017094	0.72241634796497
5.1185326617722	0.72260423387440
5.1124225443383	0.72279233135982
5.1063269971044	0.72298064003260
5.1002459680163	0.72316915948649
5.0941794052676	0.72335788929765
5.0881272572980	0.72354682902465
5.0820894727920	0.72373597820858
5.0760660006773	0.72392533637301
5.0700567901235	0.72411490302409
5.0640617905405	0.72430467765062
5.0580809515775	0.72449465972407
5.0521142231210	0.72468484869866
5.0461615552937	0.72487524401143
5.0402228984533	0.72506584508233
5.0342982031906	0.72525665131424
5.0283874203287	0.72544766209314
5.0224905009214	0.72563887678811
5.0166073962517	0.72583029475147
5.0107380578305	0.72602191531888
5.0048824373957	0.72621373780939
4.9990404869101	0.72640576152562
4.9932121585610	0.72659798575379
4.9873974047579	0.72679040976389
4.9815961781323	0.72698303280977
4.9758084315353	0.72717585412927
4.9700341180371	0.72736887294434
4.9642731909256	0.72756208846119
4.9585256037049	0.72775549987039
4.9527913100942	0.72794910634705
4.9470702640264	0.72814290705092
4.9413624196473	0.72833690112658
4.9356677313138	0.72853108770355
4.9299861535932	0.72872546589649
4.9243176412615	0.72892003480532
4.9186621493027	0.72911479351540
4.9130196329072	0.72930974109771
4.9073900474709	0.72950487660901
4.9017733485939	0.72970019909200
4.8961694920790	0.72989570757554
4.8905784339315	0.73009140107480
4.8850001303569	0.73028727859147
4.8794345377604	0.73048333911392
4.8738816127459	0.73067958161745
4.8683413121143	0.73087600506442
4.8628135928629	0.73107260840451
4.8572984121841	0.73126939057493
4.8517957274640	0.73146635050056
4.8463054962819	0.73166348709426
4.8408276764088	0.73186079925701
4.8353622258065	0.73205828587818
4.8299091026261	0.73225594583574
4.8244682652076	0.73245377799647
4.8190396720784	0.73265178121623
4.8136232819525	0.73284995434017
4.8082190537289	0.73304829620297
4.8028269464915	0.73324680562909
4.7974469195071	0.73344548143302
4.7920789322251	0.73364432241951
4.7867229442759	0.73384332738383
4.7813789154705	0.73404249511206
4.7760468057989	0.73424182438129
4.7707265754297	0.73444131395991
4.7654181847083	0.73464096260788
4.7601215941569	0.73484076907699
4.7548367644726	0.73504073211113
4.7495636565272	0.73524085044656
4.7443022313657	0.73544112281221
4.7390524502055	0.73564154792990
4.7338142744355	0.73584212451469
4.7285876656151	0.73604285127511
4.7233725854735	0.73624372691350
4.7181689959081	0.73644475012622
4.7129768589844	0.73664591960404
4.7077961369347	0.73684723403233
4.7026267921569	0.73704869209145
4.6974687872140	0.73725029245697
4.6923220848333	0.73745203380003
4.6871866479049	0.73765391478761
4.6820624394815	0.73785593408283
4.6769494227769	0.73805809034527
4.6718475611657	0.73826038223129
4.6667568181818	0.73846280839430
4.6616771575183	0.73866536748511
4.6566085430258	0.73886805815224
4.6515509387122	0.73907087904220
4.6465043087415	0.73927382879984
4.6414686174330	0.73947690606865
4.6364438292607	0.73968010949112
4.6314299088522	0.73988343770898
4.6264268209877	0.74008688936361
4.6214345305997	0.74029046309629
4.6164530027718	0.74049415754858
4.6114822027380	0.74069797136262
4.6065220958820	0.74090190318144
4.6015726477360	0.74110595164932
4.5966338239804	0.74131011541210
4.5917055904426	0.74151439311752
4.5867879130967	0.74171878341551
4.5818807580621	0.74192328495859
4.5769840916031	0.74212789640214
4.5720978801281	0.74233261640474
4.5672220901889	0.74253744362854
4.5623566884797	0.74274237673954
4.5575016418364	0.74294741440795
4.5526569172361	0.74315255530852
4.5478224817961	0.74335779812088
4.5429983027731	0.74356314152983
4.5381843475628	0.74376858422573
4.5333805836988	0.74397412490479
4.5285869788520	0.74417976226939
4.5238035008299	0.74438549502848
4.5190301175761	0.74459132189782
4.5142667971691	0.74479724160037
4.5095135078219	0.74500325286660
4.5047702178813	0.74520935443481
4.5000368958271	0.74541554505148
4.4953135102714	0.74562182347156
4.4906000299581	0.74582818845884
4.4858964237618	0.74603463878622
4.4812026606876	0.74624117323609
4.4765187098701	0.74644779060062
4.4718445405728	0.74665448968205
4.4671801221875	0.74686126929310
4.4625254242334	0.74706812825717
4.4578804163569	0.74727506540875
4.4532450683304	0.74748207959369
4.4486193500519	0.74768916966952
4.4440032315446	0.74789633450576
4.4393966829557	0.74810357298422
4.4347996745562	0.74831088399932
4.4302121767401	0.74851826645839
4.4256341600236	0.74872571928195
4.4210655950450	0.74893324140405
4.4165064525633	0.74914083177253
4.4119567034584	0.74934848934931
4.4074163187298	0.74955621311074
4.4028852694963	0.74976400204780
4.3983635269953	0.74997185516647
4.3938510625824	0.75017977148793
4.3893478477306	0.75038775004894
4.3848538540295	0.75059578990200
4.3803690531853	0.75080389011573
4.3758934170194	0.75101204977507
4.3714269174686	0.75122026798157
4.3669695265841	0.75142854385365
4.3625212165309	0.75163687652687
4.3580819595871	0.75184526515418
4.3536517281441	0.75205370890615
4.3492304947048	0.75226220697125
4.3448182318841	0.75247075855607
4.3404149124077	0.75267936288560
4.3360205091119	0.75288801920340
4.3316349949429	0.75309672677187
4.3272583429561	0.75330548487251
4.3228905263158	0.75351429280607
4.3185315182944	0.75372314989281
4.3141812922723	0.75393205547274
4.3098398217366	0.75414100890575
4.3055070802815	0.75435000957191
4.3011830416069	0.75455905687157
4.2968676795184	0.75476815022565
4.2925609679267	0.75497728907576
4.2882628808468	0.75518647288442
4.2839733923978	0.75539570113520
4.2796924768023	0.75560497333294
4.2754201083856	0.75581428900390
4.2711562615757	0.75602364769590
4.2669009109024	0.75623304897851
4.2626540309967	0.75644249244319
4.2584155965909	0.75665197770341
4.2541855825174	0.75686150439481
4.2499639637085	0.75707107217537
4.2457507151961	0.75728068072544
4.2415458121109	0.75749032974798
4.2373492296820	0.75770001896856
4.2331609432364	0.75790974813556
4.2289809281986	0.75811951702022
4.2248091600902	0.75832932541676
4.2206456145291	0.75853917314242
4.2164902672293	0.75874906003763
4.2123430940003	0.75895898596601
4.2082040707468	0.75916895081444
4.2040731734680	0.75937895449319
4.1999503782572	0.75958899693590
4.1958356613016	0.75979907809965
4.1917289988814	0.76000919796501
4.1876303673697	0.76021935653608
4.1835397432319	0.76042955384048
4.1794571030252	0.76063978992941
4.1753824233983	0.76085006487763
4.1713156810909	0.76106037878346
4.1672568529330	0.76127073176881
4.1632059158450	0.76148112397914
4.1591628468368	0.76169155558343
4.1551276230076	0.76190202677417
4.1511002215453	0.76211253776733
4.1470806197261	0.76232308880229
4.1430687949143	0.76253368014181
4.1390647245616	0.76274431207195
4.1350683862069	0.76295498490203
4.1310797574755	0.76316569896451
4.1270988160793	0.76337645461494
4.1231255398157	0.76358725223186
4.1191599065677	0.76379809221666
4.1152018943034	0.76400897499353
4.1112514810752	0.76421990100929
4.1073086450199	0.76443087073328
4.1033733643581	0.76464188465723
4.0994456173937	0.76485294329508
4.0955253825137	0.76506404718288
4.0916126381875	0.76527519687856
4.0877073629670	0.76548639296180
4.0838095354856	0.76569763603384
4.0799191344584	0.76590892671729
4.0760361386812	0.76612026565589
4.0721605270307	0.76633165351436
4.0682922784638	0.76654309097815
4.0644313720174	0.76675457875318
4.0605777868075	0.76696611756566
4.0567315020298	0.76717770816180
4.0528924969582	0.76738935130756
4.0490607509454	0.76760104778840
4.0452362434219	0.76781279840898
4.0414189538959	0.76802460399288
4.0376088619529	0.76823646538230
4.0338059472551	0.76844838343775
4.0300101895416	0.76866035903776
4.0262215686274	0.76887239307851
4.0224400644036	0.76908448647354
4.0186656568365	0.76929664015336
4.0148983259676	0.76950885506511
4.0111380519133	0.76972113217221
4.0073848148643	0.76993347245396
4.0036385950855	0.77014587690515
3.9998993729153	0.77035834653569
3.9961671287657	0.77057088237018
3.9924418431216	0.77078348544749
3.9887234965407	0.77099615682034
3.9850120696531	0.77120889755488
3.9813075431607	0.77142170873019
3.9776098978373	0.77163459143787
3.9739191145281	0.77184754678155
3.9702351741491	0.77206057587642
3.9665580576872	0.77227367984872
3.9628877461996	0.77248685983524
3.9592242208135	0.77270011698284
3.9555674627260	0.77291345244790
3.9519174532033	0.77312686739578
3.9482741735809	0.77334036300030
3.9446376052632	0.77355394044317
3.9410077297226	0.77376760091345
3.9373845285001	0.77398134560693
3.9337679832043	0.77419517572558
3.9301580755113	0.77440909247695
3.9265547871644	0.77462309707354
3.9229580999738	0.77483719073222
3.9193679958164	0.77505137467357
3.9157844566353	0.77526565012125
3.9122074644395	0.77548001830134
3.9086370013038	0.77569448044172
3.9050730493682	0.77590903777135
3.9015155908381	0.77612369151960
3.8979646079834	0.77633844291558
3.8944200831385	0.77655329318743
3.8908819987021	0.77676824356159
3.8873503371369	0.77698329526207
3.8838250809690	0.77719844950974
3.8803062127880	0.77741370752160
3.8767937152463	0.77762907050995
3.8732875710594	0.77784453968171
3.8697877630050	0.77806011623759
3.8662942739231	0.77827580137130
3.8628070867156	0.77849159626880
3.8593261843460	0.77870750210743
3.8558515498392	0.77892352005512
3.8523831662812	0.77913965126959
3.8489210168186	0.77935589689743
3.8454650846588	0.77957225807334
3.8420153530693	0.77978873591919
3.8385718053777	0.78000533154322
3.8351344249712	0.78022204603909
3.8317031952965	0.78043888048504
3.8282780998595	0.78065583594296
3.8248591222251	0.78087291345749
3.8214462460166	0.78109011405509
3.8180394549159	0.78130743874309
3.8146387326632	0.78152488850880
3.8112440630562	0.78174246431849
3.8078554299505	0.78196016711649
3.8044728172589	0.78217799782415
3.8010962089514	0.78239595733893
3.7977255890550	0.78261404653333
3.7943609416530	0.78283226625397
3.7910022508852	0.78305061732051
3.7876495009476	0.78326910052464
3.7843026760919	0.78348771662909
3.7809617606256	0.78370646636654
3.7776267389113	0.78392535043860
3.7742975953670	0.78414436951472
3.7709743144654	0.78436352423117
3.7676568807339	0.78458281518989
3.7643452787544	0.78480224295747
3.7610394931627	0.78502180806401
3.7577395086488	0.78524151100204
3.7544453099562	0.78546135222538
3.7511568818819	0.78568133214803
3.7478742092762	0.78590145114305
3.7445972770422	0.78612170954137
3.7413260701360	0.78634210763071
3.7380605735661	0.78656264565436
3.7348007723932	0.78678332381003
3.7315466517301	0.78700414224870
3.7282981967417	0.78722510107341
3.7250553926441	0.78744620033806
3.7218182247052	0.78766744004623
3.7185866782436	0.78788882014997
3.7153607386293	0.78811034054855
3.7121403912828	0.78833200108731
3.7089256216751	0.78855380155633
3.7057164153276	0.78877574168928
3.7025127578115	0.78899782116211
3.6993146347483	0.78922003959182
3.6961220318087	0.78944239653522
3.6929349347130	0.78966489148762
3.6897533292308	0.78988752388158
3.6865772011805	0.79011029308560
3.6834065364295	0.79033319840290
3.6802413208937	0.79055623907003
3.6770815405372	0.79077941425563
3.6739271813725	0.79100272305911
3.6707782294600	0.79122616450933
3.6676346709078	0.79144973756327
3.6644964918714	0.79167344110471
3.6613636785540	0.79189727394291
3.6582362172056	0.79212123481127
3.6551140941234	0.79234532236594
3.6519972956511	0.79256953518456
3.6488858081792	0.79279387176481
3.6457796181442	0.79301833052313
3.6426787120292	0.79324290979328
3.6395830763628	0.79346760782506
3.6364926977196	0.79369242278285
3.6334075627197	0.79391735274429
3.6303276580286	0.79414239569888
3.6272529703569	0.79436754954658
3.6241834864603	0.79459281209645
3.6211191931393	0.79481818106524
3.6180600772387	0.79504365407597
3.6150061256481	0.79526922865659
3.6119573253012	0.79549490223851
3.6089136631756	0.79572067215524
3.6058751262930	0.79594653564097
3.6028417017185	0.79617248982914
3.5998133765610	0.79639853175104
3.5967901379724	0.79662465833442
3.5937719731479	0.79685086640202
3.5907588693257	0.79707715267019
3.5877508137865	0.79730351374747
3.5847477938539	0.79752994613312
3.5817497968937	0.79775644621578
3.5787568103140	0.79798301027197
3.5757688215649	0.79820963446469
3.5727858181385	0.79843631484201
3.5698077875685	0.79866304733564
3.5668347174301	0.79888982775950
3.5638665953400	0.79911665180828
3.5609034089559	0.79934351505604
3.5579451459767	0.79957041295478
3.5549917941421	0.79979734083303
3.5520433412322	0.80002429389438
3.5490997750681	0.80025126721614
3.5461610835108	0.80047825574785
3.5432272544616	0.80070525430991
3.5402982758621	0.80093225759213
3.5373741356932	0.80115926015237
3.5344548219759	0.80138625641509
3.5315403227706	0.80161324066995
3.5286306261770	0.80184020707045
3.5257257203340	0.80206714963248
3.5228255934195	0.80229406223294
3.5199302336503	0.80252093860840
3.5170396292820	0.80274777235364
3.5141537686086	0.80297455692033
3.5112726399625	0.80320128561562
3.5083962317145	0.80342795160082
3.5055245322732	0.80365454788996
3.5026575300853	0.80388106734852
3.4997952136353	0.80410750269201
3.4969375714452	0.80433384648467
3.4940845920746	0.80456009113811
3.4912362641202	0.80478622891000
3.4883925762160	0.80501225190275
3.4855535170329	0.80523815206216
3.4827190752788	0.80546392117618
3.4798892396982	0.80568955087355
3.4770639990721	0.80591503262256
3.4742433422181	0.80614035772973
3.4714272579898	0.80636551733860
3.4686157352771	0.80659050242842
3.4658087630058	0.80681530381293
3.4630063301375	0.80703991213912
3.4602084256694	0.80726431788601
3.4574150386345	0.80748851136341
3.4546261581009	0.80771248271076
3.4518417731721	0.80793622189593
3.4490618729867	0.80815971871400
3.4462864467180	0.80838296278617
3.4435154835745	0.80860594355856
3.4407489727993	0.80882865030109
3.4379869036697	0.80905107210634
3.4352292654979	0.80927319788851
3.4324760476300	0.80949501638222
3.4297272394463	0.80971651614153
3.4269828303612	0.80993768553884
3.4242428098230	0.81015851276385
3.4215071673134	0.81037898582252
3.4187758923480	0.81059909253609
3.4160489744758	0.81081882054006
3.4133264032791	0.81103815728323
3.4106081683732	0.81125709002674
3.4078942594066	0.81147560584314
3.4051846660609	0.81169369161546
3.4024793780502	0.81191133403631
3.3997783851213	0.81212851960701
3.3970816770538	0.81234523463675
3.3943892436594	0.81256146524170
3.3917010747822	0.81277719734426
3.3890171602984	0.81299241667222
3.3863374901163	0.81320710875800
3.3836620541761	0.81342125893791
3.3809908424495	0.81363485235143
3.3783238449403	0.81384787394048
3.3756610516834	0.81406030844877
3.3730024527453	0.81427214042115
3.3703480382237	0.81448335420296
3.3676977982476	0.81469393393943
3.3650517229768	0.81490386357512
3.3624098026021	0.81511312685338
3.3597720273451	0.81532170731578
3.3571383874580	0.81552958830166
3.3545088732237	0.81573675294765
3.3518834749553	0.81594318418722
3.3492621829963	0.81614886475029
3.3466449877205	0.81635377716281
3.3440318795315	0.81655790374647
3.3414228488631	0.81676122661831
3.3388178861789	0.81696372769050
3.3362169819720	0.81716538867000
3.3336201267653	0.81736619105843
3.3310273111111	0.81756611615177
