#Parameters = {thARC=0; nARC=1.25; thsub=1; p=1; nSub=4.25}
#"Wavelength / um"	"T (709) [Real Part]"
#---------------------------------------
14.989622900000	0.61677983127672
14.937342202292	0.61681435215049
14.885424925521	0.61684786441533
14.833867293419	0.61688038239871
14.782665581854	0.61691192034739
14.731816117936	0.61694249242662
14.681315279138	0.61697211271927
14.631159492435	0.61700079522503
14.581345233463	0.61702855385962
14.531869025691	0.61705540245400
14.482727439614	0.61708135475361
14.433917091960	0.61710642441767
14.385434644914	0.61713062501844
14.337276805356	0.61715397004051
14.289440324118	0.61717647288017
14.241921995249	0.61719814684470
14.194718655303	0.61721900515178
14.147827182633	0.61723906092888
14.101244496707	0.61725832721259
14.054967557431	0.61727681694815
14.008993364486	0.61729454298881
13.963318956684	0.61731151809530
13.917941411328	0.61732775493538
13.872857843591	0.61734326608324
13.828065405904	0.61735806401910
13.783561287356	0.61737216112868
13.739342713107	0.61738556970281
13.695406943810	0.61739830193698
13.651751275046	0.61741036993092
13.608373036768	0.61742178568821
13.565269592760	0.61743256111596
13.522438340099	0.61744270802436
13.479876708633	0.61745223812642
13.437582160466	0.61746116303762
13.395552189455	0.61746949427560
13.353784320713	0.61747724325991
13.312276110124	0.61748442131167
13.271025143869	0.61749103965342
13.230029037952	0.61749710940877
13.189285437747	0.61750264160227
13.148792017544	0.61750764715917
13.108546480105	0.61751213690524
13.068546556234	0.61751612156658
13.028790004346	0.61751961176951
12.989274610052	0.61752261804038
12.949998185745	0.61752515080548
12.910958570198	0.61752722039092
12.872153628167	0.61752883702254
12.833581250000	0.61753001082584
12.795239351259	0.61753075182588
12.757125872340	0.61753106994730
12.719238778108	0.61753097501421
12.681576057530	0.61753047675022
12.644135723323	0.61752958477843
12.606915811606	0.61752830862142
12.569914381551	0.61752665770129
12.533129515050	0.61752464133967
12.496559316382	0.61752226875782
12.460201911887	0.61751954907665
12.424055449648	0.61751649131679
12.388118099174	0.61751310439873
12.352388051092	0.61750939714288
12.316863516845	0.61750537826969
12.281542728390	0.61750105639980
12.246423937908	0.61749644005414
12.211505417515	0.61749153765415
12.176785458976	0.61748635752186
12.142262373431	0.61748090788013
12.107934491115	0.61747519685281
12.073800161095	0.61746923246495
12.039857751004	0.61746302264301
12.006105646776	0.61745657521507
11.972542252396	0.61744989791107
11.939165989646	0.61744299836308
11.905975297855	0.61743588410551
11.872968633663	0.61742856257540
11.840144470774	0.61742104111269
11.807501299724	0.61741332696051
11.775037627651	0.61740542726549
11.742751978065	0.61739734907802
11.710642890625	0.61738909935263
11.678708920919	0.61738068494824
11.646948640249	0.61737211262858
11.615360635413	0.61736338906246
11.583943508501	0.61735452082415
11.552695876686	0.61734551439377
11.521616372022	0.61733637615760
11.490703641242	0.61732711240852
11.459956345566	0.61731772934636
11.429373160503	0.61730823307831
11.398952775665	0.61729862961932
11.368693894577	0.61728892489252
11.338595234493	0.61727912472962
11.308655526217	0.61726923487137
11.278873513920	0.61725926096795
11.249247954972	0.61724920857946
11.219777619760	0.61723908317636
11.190461291527	0.61722889013987
11.161297766195	0.61721863476253
11.132285852209	0.61720832224859
11.103424370370	0.61719795771452
11.074712153676	0.61718754618951
11.046148047163	0.61717709261591
11.017730907755	0.61716660184979
10.989459604106	0.61715607866139
10.961333016453	0.61714552773565
10.933350036470	0.61713495367274
10.905509567115	0.61712436098854
10.877810522496	0.61711375411520
10.850251827723	0.61710313740165
10.822832418773	0.61709251511415
10.795551242348	0.61708189143684
10.768407255747	0.61707127047225
10.741399426729	0.61706065624188
10.714526733381	0.61705005268675
10.687788163993	0.61703946366796
10.661182716927	0.61702889296725
10.634709400497	0.61701834428758
10.608367232838	0.61700782125368
10.582155241793	0.61699732741266
10.556072464789	0.61698686623457
10.530117948718	0.61697644111297
10.504290749825	0.61696605536557
10.478589933590	0.61695571223477
10.453014574616	0.61694541488828
10.427563756522	0.61693516641971
10.402236571825	0.61692496984920
10.377032121841	0.61691482812397
10.351949516575	0.61690474411898
10.326987874612	0.61689472063754
10.302146323024	0.61688476041186
10.277423997257	0.61687486610377
10.252820041040	0.61686504030524
10.228333606278	0.61685528553906
10.203963852961	0.61684560425946
10.179709949066	0.61683599885270
10.155571070461	0.61682647163774
10.131546400811	0.61681702486686
10.107635131490	0.61680766072627
10.083836461487	0.61679838133677
10.060149597315	0.61678918875437
10.036573752929	0.61678008497094
10.013108149633	0.61677107191482
9.9897520159947	0.61676215145150
9.9665045877660	0.61675332538426
9.9433651077944	0.61674459545475
9.9203328259431	0.61673596334371
9.8974069990096	0.61672743067157
9.8745868906456	0.61671899899913
9.8518717712783	0.61671066982815
9.8292609180328	0.61670244460206
9.8067536146549	0.61669432470657
9.7843491514360	0.61668631147031
9.7620468251384	0.61667840616553
9.7398459389214	0.61667061000869
9.7177458022690	0.61666292416113
9.6957457309185	0.61665534972973
9.6738450467893	0.61664788776756
9.6520430779137	0.61664053927450
9.6303391583681	0.61663330519793
9.6087326282051	0.61662618643335
9.5872228333866	0.61661918382503
9.5658091257179	0.61661229816667
9.5444908627826	0.61660553020205
9.5232674078780	0.61659888062566
9.5021381299525	0.61659235008337
9.4811024035421	0.61658593917304
9.4601596087094	0.61657964844522
9.4393091309824	0.61657347840374
9.4185503612944	0.61656742950637
9.3978826959248	0.61656150216550
9.3773055364404	0.61655569674872
9.3568182896380	0.61655001357952
9.3364203674868	0.61654445293786
9.3161111870727	0.61653901506088
9.2958901705426	0.61653370014350
9.2757567450495	0.61652850833906
9.2557103426984	0.61652343975994
9.2357504004929	0.61651849447822
9.2158763602828	0.61651367252630
9.1960876687117	0.61650897389751
9.1763837771656	0.61650439854676
9.1567641417227	0.61649994639117
9.1372282231027	0.61649561731067
9.1177754866180	0.61649141114863
9.0984054021244	0.61648732771250
9.0791174439733	0.61648336677438
9.0599110909640	0.61647952807170
9.0407858262967	0.61647581130778
9.0217411375263	0.61647221615248
9.0027765165165	0.61646874224275
8.9838914593947	0.61646538918333
8.9650854665072	0.61646215654725
8.9463580423754	0.61645904387652
8.9277086956522	0.61645605068266
8.9091369390788	0.61645317644736
8.8906422894425	0.61645042062301
8.8722242675348	0.61644778263334
8.8538823981099	0.61644526187399
8.8356162098438	0.61644285771310
8.8174252352941	0.61644056949188
8.7993090108600	0.61643839652520
8.7812670767428	0.61643633810219
8.7632989769073	0.61643439348676
8.7454042590432	0.61643256191823
8.7275824745269	0.61643084261185
8.7098331783847	0.61642923475941
8.6921559292549	0.61642773752976
8.6745502893519	0.61642635006938
8.6570158244297	0.61642507150297
8.6395521037464	0.61642390093396
8.6221587000288	0.61642283744506
8.6048351894374	0.61642188009886
8.5875811515325	0.61642102793828
8.5703961692396	0.61642027998719
8.5532798288160	0.61641963525093
8.5362317198178	0.61641909271679
8.5192514350668	0.61641865135461
8.5023385706183	0.61641831011725
8.4854927257288	0.61641806794113
8.4687135028249	0.61641792374677
8.4520005074711	0.61641787643927
8.4353533483399	0.61641792490882
8.4187716371806	0.61641806803123
8.4022549887892	0.61641830466843
8.3858030209790	0.61641863366895
8.3694153545505	0.61641905386842
8.3530916132627	0.61641956409007
8.3368314238042	0.61642016314521
8.3206344157646	0.61642084983372
8.3045002216066	0.61642162294451
8.2884284766381	0.61642248125603
8.2724188189845	0.61642342353670
8.2564708895621	0.61642444854540
8.2405843320506	0.61642555503194
8.2247587928669	0.61642674173749
8.2089939211391	0.61642800739506
8.1932893686800	0.61642935072995
8.1776447899618	0.61643077046018
8.1620598420909	0.61643226529693
8.1465341847826	0.61643383394501
8.1310674803363	0.61643547510326
8.1156593936113	0.61643718746498
8.1003095920022	0.61643896971838
8.0850177454153	0.61644082054698
8.0697835262450	0.61644273863002
8.0546066093498	0.61644472264291
8.0394866720300	0.61644677125758
8.0244233940043	0.61644888314295
8.0094164573871	0.61645105696524
7.9944655466667	0.61645329138847
7.9795703486825	0.61645558507477
7.9647305526036	0.61645793668478
7.9499458499072	0.61646034487807
7.9352159343568	0.61646280831347
7.9205405019815	0.61646532564947
7.9059192510549	0.61646789554456
7.8913518820742	0.61647051665763
7.8768380977404	0.61647318764830
7.8623776029373	0.61647590717728
7.8479701047120	0.61647867390672
7.8336153122550	0.61648148650057
7.8193129368805	0.61648434362489
7.8050626920073	0.61648724394820
7.7908642931393	0.61649018614181
7.7767174578470	0.61649316888018
7.7626219057483	0.61649619084116
7.7485773584906	0.61649925070640
7.7345835397317	0.61650234716158
7.7206401751223	0.61650547889679
7.7067469922879	0.61650864460678
7.6929037208109	0.61651184299128
7.6791100922131	0.61651507275530
7.6653658399386	0.61651833260941
7.6516706993364	0.61652162127001
7.6380244076433	0.61652493745963
7.6244267039674	0.61652827990722
7.6108773292714	0.61653164734839
7.5973760263558	0.61653503852567
7.5839225398432	0.61653845218881
7.5705166161616	0.61654188709501
7.5571580035291	0.61654534200916
7.5438464519376	0.61654881570414
7.5305817131374	0.61655230696098
7.5173635406219	0.61655581456919
7.5041916896120	0.61655933732692
7.4910659170415	0.61656287404123
7.4779859815415	0.61656642352829
7.4649516434263	0.61656998461362
7.4519626646781	0.61657355613230
7.4390188089330	0.61657713692918
7.4261198414664	0.61658072585905
7.4132655291790	0.61658432178692
7.4004556405826	0.61658792358813
7.3876899457861	0.61659153014862
7.3749682164822	0.61659514036505
7.3622902259332	0.61659875314502
7.3496557489581	0.61660236740724
7.3370645619187	0.61660598208173
7.3245164427071	0.61660959610993
7.3120111707317	0.61661320844493
7.2995485269053	0.61661681805156
7.2871282936315	0.61662042390663
7.2747502547925	0.61662402499902
7.2624141957364	0.61662762032984
7.2501199032648	0.61663120891257
7.2378671656205	0.61663478977323
7.2256557724753	0.61663836195047
7.2134855149182	0.61664192449572
7.2013561854432	0.61664547647333
7.1892675779376	0.61664901696065
7.1772194876706	0.61665254504819
7.1652117112811	0.61665605983971
7.1532440467669	0.61665956045231
7.1413162934731	0.61666304601659
7.1294282520809	0.61666651567668
7.1175797245964	0.61666996859038
7.1057705143399	0.61667340392926
7.0940004259347	0.61667682087869
7.0822692652965	0.61668021863797
7.0705768396226	0.61668359642042
7.0589229573817	0.61668695345339
7.0473074283028	0.61669028897840
7.0357300633654	0.61669360225117
7.0241906747891	0.61669689254168
7.0126890760234	0.61670015913423
7.0012250817375	0.61670340132753
6.9897985078107	0.61670661843468
6.9784091713222	0.61670980978329
6.9670568905415	0.61671297471546
6.9557414849188	0.61671611258786
6.9444627750753	0.61671922277174
6.9332205827937	0.61672230465298
6.9220147310090	0.61672535763210
6.9108450437990	0.61672838112428
6.8997113463751	0.61673137455940
6.8886134650735	0.61673433738204
6.8775512273457	0.61673726905150
6.8665244617499	0.61674016904177
6.8555329979419	0.61674303684160
6.8445766666667	0.61674587195446
6.8336552997493	0.61674867389852
6.8227687300865	0.61675144220670
6.8119167916383	0.61675417642659
6.8010993194192	0.61675687612050
6.7903161494904	0.61675954086540
6.7795671189507	0.61676217025291
6.7688520659291	0.61676476388930
6.7581708295762	0.61676732139542
6.7475232500563	0.61676984240670
6.7369091685393	0.61677232657310
6.7263284271932	0.61677477355910
6.7157808691756	0.61677718304361
6.7052663386267	0.61677955471999
6.6947846806610	0.61678188829593
6.6843357413601	0.61678418349346
6.6739193677649	0.61678644004887
6.6635354078684	0.61678865771267
6.6531837106081	0.61679083624950
6.6428641258586	0.61679297543809
6.6325765044248	0.61679507507119
6.6223206980340	0.61679713495553
6.6120965593295	0.61679915491168
6.6019039418630	0.61680113477405
6.5917427000879	0.61680307439076
6.5816126893524	0.61680497362359
6.5715137658922	0.61680683234790
6.5614457868243	0.61680865045251
6.5514086101399	0.61681042783967
6.5414020946978	0.61681216442489
6.5314261002179	0.61681386013694
6.5214804872743	0.61681551491768
6.5115651172893	0.61681712872200
6.5016798525266	0.61681870151770
6.4918245560849	0.61682023328541
6.4819990918919	0.61682172401847
6.4722033246978	0.61682317372281
6.4624371200690	0.61682458241687
6.4527003443823	0.61682595013147
6.4429928648184	0.61682727690969
6.4333145493562	0.61682856280676
6.4236652667667	0.61682980788996
6.4140448866068	0.61683101223847
6.4044532792138	0.61683217594325
6.3948903156997	0.61683329910693
6.3853558679446	0.61683438184370
6.3758498085921	0.61683542427912
6.3663720110427	0.61683642655006
6.3569223494487	0.61683738880451
6.3475006987084	0.61683831120150
6.3381069344609	0.61683919391090
6.3287409330800	0.61684003711335
6.3194025716695	0.61684084100006
6.3100917280572	0.61684160577271
6.3008082807902	0.61684233164330
6.2915521091291	0.61684301883399
6.2823230930427	0.61684366757695
6.2731211132036	0.61684427811424
6.2639460509820	0.61684485069765
6.2547977884415	0.61684538558854
6.2456762083333	0.61684588305770
6.2365811940919	0.61684634338517
6.2275126298297	0.61684676686013
6.2184704003319	0.61684715378071
6.2094543910522	0.61684750445386
6.2004644881075	0.61684781919516
6.1915005782734	0.61684809832869
6.1825625489792	0.61684834218684
6.1736502883031	0.61684855111018
6.1647636849681	0.61684872544729
6.1559026283368	0.61684886555459
6.1470670084068	0.61684897179616
6.1382567158067	0.61684904454362
6.1294716417910	0.61684908417591
6.1207116782360	0.61684909107918
6.1119767176351	0.61684906564656
6.1032666530945	0.61684900827805
6.0945813783289	0.61684891938034
6.0859207876573	0.61684879936658
6.0772847759984	0.61684864865631
6.0686732388664	0.61684846767521
6.0600860723671	0.61684825685497
6.0515231731934	0.61684801663309
6.0429844386212	0.61684774745275
6.0344697665056	0.61684744976259
6.0259790552764	0.61684712401657
6.0175122039342	0.61684677067380
6.0090691120465	0.61684639019832
6.0006496797438	0.61684598305901
5.9922538077154	0.61684554972933
5.9838813972056	0.61684509068720
5.9755323500100	0.61684460641482
5.9672065684713	0.61684409739847
5.9589039554760	0.61684356412837
5.9506244144502	0.61684300709848
5.9423678493558	0.61684242680634
5.9341341646873	0.61684182375292
5.9259232654675	0.61684119844237
5.9177350572444	0.61684055138195
5.9095694460871	0.61683988308177
5.9014263385827	0.61683919405467
5.8933056418321	0.61683848481603
5.8852072634472	0.61683775588358
5.8771311115468	0.61683700777726
5.8690770947533	0.61683624101905
5.8610451221896	0.61683545613276
5.8530351034752	0.61683465364390
5.8450469487229	0.61683383407948
5.8370805685358	0.61683299796786
5.8291358740035	0.61683214583858
5.8212127766990	0.61683127822220
5.8133111886756	0.61683039565009
5.8054310224632	0.61682949865432
5.7975721910656	0.61682858776746
5.7897346079567	0.61682766352242
5.7819181870781	0.61682672645228
5.7741228428351	0.61682577709014
5.7663484900942	0.61682481596897
5.7585950441798	0.61682384362140
5.7508624208709	0.61682286057960
5.7431505363985	0.61682186737511
5.7354593074421	0.61682086453868
5.7277886511272	0.61681985260009
5.7201384850219	0.61681883208805
5.7125087271341	0.61681780352998
5.7048992959087	0.61681676745188
5.6973101102242	0.61681572437819
5.6897410893908	0.61681467483164
5.6821921531463	0.61681361933304
5.6746632216544	0.61681255840122
5.6671542155009	0.61681149255280
5.6596650556919	0.61681042230211
5.6521956636501	0.61680934816099
5.6447459612126	0.61680827063867
5.6373158706281	0.61680719024161
5.6299053145540	0.61680610747339
5.6225142160540	0.61680502283455
5.6151424985952	0.61680393682242
5.6077900860456	0.61680284993106
5.6004569026714	0.61680176265102
5.5931428731343	0.61680067546930
5.5858479224893	0.61679958886917
5.5785719761816	0.61679850333003
5.5713149600446	0.61679741932730
5.5640768002970	0.61679633733231
5.5568574235403	0.61679525781211
5.5496567567568	0.61679418122941
5.5424747273063	0.61679310804243
5.5353112629247	0.61679203870477
5.5281662917204	0.61679097366531
5.5210397421731	0.61678991336805
5.5139315431304	0.61678885825207
5.5068416238060	0.61678780875134
5.4997699137773	0.61678676529463
5.4927163429828	0.61678572830542
5.4856808417200	0.61678469820179
5.4786633406433	0.61678367539625
5.4716637707611	0.61678266029574
5.4646820634342	0.61678165330144
5.4577181503732	0.61678065480868
5.4507719636364	0.61677966520691
5.4438434356274	0.61677868487949
5.4369324990932	0.61677771420371
5.4300390871219	0.61677675355061
5.4231631331404	0.61677580328493
5.4163045709124	0.61677486376499
5.4094633345363	0.61677393534266
5.4026393584430	0.61677301836322
5.3958325773938	0.61677211316527
5.3890429264785	0.61677122008072
5.3822703411131	0.61677033943462
5.3755147570378	0.61676947154516
5.3687761103152	0.61676861672355
5.3620543373278	0.61676777527394
5.3553493747767	0.61676694749339
5.3486611596789	0.61676613367179
5.3419896293656	0.61676533409175
5.3353347214807	0.61676454902861
5.3286963739780	0.61676377875031
5.3220745251198	0.61676302351737
5.3154691134752	0.61676228358282
5.3088800779175	0.61676155919213
5.3023073576229	0.61676085058322
5.2957508920685	0.61676015798631
5.2892106210303	0.61675948162395
5.2826864845815	0.61675882171095
5.2761784230905	0.61675817845433
5.2696863772192	0.61675755205328
5.2632102879213	0.61675694269913
5.2567500964405	0.61675635057531
5.2503057443082	0.61675577585731
5.2438771733427	0.61675521871264
5.2374643256464	0.61675467930081
5.2310671436050	0.61675415777333
5.2246855698850	0.61675365427363
5.2183195474326	0.61675316893706
5.2119690194715	0.61675270189090
5.2056339295016	0.61675225325429
5.1993142212973	0.61675182313824
5.1930098389052	0.61675141164564
5.1867207266436	0.61675101887119
5.1804468290997	0.61675064490145
5.1741880911288	0.61675028981478
5.1679444578521	0.61674995368138
5.1617158746556	0.61674963656328
5.1555022871883	0.61674933851431
5.1493036413604	0.61674905958012
5.1431198833419	0.61674879979822
5.1369509595613	0.61674855919791
5.1307968167037	0.61674833780037
5.1246574017094	0.61674813561860
5.1185326617722	0.61674795265751
5.1124225443383	0.61674778891386
5.1063269971044	0.61674764437634
5.1002459680163	0.61674751902553
5.0941794052676	0.61674741283400
5.0881272572980	0.61674732576626
5.0820894727920	0.61674725777883
5.0760660006773	0.61674720882026
5.0700567901235	0.61674717883117
5.0640617905405	0.61674716774426
5.0580809515775	0.61674717548437
5.0521142231210	0.61674720196852
5.0461615552937	0.61674724710593
5.0402228984533	0.61674731079808
5.0342982031906	0.61674739293874
5.0283874203287	0.61674749341405
5.0224905009214	0.61674761210252
5.0166073962517	0.61674774887514
5.0107380578305	0.61674790359537
5.0048824373957	0.61674807611926
4.9990404869101	0.61674826629546
4.9932121585610	0.61674847396529
4.9873974047579	0.61674869896282
4.9815961781323	0.61674894111494
4.9758084315353	0.61674920024138
4.9700341180371	0.61674947615483
4.9642731909256	0.61674976866098
4.9585256037049	0.61675007755861
4.9527913100942	0.61675040263963
4.9470702640264	0.61675074368923
4.9413624196473	0.61675110048588
4.9356677313138	0.61675147280143
4.9299861535932	0.61675186040124
4.9243176412615	0.61675226304420
4.9186621493027	0.61675268048286
4.9130196329072	0.61675311246348
4.9073900474709	0.61675355872617
4.9017733485939	0.61675401900494
4.8961694920790	0.61675449302781
4.8905784339315	0.61675498051689
4.8850001303569	0.61675548118850
4.8794345377604	0.61675599475327
4.8738816127459	0.61675652091620
4.8683413121143	0.61675705937681
4.8628135928629	0.61675760982922
4.8572984121841	0.61675817196226
4.8517957274640	0.61675874545957
4.8463054962819	0.61675932999972
4.8408276764088	0.61675992525632
4.8353622258065	0.61676053089812
4.8299091026261	0.61676114658913
4.8244682652076	0.61676177198874
4.8190396720784	0.61676240675184
4.8136232819525	0.61676305052890
4.8082190537289	0.61676370296615
4.8028269464915	0.61676436370565
4.7974469195071	0.61676503238545
4.7920789322251	0.61676570863967
4.7867229442759	0.61676639209866
4.7813789154705	0.61676708238912
4.7760468057989	0.61676777913422
4.7707265754297	0.61676848195372
4.7654181847083	0.61676919046413
4.7601215941569	0.61676990427880
4.7548367644726	0.61677062300808
4.7495636565272	0.61677134625945
4.7443022313657	0.61677207363764
4.7390524502055	0.61677280474479
4.7338142744355	0.61677353918056
4.7285876656151	0.61677427654228
4.7233725854735	0.61677501642508
4.7181689959081	0.61677575842205
4.7129768589844	0.61677650212435
4.7077961369347	0.61677724712138
4.7026267921569	0.61677799300090
4.6974687872140	0.61677873934918
4.6923220848333	0.61677948575115
4.6871866479049	0.61678023179052
4.6820624394815	0.61678097704997
4.6769494227769	0.61678172111124
4.6718475611657	0.61678246355532
4.6667568181818	0.61678320396258
4.6616771575183	0.61678394191290
4.6566085430258	0.61678467698585
4.6515509387122	0.61678540876082
4.6465043087415	0.61678613681718
4.6414686174330	0.61678686073439
4.6364438292607	0.61678758009222
4.6314299088522	0.61678829447084
4.6264268209877	0.61678900345097
4.6214345305997	0.61678970661408
4.6164530027718	0.61679040354250
4.6114822027380	0.61679109381957
4.6065220958820	0.61679177702983
4.6015726477360	0.61679245275912
4.5966338239804	0.61679312059475
4.5917055904426	0.61679378012567
4.5867879130967	0.61679443094260
4.5818807580621	0.61679507263819
4.5769840916031	0.61679570480718
4.5720978801281	0.61679632704651
4.5672220901889	0.61679693895553
4.5623566884797	0.61679754013612
4.5575016418364	0.61679813019282
4.5526569172361	0.61679870873302
4.5478224817961	0.61679927536709
4.5429983027731	0.61679982970854
4.5381843475628	0.61680037137415
4.5333805836988	0.61680089998413
4.5285869788520	0.61680141516228
4.5238035008299	0.61680191653612
4.5190301175761	0.61680240373704
4.5142667971691	0.61680287640046
4.5095135078219	0.61680333416597
4.5047702178813	0.61680377667746
4.5000368958271	0.61680420358329
4.4953135102714	0.61680461453643
4.4906000299581	0.61680500919457
4.4858964237618	0.61680538722032
4.4812026606876	0.61680574828129
4.4765187098701	0.61680609205028
4.4718445405728	0.61680641820541
4.4671801221875	0.61680672643024
4.4625254242334	0.61680701641391
4.4578804163569	0.61680728785131
4.4532450683304	0.61680754044316
4.4486193500519	0.61680777389620
4.4440032315446	0.61680798792330
4.4393966829557	0.61680818224359
4.4347996745562	0.61680835658259
4.4302121767401	0.61680851067235
4.4256341600236	0.61680864425157
4.4210655950450	0.61680875706572
4.4165064525633	0.61680884886720
4.4119567034584	0.61680891941543
4.4074163187298	0.61680896847697
4.4028852694963	0.61680899582568
4.3983635269953	0.61680900124279
4.3938510625824	0.61680898451706
4.3893478477306	0.61680894544487
4.3848538540295	0.61680888383036
4.3803690531853	0.61680879948550
4.3758934170194	0.61680869223027
4.3714269174686	0.61680856189269
4.3669695265841	0.61680840830899
4.3625212165309	0.61680823132369
4.3580819595871	0.61680803078970
4.3536517281441	0.61680780656843
4.3492304947048	0.61680755852989
4.3448182318841	0.61680728655280
4.3404149124077	0.61680699052466
4.3360205091119	0.61680667034186
4.3316349949429	0.61680632590976
4.3272583429561	0.61680595714281
4.3228905263158	0.61680556396459
4.3185315182944	0.61680514630795
4.3141812922723	0.61680470411504
4.3098398217366	0.61680423733742
4.3055070802815	0.61680374593614
4.3011830416069	0.61680322988180
4.2968676795184	0.61680268915462
4.2925609679267	0.61680212374455
4.2882628808468	0.61680153365128
4.2839733923978	0.61680091888437
4.2796924768023	0.61680027946323
4.2754201083856	0.61679961541727
4.2711562615757	0.61679892678590
4.2669009109024	0.61679821361861
4.2626540309967	0.61679747597500
4.2584155965909	0.61679671392484
4.2541855825174	0.61679592754815
4.2499639637085	0.61679511693518
4.2457507151961	0.61679428218650
4.2415458121109	0.61679342341302
4.2373492296820	0.61679254073603
4.2331609432364	0.61679163428723
4.2289809281986	0.61679070420875
4.2248091600902	0.61678975065320
4.2206456145291	0.61678877378366
4.2164902672293	0.61678777377374
4.2123430940003	0.61678675080755
4.2082040707468	0.61678570507977
4.2040731734680	0.61678463679558
4.1999503782572	0.61678354617077
4.1958356613016	0.61678243343166
4.1917289988814	0.61678129881512
4.1876303673697	0.61678014256861
4.1835397432319	0.61677896495012
4.1794571030252	0.61677776622817
4.1753824233983	0.61677654668185
4.1713156810909	0.61677530660071
4.1672568529330	0.61677404628484
4.1632059158450	0.61677276604476
4.1591628468368	0.61677146620147
4.1551276230076	0.61677014708635
4.1511002215453	0.61676880904118
4.1470806197261	0.61676745241807
4.1430687949143	0.61676607757943
4.1390647245616	0.61676468489793
4.1350683862069	0.61676327475643
4.1310797574755	0.61676184754797
4.1270988160793	0.61676040367567
4.1231255398157	0.61675894355269
4.1191599065677	0.61675746760216
4.1152018943034	0.61675597625713
4.1112514810752	0.61675446996048
4.1073086450199	0.61675294916484
4.1033733643581	0.61675141433255
4.0994456173937	0.61674986593551
4.0955253825137	0.61674830445516
4.0916126381875	0.61674673038237
4.0877073629670	0.61674514421730
4.0838095354856	0.61674354646938
4.0799191344584	0.61674193765714
4.0760361386812	0.61674031830814
4.0721605270307	0.61673868895884
4.0682922784638	0.61673705015451
4.0644313720174	0.61673540244909
4.0605777868075	0.61673374640506
4.0567315020298	0.61673208259335
4.0528924969582	0.61673041159316
4.0490607509454	0.61672873399187
4.0452362434219	0.61672705038487
4.0414189538959	0.61672536137544
4.0376088619529	0.61672366757458
4.0338059472551	0.61672196960086
4.0300101895416	0.61672026808030
4.0262215686274	0.61671856364615
4.0224400644036	0.61671685693877
4.0186656568365	0.61671514860547
4.0148983259676	0.61671343930029
4.0111380519133	0.61671172968386
4.0073848148643	0.61671002042321
4.0036385950855	0.61670831219157
3.9998993729153	0.61670660566821
3.9961671287657	0.61670490153822
3.9924418431216	0.61670320049232
3.9887234965407	0.61670150322666
3.9850120696531	0.61669981044260
3.9813075431607	0.61669812284653
3.9776098978373	0.61669644114962
3.9739191145281	0.61669476606760
3.9702351741491	0.61669309832058
3.9665580576872	0.61669143863276
3.9628877461996	0.61668978773224
3.9592242208135	0.61668814635077
3.9555674627260	0.61668651522352
3.9519174532033	0.61668489508879
3.9482741735809	0.61668328668782
3.9446376052632	0.61668169076450
3.9410077297226	0.61668010806511
3.9373845285001	0.61667853933808
3.9337679832043	0.61667698533368
3.9301580755113	0.61667544680381
3.9265547871644	0.61667392450166
3.9229580999738	0.61667241918146
3.9193679958164	0.61667093159821
3.9157844566353	0.61666946250736
3.9122074644395	0.61666801266454
3.9086370013038	0.61666658282523
3.9050730493682	0.61666517374450
3.9015155908381	0.61666378617668
3.8979646079834	0.61666242087504
3.8944200831385	0.61666107859150
3.8908819987021	0.61665976007628
3.8873503371369	0.61665846607761
3.8838250809690	0.61665719734139
3.8803062127880	0.61665595461083
3.8767937152463	0.61665473862616
3.8732875710594	0.61665355012425
3.8697877630050	0.61665238983828
3.8662942739231	0.61665125849742
3.8628070867156	0.61665015682641
3.8593261843460	0.61664908554527
3.8558515498392	0.61664804536890
3.8523831662812	0.61664703700673
3.8489210168186	0.61664606116234
3.8454650846588	0.61664511853309
3.8420153530693	0.61664420980974
3.8385718053777	0.61664333567608
3.8351344249712	0.61664249680854
3.8317031952965	0.61664169387577
3.8282780998595	0.61664092753830
3.8248591222251	0.61664019844810
3.8214462460166	0.61663950724818
3.8180394549159	0.61663885457221
3.8146387326632	0.61663824104409
3.8112440630562	0.61663766727755
3.8078554299505	0.61663713387571
3.8044728172589	0.61663664143067
3.8010962089514	0.61663619052310
3.7977255890550	0.61663578172179
3.7943609416530	0.61663541558322
3.7910022508852	0.61663509265115
3.7876495009476	0.61663481345612
3.7843026760919	0.61663457851509
3.7809617606256	0.61663438833091
3.7776267389113	0.61663424339191
3.7742975953670	0.61663414417146
3.7709743144654	0.61663409112747
3.7676568807339	0.61663408470197
3.7643452787544	0.61663412532060
3.7610394931627	0.61663421339218
3.7577395086488	0.61663434930823
3.7544453099562	0.61663453344247
3.7511568818819	0.61663476615038
3.7478742092762	0.61663504776867
3.7445972770422	0.61663537861484
3.7413260701360	0.61663575898667
3.7380605735661	0.61663618916172
3.7348007723932	0.61663666939685
3.7315466517301	0.61663719992773
3.7282981967417	0.61663778096828
3.7250553926441	0.61663841271027
3.7218182247052	0.61663909532271
3.7185866782436	0.61663982895140
3.7153607386293	0.61664061371839
3.7121403912828	0.61664144972147
3.7089256216751	0.61664233703368
3.7057164153276	0.61664327570273
3.7025127578115	0.61664426575052
3.6993146347483	0.61664530717261
3.6961220318087	0.61664639993766
3.6929349347130	0.61664754398693
3.6897533292308	0.61664873923374
3.6865772011805	0.61664998556291
3.6834065364295	0.61665128283026
3.6802413208937	0.61665263086201
3.6770815405372	0.61665402945430
3.6739271813725	0.61665547837259
3.6707782294600	0.61665697735116
3.6676346709078	0.61665852609251
3.6644964918714	0.61666012426683
3.6613636785540	0.61666177151146
3.6582362172056	0.61666346743029
3.6551140941234	0.61666521159327
3.6519972956511	0.61666700353577
3.6488858081792	0.61666884275806
3.6457796181442	0.61667072872475
3.6426787120292	0.61667266086422
3.6395830763628	0.61667463856801
3.6364926977196	0.61667666119032
3.6334075627197	0.61667872804739
3.6303276580286	0.61668083841696
3.6272529703569	0.61668299153764
3.6241834864603	0.61668518660842
3.6211191931393	0.61668742278801
3.6180600772387	0.61668969919433
3.6150061256481	0.61669201490387
3.6119573253012	0.61669436895118
3.6089136631756	0.61669676032821
3.6058751262930	0.61669918798380
3.6028417017185	0.61670165082306
3.5998133765610	0.61670414770679
3.5967901379724	0.61670667745092
3.5937719731479	0.61670923882589
3.5907588693257	0.61671183055608
3.5877508137865	0.61671445131924
3.5847477938539	0.61671709974589
3.5817497968937	0.61671977441874
3.5787568103140	0.61672247387210
3.5757688215649	0.61672519659130
3.5727858181385	0.61672794101209
3.5698077875685	0.61673070552007
3.5668347174301	0.61673348845010
3.5638665953400	0.61673628808571
3.5609034089559	0.61673910265852
3.5579451459767	0.61674193034766
3.5549917941421	0.61674476927917
3.5520433412322	0.61674761752543
3.5490997750681	0.61675047310457
3.5461610835108	0.61675333397990
3.5432272544616	0.61675619805930
3.5402982758621	0.61675906319468
3.5373741356932	0.61676192718137
3.5344548219759	0.61676478775755
3.5315403227706	0.61676764260368
3.5286306261770	0.61677048934190
3.5257257203340	0.61677332553552
3.5228255934195	0.61677614868834
3.5199302336503	0.61677895624419
3.5170396292820	0.61678174558629
3.5141537686086	0.61678451403671
3.5112726399625	0.61678725885579
3.5083962317145	0.61678997724159
3.5055245322732	0.61679266632932
3.5026575300853	0.61679532319080
3.4997952136353	0.61679794483387
3.4969375714452	0.61680052820184
3.4940845920746	0.61680307017298
3.4912362641202	0.61680556755993
3.4883925762160	0.61680801710915
3.4855535170329	0.61681041550040
3.4827190752788	0.61681275934621
3.4798892396982	0.61681504519129
3.4770639990721	0.61681726951205
3.4742433422181	0.61681942871604
3.4714272579898	0.61682151914143
3.4686157352771	0.61682353705648
3.4658087630058	0.61682547865905
3.4630063301375	0.61682734007601
3.4602084256694	0.61682911736284
3.4574150386345	0.61683080650300
3.4546261581009	0.61683240340751
3.4518417731721	0.61683390391444
3.4490618729867	0.61683530378835
3.4462864467180	0.61683659871990
3.4435154835745	0.61683778432526
3.4407489727993	0.61683885614571
3.4379869036697	0.61683980964712
3.4352292654979	0.61684064021950
3.4324760476300	0.61684134317650
3.4297272394463	0.61684191375498
3.4269828303612	0.61684234711455
3.4242428098230	0.61684263833712
3.4215071673134	0.61684278242643
3.4187758923480	0.61684277430764
3.4160489744758	0.61684260882688
3.4133264032791	0.61684228075085
3.4106081683732	0.61684178476636
3.4078942594066	0.61684111547993
3.4051846660609	0.61684026741741
3.4024793780502	0.61683923502353
3.3997783851213	0.61683801266155
3.3970816770538	0.61683659461284
3.3943892436594	0.61683497507651
3.3917010747822	0.61683314816905
3.3890171602984	0.61683110792395
3.3863374901163	0.61682884829133
3.3836620541761	0.61682636313762
3.3809908424495	0.61682364624519
3.3783238449403	0.61682069131201
3.3756610516834	0.61681749195137
3.3730024527453	0.61681404169148
3.3703480382237	0.61681033397526
3.3676977982476	0.61680636215992
3.3650517229768	0.61680211951679
3.3624098026021	0.61679759923092
3.3597720273451	0.61679279440089
3.3571383874580	0.61678769803851
3.3545088732237	0.61678230306853
3.3518834749553	0.61677660232846
3.3492621829963	0.61677058856827
3.3466449877205	0.61676425445020
3.3440318795315	0.61675759254850
3.3414228488631	0.61675059534927
3.3388178861789	0.61674325525022
3.3362169819720	0.61673556456050
3.3336201267653	0.61672751550051
3.3310273111111	0.61671910020174
