#Parameters = {thARC=0.6; nARC=1; thsub=1; p=1; nSub=4.25}
#"Wavelength / um"	"T (706) [Real Part]"
#---------------------------------------
14.989622900000	0.61677853083025
14.937342202292	0.61677866563097
14.885424925521	0.61677879245212
14.833867293419	0.61677891150472
14.782665581854	0.61677902299706
14.731816117936	0.61677912713477
14.681315279138	0.61677922412076
14.631159492435	0.61677931415527
14.581345233463	0.61677939743586
14.531869025691	0.61677947415741
14.482727439614	0.61677954451215
14.433917091960	0.61677960868965
14.385434644914	0.61677966687683
14.337276805356	0.61677971925795
14.289440324118	0.61677976601467
14.241921995249	0.61677980732600
14.194718655303	0.61677984336834
14.147827182633	0.61677987431549
14.101244496707	0.61677990033865
14.054967557431	0.61677992160641
14.008993364486	0.61677993828482
13.963318956684	0.61677995053733
13.917941411328	0.61677995852485
13.872857843591	0.61677996240572
13.828065405904	0.61677996233576
13.783561287356	0.61677995846826
13.739342713107	0.61677995095401
13.695406943810	0.61677993994126
13.651751275046	0.61677992557579
13.608373036768	0.61677990800092
13.565269592760	0.61677988735746
13.522438340099	0.61677986378378
13.479876708633	0.61677983741584
13.437582160466	0.61677980838711
13.395552189455	0.61677977682870
13.353784320713	0.61677974286927
13.312276110124	0.61677970663513
13.271025143869	0.61677966825017
13.230029037952	0.61677962783595
13.189285437747	0.61677958551168
13.148792017544	0.61677954139420
13.108546480105	0.61677949559808
13.068546556234	0.61677944823553
13.028790004346	0.61677939941652
12.989274610052	0.61677934924871
12.949998185745	0.61677929783750
12.910958570198	0.61677924528606
12.872153628167	0.61677919169531
12.833581250000	0.61677913716397
12.795239351259	0.61677908178856
12.757125872340	0.61677902566340
12.719238778108	0.61677896888065
12.681576057530	0.61677891153033
12.644135723323	0.61677885370031
12.606915811606	0.61677879547634
12.569914381551	0.61677873694208
12.533129515050	0.61677867817909
12.496559316382	0.61677861926687
12.460201911887	0.61677856028287
12.424055449648	0.61677850130249
12.388118099174	0.61677844239913
12.352388051092	0.61677838364417
12.316863516845	0.61677832510702
12.281542728390	0.61677826685513
12.246423937908	0.61677820895398
12.211505417515	0.61677815146715
12.176785458976	0.61677809445627
12.142262373431	0.61677803798110
12.107934491115	0.61677798209953
12.073800161095	0.61677792686756
12.039857751004	0.61677787233938
12.006105646776	0.61677781856734
11.972542252396	0.61677776560200
11.939165989646	0.61677771349212
11.905975297855	0.61677766228469
11.872968633663	0.61677761202497
11.840144470774	0.61677756275647
11.807501299724	0.61677751452101
11.775037627651	0.61677746735869
11.742751978065	0.61677742130797
11.710642890625	0.61677737640562
11.678708920919	0.61677733268679
11.646948640249	0.61677729018501
11.615360635413	0.61677724893222
11.583943508501	0.61677720895878
11.552695876686	0.61677717029346
11.521616372022	0.61677713296354
11.490703641242	0.61677709699473
11.459956345566	0.61677706241126
11.429373160503	0.61677702923587
11.398952775665	0.61677699748985
11.368693894577	0.61677696719302
11.338595234493	0.61677693836379
11.308655526217	0.61677691101916
11.278873513920	0.61677688517474
11.249247954972	0.61677686084477
11.219777619760	0.61677683804214
11.190461291527	0.61677681677843
11.161297766195	0.61677679706387
11.132285852209	0.61677677890743
11.103424370370	0.61677676231680
11.074712153676	0.61677674729842
11.046148047163	0.61677673385748
11.017730907755	0.61677672199797
10.989459604106	0.61677671172269
10.961333016453	0.61677670303325
10.933350036470	0.61677669593012
10.905509567115	0.61677669041260
10.877810522496	0.61677668647891
10.850251827723	0.61677668412615
10.822832418773	0.61677668335034
10.795551242348	0.61677668414644
10.768407255747	0.61677668650838
10.741399426729	0.61677669042905
10.714526733381	0.61677669590034
10.687788163993	0.61677670291316
10.661182716927	0.61677671145745
10.634709400497	0.61677672152220
10.608367232838	0.61677673309548
10.582155241793	0.61677674616443
10.556072464789	0.61677676071533
10.530117948718	0.61677677673355
10.504290749825	0.61677679420364
10.478589933590	0.61677681310929
10.453014574616	0.61677683343339
10.427563756522	0.61677685515801
10.402236571825	0.61677687826445
10.377032121841	0.61677690273326
10.351949516575	0.61677692854422
10.326987874612	0.61677695567641
10.302146323024	0.61677698410819
10.277423997257	0.61677701381722
10.252820041040	0.61677704478050
10.228333606278	0.61677707697437
10.203963852961	0.61677711037453
10.179709949066	0.61677714495608
10.155571070461	0.61677718069350
10.131546400811	0.61677721756068
10.107635131490	0.61677725553096
10.083836461487	0.61677729457712
10.060149597315	0.61677733467140
10.036573752929	0.61677737578556
10.013108149633	0.61677741789081
9.9897520159947	0.61677746095792
9.9665045877660	0.61677750495718
9.9433651077944	0.61677754985842
9.9203328259431	0.61677759563106
9.8974069990096	0.61677764224410
9.8745868906456	0.61677768966613
9.8518717712783	0.61677773786536
9.8292609180328	0.61677778680965
9.8067536146549	0.61677783646650
9.7843491514360	0.61677788680306
9.7620468251384	0.61677793778619
9.7398459389214	0.61677798938242
9.7177458022690	0.61677804155803
9.6957457309185	0.61677809427898
9.6738450467893	0.61677814751102
9.6520430779137	0.61677820121963
9.6303391583681	0.61677825537008
9.6087326282051	0.61677830992741
9.5872228333866	0.61677836485649
9.5658091257179	0.61677842012200
9.5444908627826	0.61677847568844
9.5232674078780	0.61677853152017
9.5021381299525	0.61677858758141
9.4811024035421	0.61677864383626
9.4601596087094	0.61677870024872
9.4393091309824	0.61677875678267
9.4185503612944	0.61677881340193
9.3978826959248	0.61677887007025
9.3773055364404	0.61677892675132
9.3568182896380	0.61677898340878
9.3364203674868	0.61677904000627
9.3161111870727	0.61677909650740
9.2958901705426	0.61677915287578
9.2757567450495	0.61677920907503
9.2557103426984	0.61677926506880
9.2357504004929	0.61677932082077
9.2158763602828	0.61677937629469
9.1960876687117	0.61677943145435
9.1763837771656	0.61677948626363
9.1567641417227	0.61677954068648
9.1372282231027	0.61677959468697
9.1177754866180	0.61677964822926
9.0984054021244	0.61677970127764
9.0791174439733	0.61677975379655
9.0599110909640	0.61677980575055
9.0407858262967	0.61677985710437
9.0217411375263	0.61677990782290
9.0027765165165	0.61677995787122
8.9838914593947	0.61678000721458
8.9650854665072	0.61678005581845
8.9463580423754	0.61678010364849
8.9277086956522	0.61678015067060
8.9091369390788	0.61678019685090
8.8906422894425	0.61678024215574
8.8722242675348	0.61678028655174
8.8538823981099	0.61678033000578
8.8356162098438	0.61678037248498
8.8174252352941	0.61678041395677
8.7993090108600	0.61678045438886
8.7812670767428	0.61678049374925
8.7632989769073	0.61678053200624
8.7454042590432	0.61678056912847
8.7275824745269	0.61678060508489
8.7098331783847	0.61678063984476
8.6921559292549	0.61678067337772
8.6745502893519	0.61678070565373
8.6570158244297	0.61678073664310
8.6395521037464	0.61678076631654
8.6221587000288	0.61678079464511
8.6048351894374	0.61678082160023
8.5875811515325	0.61678084715373
8.5703961692396	0.61678087127784
8.5532798288160	0.61678089394518
8.5362317198178	0.61678091512876
8.5192514350668	0.61678093480204
8.5023385706183	0.61678095293888
8.4854927257288	0.61678096951357
8.4687135028249	0.61678098450082
8.4520005074711	0.61678099787581
8.4353533483399	0.61678100961415
8.4187716371806	0.61678101969190
8.4022549887892	0.61678102808556
8.3858030209790	0.61678103477214
8.3694153545505	0.61678103972907
8.3530916132627	0.61678104293428
8.3368314238042	0.61678104436617
8.3206344157646	0.61678104400362
8.3045002216066	0.61678104182601
8.2884284766381	0.61678103781320
8.2724188189845	0.61678103194554
8.2564708895621	0.61678102420391
8.2405843320506	0.61678101456967
8.2247587928669	0.61678100302470
8.2089939211391	0.61678098955138
8.1932893686800	0.61678097413263
8.1776447899618	0.61678095675187
8.1620598420909	0.61678093739304
8.1465341847826	0.61678091604063
8.1310674803363	0.61678089267964
8.1156593936113	0.61678086729562
8.1003095920022	0.61678083987463
8.0850177454153	0.61678081040329
8.0697835262450	0.61678077886875
8.0546066093498	0.61678074525871
8.0394866720300	0.61678070956141
8.0244233940043	0.61678067176564
8.0094164573871	0.61678063186073
7.9944655466667	0.61678058983658
7.9795703486825	0.61678054568361
7.9647305526036	0.61678049939284
7.9499458499072	0.61678045095580
7.9352159343568	0.61678040036459
7.9205405019815	0.61678034761190
7.9059192510549	0.61678029269092
7.8913518820742	0.61678023559545
7.8768380977404	0.61678017631982
7.8623776029373	0.61678011485893
7.8479701047120	0.61678005120824
7.8336153122550	0.61677998536377
7.8193129368805	0.61677991732210
7.8050626920073	0.61677984708038
7.7908642931393	0.61677977463629
7.7767174578470	0.61677969998812
7.7626219057483	0.61677962313467
7.7485773584906	0.61677954407533
7.7345835397317	0.61677946281004
7.7206401751223	0.61677937933930
7.7067469922879	0.61677929366415
7.6929037208109	0.61677920578620
7.6791100922131	0.61677911570762
7.6653658399386	0.61677902343113
7.6516706993364	0.61677892895999
7.6380244076433	0.61677883229802
7.6244267039674	0.61677873344958
7.6108773292714	0.61677863241959
7.5973760263558	0.61677852921350
7.5839225398432	0.61677842383730
7.5705166161616	0.61677831629755
7.5571580035291	0.61677820660132
7.5438464519376	0.61677809475621
7.5305817131374	0.61677798077038
7.5173635406219	0.61677786465250
7.5041916896120	0.61677774641176
7.4910659170415	0.61677762605791
7.4779859815415	0.61677750360119
7.4649516434263	0.61677737905237
7.4519626646781	0.61677725242273
7.4390188089330	0.61677712372408
7.4261198414664	0.61677699296871
7.4132655291790	0.61677686016943
7.4004556405826	0.61677672533957
7.3876899457861	0.61677658849293
7.3749682164822	0.61677644964382
7.3622902259332	0.61677630880703
7.3496557489581	0.61677616599786
7.3370645619187	0.61677602123205
7.3245164427071	0.61677587452587
7.3120111707317	0.61677572589602
7.2995485269053	0.61677557535969
7.2871282936315	0.61677542293455
7.2747502547925	0.61677526863871
7.2624141957364	0.61677511249072
7.2501199032648	0.61677495450963
7.2378671656205	0.61677479471490
7.2256557724753	0.61677463312644
7.2134855149182	0.61677446976460
7.2013561854432	0.61677430465016
7.1892675779376	0.61677413780434
7.1772194876706	0.61677396924875
7.1652117112811	0.61677379900546
7.1532440467669	0.61677362709691
7.1413162934731	0.61677345354597
7.1294282520809	0.61677327837591
7.1175797245964	0.61677310161039
7.1057705143399	0.61677292327346
7.0940004259347	0.61677274338955
7.0822692652965	0.61677256198347
7.0705768396226	0.61677237908041
7.0589229573817	0.61677219470591
7.0473074283028	0.61677200888590
7.0357300633654	0.61677182164662
7.0241906747891	0.61677163301471
7.0126890760234	0.61677144301711
7.0012250817375	0.61677125168113
6.9897985078107	0.61677105903437
6.9784091713222	0.61677086510479
6.9670568905415	0.61677066992066
6.9557414849188	0.61677047351056
6.9444627750753	0.61677027590335
6.9332205827937	0.61677007712823
6.9220147310090	0.61676987721466
6.9108450437990	0.61676967619240
6.8997113463751	0.61676947409150
6.8886134650735	0.61676927094225
6.8775512273457	0.61676906677524
6.8665244617499	0.61676886162129
6.8555329979419	0.61676865551150
6.8445766666667	0.61676844847719
6.8336552997493	0.61676824054994
6.8227687300865	0.61676803176155
6.8119167916383	0.61676782214404
6.8010993194192	0.61676761172967
6.7903161494904	0.61676740055089
6.7795671189507	0.61676718864036
6.7688520659291	0.61676697603094
6.7581708295762	0.61676676275569
6.7475232500563	0.61676654884783
6.7369091685393	0.61676633434079
6.7263284271932	0.61676611926812
6.7157808691756	0.61676590366359
6.7052663386267	0.61676568756109
6.6947846806610	0.61676547099467
6.6843357413601	0.61676525399851
6.6739193677649	0.61676503660693
6.6635354078684	0.61676481885439
6.6531837106081	0.61676460077545
6.6428641258586	0.61676438240480
6.6325765044248	0.61676416377722
6.6223206980340	0.61676394492761
6.6120965593295	0.61676372589093
6.6019039418630	0.61676350670225
6.5917427000879	0.61676328739672
6.5816126893524	0.61676306800953
6.5715137658922	0.61676284857597
6.5614457868243	0.61676262913136
6.5514086101399	0.61676240971108
6.5414020946978	0.61676219035055
6.5314261002179	0.61676197108522
6.5214804872743	0.61676175195057
6.5115651172893	0.61676153298211
6.5016798525266	0.61676131421534
6.4918245560849	0.61676109568579
6.4819990918919	0.61676087742897
6.4722033246978	0.61676065948041
6.4624371200690	0.61676044187559
6.4527003443823	0.61676022465000
6.4429928648184	0.61676000783907
6.4333145493562	0.61675979147822
6.4236652667667	0.61675957560281
6.4140448866068	0.61675936024817
6.4044532792138	0.61675914544955
6.3948903156997	0.61675893124216
6.3853558679446	0.61675871766111
6.3758498085921	0.61675850474147
6.3663720110427	0.61675829251820
6.3569223494487	0.61675808102618
6.3475006987084	0.61675787030018
6.3381069344609	0.61675766037488
6.3287409330800	0.61675745128485
6.3194025716695	0.61675724306454
6.3100917280572	0.61675703574826
6.3008082807902	0.61675682937023
6.2915521091291	0.61675662396448
6.2823230930427	0.61675641956494
6.2731211132036	0.61675621620538
6.2639460509820	0.61675601391940
6.2547977884415	0.61675581274045
6.2456762083333	0.61675561270182
6.2365811940919	0.61675541383660
6.2275126298297	0.61675521617771
6.2184704003319	0.61675501975791
6.2094543910522	0.61675482460972
6.2004644881075	0.61675463076550
6.1915005782734	0.61675443825739
6.1825625489792	0.61675424711731
6.1736502883031	0.61675405737698
6.1647636849681	0.61675386906789
6.1559026283368	0.61675368222130
6.1470670084068	0.61675349686823
6.1382567158067	0.61675331303948
6.1294716417910	0.61675313076559
6.1207116782360	0.61675295007685
6.1119767176351	0.61675277100329
6.1032666530945	0.61675259357470
6.0945813783289	0.61675241782057
6.0859207876573	0.61675224377015
6.0772847759984	0.61675207145238
6.0686732388664	0.61675190089595
6.0600860723671	0.61675173212924
6.0515231731934	0.61675156518034
6.0429844386212	0.61675140007706
6.0344697665056	0.61675123684688
6.0259790552764	0.61675107551699
6.0175122039342	0.61675091611427
6.0090691120465	0.61675075866527
6.0006496797438	0.61675060319623
5.9922538077154	0.61675044973306
5.9838813972056	0.61675029830133
5.9755323500100	0.61675014892629
5.9672065684713	0.61675000163285
5.9589039554760	0.61674985644557
5.9506244144502	0.61674971338866
5.9423678493558	0.61674957248597
5.9341341646873	0.61674943376103
5.9259232654675	0.61674929723697
5.9177350572444	0.61674916293657
5.9095694460871	0.61674903088225
5.9014263385827	0.61674890109606
5.8933056418321	0.61674877359966
5.8852072634472	0.61674864841433
5.8771311115468	0.61674852556100
5.8690770947533	0.61674840506018
5.8610451221896	0.61674828693201
5.8530351034752	0.61674817119623
5.8450469487229	0.61674805787218
5.8370805685358	0.61674794697881
5.8291358740035	0.61674783853467
5.8212127766990	0.61674773255791
5.8133111886756	0.61674762906626
5.8054310224632	0.61674752807705
5.7975721910656	0.61674742960718
5.7897346079567	0.61674733367317
5.7819181870781	0.61674724029109
5.7741228428351	0.61674714947660
5.7663484900942	0.61674706124494
5.7585950441798	0.61674697561092
5.7508624208709	0.61674689258894
5.7431505363985	0.61674681219295
5.7354593074421	0.61674673443648
5.7277886511272	0.61674665933263
5.7201384850219	0.61674658689405
5.7125087271341	0.61674651713297
5.7048992959087	0.61674645006118
5.6973101102242	0.61674638569001
5.6897410893908	0.61674632403039
5.6821921531463	0.61674626509276
5.6746632216544	0.61674620888716
5.6671542155009	0.61674615542314
5.6596650556919	0.61674610470985
5.6521956636501	0.61674605675595
5.6447459612126	0.61674601156969
5.6373158706281	0.61674596915884
5.6299053145540	0.61674592953074
5.6225142160540	0.61674589269227
5.6151424985952	0.61674585864987
5.6077900860456	0.61674582740950
5.6004569026714	0.61674579897669
5.5931428731343	0.61674577335653
5.5858479224893	0.61674575055363
5.5785719761816	0.61674573057216
5.5713149600446	0.61674571341584
5.5640768002970	0.61674569908791
5.5568574235403	0.61674568759120
5.5496567567568	0.61674567892806
5.5424747273063	0.61674567310039
5.5353112629247	0.61674567010964
5.5281662917204	0.61674566995680
5.5210397421731	0.61674567264242
5.5139315431304	0.61674567816660
5.5068416238060	0.61674568652898
5.4997699137773	0.61674569772875
5.4927163429828	0.61674571176465
5.4856808417200	0.61674572863499
5.4786633406433	0.61674574833761
5.4716637707611	0.61674577086992
5.4646820634342	0.61674579622887
5.4577181503732	0.61674582441098
5.4507719636364	0.61674585541232
5.4438434356274	0.61674588922852
5.4369324990932	0.61674592585478
5.4300390871219	0.61674596528585
5.4231631331404	0.61674600751604
5.4163045709124	0.61674605253923
5.4094633345363	0.61674610034888
5.4026393584430	0.61674615093801
5.3958325773938	0.61674620429920
5.3890429264785	0.61674626042461
5.3822703411131	0.61674631930599
5.3755147570378	0.61674638093463
5.3687761103152	0.61674644530145
5.3620543373278	0.61674651239691
5.3553493747767	0.61674658221107
5.3486611596789	0.61674665473357
5.3419896293656	0.61674672995366
5.3353347214807	0.61674680786015
5.3286963739780	0.61674688844146
5.3220745251198	0.61674697168561
5.3154691134752	0.61674705758021
5.3088800779175	0.61674714611249
5.3023073576229	0.61674723726926
5.2957508920685	0.61674733103696
5.2892106210303	0.61674742740164
5.2826864845815	0.61674752634895
5.2761784230905	0.61674762786416
5.2696863772192	0.61674773193218
5.2632102879213	0.61674783853753
5.2567500964405	0.61674794766436
5.2503057443082	0.61674805929644
5.2438771733427	0.61674817341720
5.2374643256464	0.61674829000968
5.2310671436050	0.61674840905659
5.2246855698850	0.61674853054027
5.2183195474326	0.61674865444270
5.2119690194715	0.61674878074554
5.2056339295016	0.61674890943008
5.1993142212973	0.61674904047729
5.1930098389052	0.61674917386780
5.1867207266436	0.61674930958190
5.1804468290997	0.61674944759956
5.1741880911288	0.61674958790043
5.1679444578521	0.61674973046384
5.1617158746556	0.61674987526880
5.1555022871883	0.61675002229401
5.1493036413604	0.61675017151788
5.1431198833419	0.61675032291850
5.1369509595613	0.61675047647367
5.1307968167037	0.61675063216090
5.1246574017094	0.61675078995740
5.1185326617722	0.61675094984011
5.1124225443383	0.61675111178569
5.1063269971044	0.61675127577051
5.1002459680163	0.61675144177069
5.0941794052676	0.61675160976208
5.0881272572980	0.61675177972025
5.0820894727920	0.61675195162055
5.0760660006773	0.61675212543805
5.0700567901235	0.61675230114758
5.0640617905405	0.61675247872374
5.0580809515775	0.61675265814087
5.0521142231210	0.61675283937312
5.0461615552937	0.61675302239436
5.0402228984533	0.61675320717829
5.0342982031906	0.61675339369835
5.0283874203287	0.61675358192780
5.0224905009214	0.61675377183968
5.0166073962517	0.61675396340682
5.0107380578305	0.61675415660188
5.0048824373957	0.61675435139730
4.9990404869101	0.61675454776534
4.9932121585610	0.61675474567811
4.9873974047579	0.61675494510749
4.9815961781323	0.61675514602524
4.9758084315353	0.61675534840292
4.9700341180371	0.61675555221194
4.9642731909256	0.61675575742357
4.9585256037049	0.61675596400891
4.9527913100942	0.61675617193892
4.9470702640264	0.61675638118442
4.9413624196473	0.61675659171610
4.9356677313138	0.61675680350453
4.9299861535932	0.61675701652013
4.9243176412615	0.61675723073322
4.9186621493027	0.61675744611400
4.9130196329072	0.61675766263257
4.9073900474709	0.61675788025892
4.9017733485939	0.61675809896294
4.8961694920790	0.61675831871444
4.8905784339315	0.61675853948312
4.8850001303569	0.61675876123861
4.8794345377604	0.61675898395048
4.8738816127459	0.61675920758820
4.8683413121143	0.61675943212119
4.8628135928629	0.61675965751880
4.8572984121841	0.61675988375033
4.8517957274640	0.61676011078502
4.8463054962819	0.61676033859208
4.8408276764088	0.61676056714065
4.8353622258065	0.61676079639988
4.8299091026261	0.61676102633884
4.8244682652076	0.61676125692660
4.8190396720784	0.61676148813221
4.8136232819525	0.61676171992469
4.8082190537289	0.61676195227306
4.8028269464915	0.61676218514633
4.7974469195071	0.61676241851352
4.7920789322251	0.61676265234363
4.7867229442759	0.61676288660568
4.7813789154705	0.61676312126871
4.7760468057989	0.61676335630177
4.7707265754297	0.61676359167394
4.7654181847083	0.61676382735431
4.7601215941569	0.61676406331202
4.7548367644726	0.61676429951624
4.7495636565272	0.61676453593619
4.7443022313657	0.61676477254111
4.7390524502055	0.61676500930031
4.7338142744355	0.61676524618315
4.7285876656151	0.61676548315905
4.7233725854735	0.61676572019750
4.7181689959081	0.61676595726804
4.7129768589844	0.61676619434029
4.7077961369347	0.61676643138395
4.7026267921569	0.61676666836879
4.6974687872140	0.61676690526468
4.6923220848333	0.61676714204156
4.6871866479049	0.61676737866946
4.6820624394815	0.61676761511853
4.6769494227769	0.61676785135899
4.6718475611657	0.61676808736119
4.6667568181818	0.61676832309556
4.6616771575183	0.61676855853267
4.6566085430258	0.61676879364317
4.6515509387122	0.61676902839785
4.6465043087415	0.61676926276762
4.6414686174330	0.61676949672350
4.6364438292607	0.61676973023666
4.6314299088522	0.61676996327838
4.6264268209877	0.61677019582008
4.6214345305997	0.61677042783332
4.6164530027718	0.61677065928980
4.6114822027380	0.61677089016135
4.6065220958820	0.61677112041997
4.6015726477360	0.61677135003779
4.5966338239804	0.61677157898709
4.5917055904426	0.61677180724031
4.5867879130967	0.61677203477004
4.5818807580621	0.61677226154904
4.5769840916031	0.61677248755022
4.5720978801281	0.61677271274665
4.5672220901889	0.61677293711157
4.5623566884797	0.61677316061839
4.5575016418364	0.61677338324070
4.5526569172361	0.61677360495222
4.5478224817961	0.61677382572689
4.5429983027731	0.61677404553880
4.5381843475628	0.61677426436221
4.5333805836988	0.61677448217158
4.5285869788520	0.61677469894152
4.5238035008299	0.61677491464685
4.5190301175761	0.61677512926255
4.5142667971691	0.61677534276379
4.5095135078219	0.61677555512592
4.5047702178813	0.61677576632448
4.5000368958271	0.61677597633519
4.4953135102714	0.61677618513396
4.4906000299581	0.61677639269688
4.4858964237618	0.61677659900022
4.4812026606876	0.61677680402046
4.4765187098701	0.61677700773425
4.4718445405728	0.61677721011843
4.4671801221875	0.61677741115002
4.4625254242334	0.61677761080625
4.4578804163569	0.61677780906452
4.4532450683304	0.61677800590241
4.4486193500519	0.61677820129771
4.4440032315446	0.61677839522837
4.4393966829557	0.61677858767255
4.4347996745562	0.61677877860856
4.4302121767401	0.61677896801494
4.4256341600236	0.61677915587037
4.4210655950450	0.61677934215374
4.4165064525633	0.61677952684410
4.4119567034584	0.61677970992069
4.4074163187298	0.61677989136293
4.4028852694963	0.61678007115041
4.3983635269953	0.61678024926290
4.3938510625824	0.61678042568033
4.3893478477306	0.61678060038281
4.3848538540295	0.61678077335061
4.3803690531853	0.61678094456418
4.3758934170194	0.61678111400413
4.3714269174686	0.61678128165121
4.3669695265841	0.61678144748636
4.3625212165309	0.61678161149065
4.3580819595871	0.61678177364532
4.3536517281441	0.61678193393175
4.3492304947048	0.61678209233147
4.3448182318841	0.61678224882615
4.3404149124077	0.61678240339762
4.3360205091119	0.61678255602782
4.3316349949429	0.61678270669882
4.3272583429561	0.61678285539286
4.3228905263158	0.61678300209227
4.3185315182944	0.61678314677950
4.3141812922723	0.61678328943713
4.3098398217366	0.61678343004786
4.3055070802815	0.61678356859448
4.3011830416069	0.61678370505990
4.2968676795184	0.61678383942712
4.2925609679267	0.61678397167924
4.2882628808468	0.61678410179943
4.2839733923978	0.61678422977099
4.2796924768023	0.61678435557725
4.2754201083856	0.61678447920164
4.2711562615757	0.61678460062766
4.2669009109024	0.61678471983885
4.2626540309967	0.61678483681884
4.2584155965909	0.61678495155128
4.2541855825174	0.61678506401990
4.2499639637085	0.61678517420843
4.2457507151961	0.61678528210065
4.2415458121109	0.61678538768039
4.2373492296820	0.61678549093146
4.2331609432364	0.61678559183770
4.2289809281986	0.61678569038296
4.2248091600902	0.61678578655110
4.2206456145291	0.61678588032594
4.2164902672293	0.61678597169132
4.2123430940003	0.61678606063103
4.2082040707468	0.61678614712884
4.2040731734680	0.61678623116850
4.1999503782572	0.61678631273368
4.1958356613016	0.61678639180803
4.1917289988814	0.61678646837513
4.1876303673697	0.61678654241847
4.1835397432319	0.61678661392148
4.1794571030252	0.61678668286752
4.1753824233983	0.61678674923982
4.1713156810909	0.61678681302153
4.1672568529330	0.61678687419568
4.1632059158450	0.61678693274518
4.1591628468368	0.61678698865283
4.1551276230076	0.61678704190125
4.1511002215453	0.61678709247294
4.1470806197261	0.61678714035024
4.1430687949143	0.61678718551531
4.1390647245616	0.61678722795016
4.1350683862069	0.61678726763657
4.1310797574755	0.61678730455615
4.1270988160793	0.61678733869032
4.1231255398157	0.61678737002024
4.1191599065677	0.61678739852687
4.1152018943034	0.61678742419092
4.1112514810752	0.61678744699287
4.1073086450199	0.61678746691292
4.1033733643581	0.61678748393100
4.0994456173937	0.61678749802678
4.0955253825137	0.61678750917961
4.0916126381875	0.61678751736855
4.0877073629670	0.61678752257236
4.0838095354856	0.61678752476944
4.0799191344584	0.61678752393788
4.0760361386812	0.61678752005540
4.0721605270307	0.61678751309938
4.0682922784638	0.61678750304681
4.0644313720174	0.61678748987431
4.0605777868075	0.61678747355808
4.0567315020298	0.61678745407394
4.0528924969582	0.61678743139726
4.0490607509454	0.61678740550299
4.0452362434219	0.61678737636563
4.0414189538959	0.61678734395923
4.0376088619529	0.61678730825736
4.0338059472551	0.61678726923309
4.0300101895416	0.61678722685902
4.0262215686274	0.61678718110722
4.0224400644036	0.61678713194924
4.0186656568365	0.61678707935610
4.0148983259676	0.61678702329826
4.0111380519133	0.61678696374562
4.0073848148643	0.61678690066750
4.0036385950855	0.61678683403263
3.9998993729153	0.61678676380914
3.9961671287657	0.61678668996452
3.9924418431216	0.61678661246566
3.9887234965407	0.61678653127877
3.9850120696531	0.61678644636944
3.9813075431607	0.61678635770253
3.9776098978373	0.61678626524226
3.9739191145281	0.61678616895213
3.9702351741491	0.61678606879490
3.9665580576872	0.61678596473264
3.9628877461996	0.61678585672663
3.9592242208135	0.61678574473742
3.9555674627260	0.61678562872477
3.9519174532033	0.61678550864764
3.9482741735809	0.61678538446421
3.9446376052632	0.61678525613182
3.9410077297226	0.61678512360697
3.9373845285001	0.61678498684533
3.9337679832043	0.61678484580168
3.9301580755113	0.61678470042993
3.9265547871644	0.61678455068311
3.9229580999738	0.61678439651330
3.9193679958164	0.61678423787169
3.9157844566353	0.61678407470850
3.9122074644395	0.61678390697303
3.9086370013038	0.61678373461355
3.9050730493682	0.61678355757740
3.9015155908381	0.61678337581088
3.8979646079834	0.61678318925927
3.8944200831385	0.61678299786684
3.8908819987021	0.61678280157678
3.8873503371369	0.61678260033124
3.8838250809690	0.61678239407126
3.8803062127880	0.61678218273680
3.8767937152463	0.61678196626669
3.8732875710594	0.61678174459866
3.8697877630050	0.61678151766926
3.8662942739231	0.61678128541390
3.8628070867156	0.61678104776681
3.8593261843460	0.61678080466100
3.8558515498392	0.61678055602831
3.8523831662812	0.61678030179933
3.8489210168186	0.61678004190342
3.8454650846588	0.61677977626867
3.8420153530693	0.61677950482191
3.8385718053777	0.61677922748867
3.8351344249712	0.61677894419318
3.8317031952965	0.61677865485835
3.8282780998595	0.61677835940574
3.8248591222251	0.61677805775558
3.8214462460166	0.61677774982671
3.8180394549159	0.61677743553660
3.8146387326632	0.61677711480130
3.8112440630562	0.61677678753546
3.8078554299505	0.61677645365229
3.8044728172589	0.61677611306356
3.8010962089514	0.61677576567956
3.7977255890550	0.61677541140910
3.7943609416530	0.61677505015952
3.7910022508852	0.61677468183661
3.7876495009476	0.61677430634466
3.7843026760919	0.61677392358642
3.7809617606256	0.61677353346304
3.7776267389113	0.61677313587415
3.7742975953670	0.61677273071775
3.7709743144654	0.61677231789026
3.7676568807339	0.61677189728646
3.7643452787544	0.61677146879949
3.7610394931627	0.61677103232087
3.7577395086488	0.61677058774042
3.7544453099562	0.61677013494629
3.7511568818819	0.61676967382493
3.7478742092762	0.61676920426109
3.7445972770422	0.61676872613777
3.7413260701360	0.61676823933625
3.7380605735661	0.61676774373603
3.7348007723932	0.61676723921487
3.7315466517301	0.61676672564871
3.7282981967417	0.61676620291170
3.7250553926441	0.61676567087619
3.7218182247052	0.61676512941269
3.7185866782436	0.61676457838984
3.7153607386293	0.61676401767447
3.7121403912828	0.61676344713150
3.7089256216751	0.61676286662398
3.7057164153276	0.61676227601306
3.7025127578115	0.61676167515796
3.6993146347483	0.61676106391599
3.6961220318087	0.61676044214251
3.6929349347130	0.61675980969093
3.6897533292308	0.61675916641269
3.6865772011805	0.61675851215725
3.6834065364295	0.61675784677208
3.6802413208937	0.61675717010263
3.6770815405372	0.61675648199235
3.6739271813725	0.61675578228263
3.6707782294600	0.61675507081285
3.6676346709078	0.61675434742031
3.6644964918714	0.61675361194024
3.6613636785540	0.61675286420581
3.6582362172056	0.61675210404807
3.6551140941234	0.61675133129599
3.6519972956511	0.61675054577641
3.6488858081792	0.61674974731405
3.6457796181442	0.61674893573148
3.6426787120292	0.61674811084914
3.6395830763628	0.61674727248531
3.6364926977196	0.61674642045606
3.6334075627197	0.61674555457534
3.6303276580286	0.61674467465487
3.6272529703569	0.61674378050417
3.6241834864603	0.61674287193056
3.6211191931393	0.61674194873915
3.6180600772387	0.61674101073279
3.6150061256481	0.61674005771212
3.6119573253012	0.61673908947552
3.6089136631756	0.61673810581912
3.6058751262930	0.61673710653677
3.6028417017185	0.61673609142005
3.5998133765610	0.61673506025829
3.5967901379724	0.61673401283849
3.5937719731479	0.61673294894537
3.5907588693257	0.61673186836135
3.5877508137865	0.61673077086652
3.5847477938539	0.61672965623869
3.5817497968937	0.61672852425331
3.5787568103140	0.61672737468350
3.5757688215649	0.61672620730006
3.5727858181385	0.61672502187145
3.5698077875685	0.61672381816375
3.5668347174301	0.61672259594072
3.5638665953400	0.61672135496374
3.5609034089559	0.61672009499184
3.5579451459767	0.61671881578167
3.5549917941421	0.61671751708751
3.5520433412322	0.61671619866127
3.5490997750681	0.61671486025247
3.5461610835108	0.61671350160825
3.5432272544616	0.61671212247336
3.5402982758621	0.61671072259016
3.5373741356932	0.61670930169863
3.5344548219759	0.61670785953635
3.5315403227706	0.61670639583848
3.5286306261770	0.61670491033782
3.5257257203340	0.61670340276474
3.5228255934195	0.61670187284723
3.5199302336503	0.61670032031086
3.5170396292820	0.61669874487882
3.5141537686086	0.61669714627188
3.5112726399625	0.61669552420841
3.5083962317145	0.61669387840441
3.5055245322732	0.61669220857343
3.5026575300853	0.61669051442666
3.4997952136353	0.61668879567289
3.4969375714452	0.61668705201849
3.4940845920746	0.61668528316747
3.4912362641202	0.61668348882143
3.4883925762160	0.61668166867959
3.4855535170329	0.61667982243878
3.4827190752788	0.61667794979347
3.4798892396982	0.61667605043573
3.4770639990721	0.61667412405528
3.4742433422181	0.61667217033947
3.4714272579898	0.61667018897328
3.4686157352771	0.61666817963933
3.4658087630058	0.61666614201792
3.4630063301375	0.61666407578699
3.4602084256694	0.61666198062212
3.4574150386345	0.61665985619661
3.4546261581009	0.61665770218140
3.4518417731721	0.61665551824514
3.4490618729867	0.61665330405416
3.4462864467180	0.61665105927250
3.4435154835745	0.61664878356191
3.4407489727993	0.61664647658186
3.4379869036697	0.61664413798957
3.4352292654979	0.61664176743998
3.4324760476300	0.61663936458580
3.4297272394463	0.61663692907748
3.4269828303612	0.61663446056328
3.4242428098230	0.61663195868922
3.4215071673134	0.61662942309913
3.4187758923480	0.61662685343465
3.4160489744758	0.61662424933525
3.4133264032791	0.61662161043824
3.4106081683732	0.61661893637878
3.4078942594066	0.61661622678990
3.4051846660609	0.61661348130250
3.4024793780502	0.61661069954540
3.3997783851213	0.61660788114533
3.3970816770538	0.61660502572692
3.3943892436594	0.61660213291279
3.3917010747822	0.61659920232349
3.3890171602984	0.61659623357756
3.3863374901163	0.61659322629156
3.3836620541761	0.61659018008003
3.3809908424495	0.61658709455557
3.3783238449403	0.61658396932883
3.3756610516834	0.61658080400854
3.3730024527453	0.61657759820150
3.3703480382237	0.61657435151265
3.3676977982476	0.61657106354507
3.3650517229768	0.61656773389998
3.3624098026021	0.61656436217677
3.3597720273451	0.61656094797306
3.3571383874580	0.61655749088468
3.3545088732237	0.61655399050571
3.3518834749553	0.61655044642848
3.3492621829963	0.61654685824365
3.3466449877205	0.61654322554018
3.3440318795315	0.61653954790537
3.3414228488631	0.61653582492490
3.3388178861789	0.61653205618284
3.3362169819720	0.61652824126168
3.3336201267653	0.61652437974236
3.3310273111111	0.61652047120431
