#Parameters = {thARC=0.8; nARC=1.5; thsub=1; p=1; nSub=4.25}
#"Wavelength / um"	"T (719) [Real Part]"
#---------------------------------------
14.989622900000	0.66611331489773
14.937342202292	0.66645409622591
14.885424925521	0.66679602997989
14.833867293419	0.66713911371175
14.782665581854	0.66748334496942
14.731816117936	0.66782872129679
14.681315279138	0.66817524023367
14.631159492435	0.66852289931585
14.581345233463	0.66887169607512
14.531869025691	0.66922162803929
14.482727439614	0.66957269273219
14.433917091960	0.66992488767368
14.385434644914	0.67027821037967
14.337276805356	0.67063265836212
14.289440324118	0.67098822912902
14.241921995249	0.67134492018440
14.194718655303	0.67170272902833
14.147827182633	0.67206165315689
14.101244496707	0.67242169006214
14.054967557431	0.67278283723214
14.008993364486	0.67314509215088
13.963318956684	0.67350845229828
13.917941411328	0.67387291515016
13.872857843591	0.67423847817819
13.828065405904	0.67460513884984
13.783561287356	0.67497289462837
13.739342713107	0.67534174297276
13.695406943810	0.67571168133766
13.651751275046	0.67608270717334
13.608373036768	0.67645481792563
13.565269592760	0.67682801103588
13.522438340099	0.67720228394085
13.479876708633	0.67757763407269
13.437582160466	0.67795405885883
13.395552189455	0.67833155572194
13.353784320713	0.67871012207981
13.312276110124	0.67908975534532
13.271025143869	0.67947045292629
13.230029037952	0.67985221222547
13.189285437747	0.68023503064037
13.148792017544	0.68061890556322
13.108546480105	0.68100383438084
13.068546556234	0.68138981447458
13.028790004346	0.68177684322015
12.989274610052	0.68216491798757
12.949998185745	0.68255403614104
12.910958570198	0.68294419503881
12.872153628167	0.68333539203310
12.833581250000	0.68372762446993
12.795239351259	0.68412088968906
12.757125872340	0.68451518502380
12.719238778108	0.68491050780093
12.681576057530	0.68530685534054
12.644135723323	0.68570422495592
12.606915811606	0.68610261395338
12.569914381551	0.68650201963218
12.533129515050	0.68690243928432
12.496559316382	0.68730387019443
12.460201911887	0.68770630963961
12.424055449648	0.68810975488930
12.388118099174	0.68851420320511
12.352388051092	0.68891965184066
12.316863516845	0.68932609804142
12.281542728390	0.68973353904459
12.246423937908	0.69014197207888
12.211505417515	0.69055139436440
12.176785458976	0.69096180311245
12.142262373431	0.69137319552538
12.107934491115	0.69178556879638
12.073800161095	0.69219892010938
12.039857751004	0.69261324663879
12.006105646776	0.69302854554937
11.972542252396	0.69344481399606
11.939165989646	0.69386204912375
11.905975297855	0.69428024806716
11.872968633663	0.69469940795059
11.840144470774	0.69511952588779
11.807501299724	0.69554059898174
11.775037627651	0.69596262432445
11.742751978065	0.69638559899679
11.710642890625	0.69680952006831
11.678708920919	0.69723438459700
11.646948640249	0.69766018962911
11.615360635413	0.69808693219898
11.583943508501	0.69851460932880
11.552695876686	0.69894321802844
11.521616372022	0.69937275529523
11.490703641242	0.69980321811373
11.459956345566	0.70023460345561
11.429373160503	0.70066690827932
11.398952775665	0.70110012953000
11.368693894577	0.70153426413920
11.338595234493	0.70196930902467
11.308655526217	0.70240526109020
11.278873513920	0.70284211722536
11.249247954972	0.70327987430529
11.219777619760	0.70371852919051
11.190461291527	0.70415807872669
11.161297766195	0.70459851974444
11.132285852209	0.70503984905907
11.103424370370	0.70548206347042
11.074712153676	0.70592515976258
11.046148047163	0.70636913470374
11.017730907755	0.70681398504590
10.989459604106	0.70725970752472
10.961333016453	0.70770629885922
10.933350036470	0.70815375575165
10.905509567115	0.70860207488720
10.877810522496	0.70905125293378
10.850251827723	0.70950128654186
10.822832418773	0.70995217234416
10.795551242348	0.71040390695552
10.768407255747	0.71085648697260
10.741399426729	0.71130990897368
10.714526733381	0.71176416951846
10.687788163993	0.71221926514783
10.661182716927	0.71267519238361
10.634709400497	0.71313194772838
10.608367232838	0.71358952766522
10.582155241793	0.71404792865750
10.556072464789	0.71450714714865
10.530117948718	0.71496717956196
10.504290749825	0.71542802230033
10.478589933590	0.71588967174605
10.453014574616	0.71635212426061
10.427563756522	0.71681537618444
10.402236571825	0.71727942383672
10.377032121841	0.71774426351514
10.351949516575	0.71820989149567
10.326987874612	0.71867630403239
10.302146323024	0.71914349735722
10.277423997257	0.71961146767971
10.252820041040	0.72008021118686
10.228333606278	0.72054972404287
10.203963852961	0.72102000238891
10.179709949066	0.72149104234295
10.155571070461	0.72196283999953
10.131546400811	0.72243539142951
10.107635131490	0.72290869267992
10.083836461487	0.72338273977371
10.060149597315	0.72385752870953
10.036573752929	0.72433305546156
10.013108149633	0.72480931597927
9.9897520159947	0.72528630618723
9.9665045877660	0.72576402198489
9.9433651077944	0.72624245924641
9.9203328259431	0.72672161382039
9.8974069990096	0.72720148152975
9.8745868906456	0.72768205817148
9.8518717712783	0.72816333951644
9.8292609180328	0.72864532130917
9.8067536146549	0.72912799926773
9.7843491514360	0.72961136908345
9.7620468251384	0.73009542642076
9.7398459389214	0.73058016691701
9.7177458022690	0.73106558618226
9.6957457309185	0.73155167979912
9.6738450467893	0.73203844332253
9.6520430779137	0.73252587227960
9.6303391583681	0.73301396216941
9.6087326282051	0.73350270846285
9.5872228333866	0.73399210660243
9.5658091257179	0.73448215200209
9.5444908627826	0.73497284004704
9.5232674078780	0.73546416609358
9.5021381299525	0.73595612546896
9.4811024035421	0.73644871347114
9.4601596087094	0.73694192536870
9.4393091309824	0.73743575640061
9.4185503612944	0.73793020177612
9.3978826959248	0.73842525667457
9.3773055364404	0.73892091624523
9.3568182896380	0.73941717560716
9.3364203674868	0.73991402984903
9.3161111870727	0.74041147402899
9.2958901705426	0.74090950317453
9.2757567450495	0.74140811228230
9.2557103426984	0.74190729631797
9.2357504004929	0.74240705021612
9.2158763602828	0.74290736888007
9.1960876687117	0.74340824718175
9.1763837771656	0.74390967996155
9.1567641417227	0.74441166202821
9.1372282231027	0.74491418815869
9.1177754866180	0.74541725309802
9.0984054021244	0.74592085155919
9.0791174439733	0.74642497822302
9.0599110909640	0.74692962773805
9.0407858262967	0.74743479472040
9.0217411375263	0.74794047375370
9.0027765165165	0.74844665938892
8.9838914593947	0.74895334614429
8.9650854665072	0.74946052850521
8.9463580423754	0.74996820092412
8.9277086956522	0.75047635782040
8.9091369390788	0.75098499358028
8.8906422894425	0.75149410255674
8.8722242675348	0.75200367906942
8.8538823981099	0.75251371740453
8.8356162098438	0.75302421181478
8.8174252352941	0.75353515651923
8.7993090108600	0.75404654570330
8.7812670767428	0.75455837351863
8.7632989769073	0.75507063408302
8.7454042590432	0.75558332148036
8.7275824745269	0.75609642976057
8.7098331783847	0.75660995293950
8.6921559292549	0.75712388499891
8.6745502893519	0.75763821988639
8.6570158244297	0.75815295151528
8.6395521037464	0.75866807376465
8.6221587000288	0.75918358047924
8.6048351894374	0.75969946546939
8.5875811515325	0.76021572251103
8.5703961692396	0.76073234534561
8.5532798288160	0.76124932768007
8.5362317198178	0.76176666318680
8.5192514350668	0.76228434550362
8.5023385706183	0.76280236823374
8.4854927257288	0.76332072494574
8.4687135028249	0.76383940917351
8.4520005074711	0.76435841441632
8.4353533483399	0.76487773413868
8.4187716371806	0.76539736177045
8.4022549887892	0.76591729070672
8.3858030209790	0.76643751430789
8.3694153545505	0.76695802589962
8.3530916132627	0.76747881877282
8.3368314238042	0.76799988618368
8.3206344157646	0.76852122135369
8.3045002216066	0.76904281746958
8.2884284766381	0.76956466768342
8.2724188189845	0.77008676511256
8.2564708895621	0.77060910283969
8.2405843320506	0.77113167391287
8.2247587928669	0.77165447134551
8.2089939211391	0.77217748811644
8.1932893686800	0.77270071716992
8.1776447899618	0.77322415141570
8.1620598420909	0.77374778372901
8.1465341847826	0.77427160695065
8.1310674803363	0.77479561388701
8.1156593936113	0.77531979731013
8.1003095920022	0.77584414995774
8.0850177454153	0.77636866453331
8.0697835262450	0.77689333370614
8.0546066093498	0.77741815011137
8.0394866720300	0.77794310635008
8.0244233940043	0.77846819498936
8.0094164573871	0.77899340856236
7.9944655466667	0.77951873956837
7.9795703486825	0.78004418047290
7.9647305526036	0.78056972370777
7.9499458499072	0.78109536167118
7.9352159343568	0.78162108672779
7.9205405019815	0.78214689120884
7.9059192510549	0.78267276741220
7.8913518820742	0.78319870760251
7.8768380977404	0.78372470401125
7.8623776029373	0.78425074883685
7.8479701047120	0.78477683424481
7.8336153122550	0.78530295236779
7.8193129368805	0.78582909530572
7.8050626920073	0.78635525512594
7.7908642931393	0.78688142386329
7.7767174578470	0.78740759352027
7.7626219057483	0.78793375606711
7.7485773584906	0.78845990344194
7.7345835397317	0.78898602755091
7.7206401751223	0.78951212026834
7.7067469922879	0.79003817343680
7.6929037208109	0.79056417886733
7.6791100922131	0.79109012833952
7.6653658399386	0.79161601360170
7.6516706993364	0.79214182637105
7.6380244076433	0.79266755833378
7.6244267039674	0.79319320114529
7.6108773292714	0.79371874643029
7.5973760263558	0.79424418578302
7.5839225398432	0.79476951076736
7.5705166161616	0.79529471291703
7.5571580035291	0.79581978373575
7.5438464519376	0.79634471469739
7.5305817131374	0.79686949724622
7.5173635406219	0.79739412279698
7.5041916896120	0.79791858273517
7.4910659170415	0.79844286841716
7.4779859815415	0.79896697117041
7.4649516434263	0.79949088229365
7.4519626646781	0.80001459305709
7.4390188089330	0.80053809470258
7.4261198414664	0.80106137844386
7.4132655291790	0.80158443546672
7.4004556405826	0.80210725692921
7.3876899457861	0.80262983396188
7.3749682164822	0.80315215766795
7.3622902259332	0.80367421912355
7.3496557489581	0.80419600937790
7.3370645619187	0.80471751945358
7.3245164427071	0.80523874034672
7.3120111707317	0.80575966302721
7.2995485269053	0.80628027843896
7.2871282936315	0.80680057750009
7.2747502547925	0.80732055110322
7.2624141957364	0.80784019011562
7.2501199032648	0.80835948537953
7.2378671656205	0.80887842771235
7.2256557724753	0.80939700790688
7.2134855149182	0.80991521673159
7.2013561854432	0.81043304493085
7.1892675779376	0.81095048322519
7.1772194876706	0.81146752231152
7.1652117112811	0.81198415286343
7.1532440467669	0.81250036553142
7.1413162934731	0.81301615094314
7.1294282520809	0.81353149970371
7.1175797245964	0.81404640239591
7.1057705143399	0.81456084958049
7.0940004259347	0.81507483179644
7.0822692652965	0.81558833956124
7.0705768396226	0.81610136337114
7.0589229573817	0.81661389370144
7.0473074283028	0.81712592100675
7.0357300633654	0.81763743572130
7.0241906747891	0.81814842825920
7.0126890760234	0.81865888901470
7.0012250817375	0.81916880836254
6.9897985078107	0.81967817665817
6.9784091713222	0.82018698423809
6.9670568905415	0.82069522142009
6.9557414849188	0.82120287850361
6.9444627750753	0.82170994576999
6.9332205827937	0.82221641348277
6.9220147310090	0.82272227188799
6.9108450437990	0.82322751121454
6.8997113463751	0.82373212167439
6.8886134650735	0.82423609346294
6.8775512273457	0.82473941675933
6.8665244617499	0.82524208172673
6.8555329979419	0.82574407851267
6.8445766666667	0.82624539724932
6.8336552997493	0.82674602805387
6.8227687300865	0.82724596102878
6.8119167916383	0.82774518626214
6.8010993194192	0.82824369382797
6.7903161494904	0.82874147378657
6.7795671189507	0.82923851618480
6.7688520659291	0.82973481105645
6.7581708295762	0.83023034842256
6.7475232500563	0.83072511829173
6.7369091685393	0.83121911066045
6.7263284271932	0.83171231551348
6.7157808691756	0.83220472282413
6.7052663386267	0.83269632255462
6.6947846806610	0.83318710465642
6.6843357413601	0.83367705907060
6.6739193677649	0.83416617572814
6.6635354078684	0.83465444455030
6.6531837106081	0.83514185544896
6.6428641258586	0.83562839832698
6.6325765044248	0.83611406307849
6.6223206980340	0.83659883958934
6.6120965593295	0.83708271773733
6.6019039418630	0.83756568739268
6.5917427000879	0.83804773841830
6.5816126893524	0.83852886067019
6.5715137658922	0.83900904399778
6.5614457868243	0.83948827824427
6.5514086101399	0.83996655324706
6.5414020946978	0.84044385883801
6.5314261002179	0.84092018484389
6.5214804872743	0.84139552108669
6.5115651172893	0.84186985738403
6.5016798525266	0.84234318354948
6.4918245560849	0.84281548939297
6.4819990918919	0.84328676472112
6.4722033246978	0.84375699933764
6.4624371200690	0.84422618304371
6.4527003443823	0.84469430563831
6.4429928648184	0.84516135691864
6.4333145493562	0.84562732668049
6.4236652667667	0.84609220471859
6.4140448866068	0.84655598082699
6.4044532792138	0.84701864479949
6.3948903156997	0.84748018642996
6.3853558679446	0.84794059551277
6.3758498085921	0.84839986184313
6.3663720110427	0.84885797521751
6.3569223494487	0.84931492543401
6.3475006987084	0.84977070229276
6.3381069344609	0.85022529559627
6.3287409330800	0.85067869514988
6.3194025716695	0.85113089076210
6.3100917280572	0.85158187224502
6.3008082807902	0.85203162941471
6.2915521091291	0.85248015209161
6.2823230930427	0.85292743010091
6.2731211132036	0.85337345327296
6.2639460509820	0.85381821144366
6.2547977884415	0.85426169445488
6.2456762083333	0.85470389215482
6.2365811940919	0.85514479439845
6.2275126298297	0.85558439104788
6.2184704003319	0.85602267197278
6.2094543910522	0.85645962705078
6.2004644881075	0.85689524616786
6.1915005782734	0.85732951921878
6.1825625489792	0.85776243610748
6.1736502883031	0.85819398674747
6.1647636849681	0.85862416106224
6.1559026283368	0.85905294898569
6.1470670084068	0.85948034046252
6.1382567158067	0.85990632544867
6.1294716417910	0.86033089391166
6.1207116782360	0.86075403583111
6.1119767176351	0.86117574119906
6.1032666530945	0.86159600002042
6.0945813783289	0.86201480231339
6.0859207876573	0.86243213810989
6.0772847759984	0.86284799745592
6.0686732388664	0.86326237041204
6.0600860723671	0.86367524705376
6.0515231731934	0.86408661747195
6.0429844386212	0.86449647177329
6.0344697665056	0.86490480008065
6.0259790552764	0.86531159253357
6.0175122039342	0.86571683928860
6.0090691120465	0.86612053051980
6.0006496797438	0.86652265641913
5.9922538077154	0.86692320719686
5.9838813972056	0.86732217308203
5.9755323500100	0.86771954432286
5.9672065684713	0.86811531118716
5.9589039554760	0.86850946396277
5.9506244144502	0.86890199295800
5.9423678493558	0.86929288850205
5.9341341646873	0.86968214094542
5.9259232654675	0.87006974066037
5.9177350572444	0.87045567804133
5.9095694460871	0.87083994350534
5.9014263385827	0.87122252749246
5.8933056418321	0.87160342046624
5.8852072634472	0.87198261291414
5.8771311115468	0.87236009534792
5.8690770947533	0.87273585830414
5.8610451221896	0.87310989234454
5.8530351034752	0.87348218805652
5.8450469487229	0.87385273605352
5.8370805685358	0.87422152697550
5.8291358740035	0.87458855148938
5.8212127766990	0.87495380028943
5.8133111886756	0.87531726409774
5.8054310224632	0.87567893366466
5.7975721910656	0.87603879976922
5.7897346079567	0.87639685321957
5.7819181870781	0.87675308485344
5.7741228428351	0.87710748553854
5.7663484900942	0.87746004617303
5.7585950441798	0.87781075768595
5.7508624208709	0.87815961103764
5.7431505363985	0.87850659722021
5.7354593074421	0.87885170725795
5.7277886511272	0.87919493220781
5.7201384850219	0.87953626315979
5.7125087271341	0.87987569123739
5.7048992959087	0.88021320759810
5.6973101102242	0.88054880343376
5.6897410893908	0.88088246997107
5.6821921531463	0.88121419847200
5.6746632216544	0.88154398023420
5.6671542155009	0.88187180659151
5.6596650556919	0.88219766891433
5.6521956636501	0.88252155861012
5.6447459612126	0.88284346712377
5.6373158706281	0.88316338593811
5.6299053145540	0.88348130657431
5.6225142160540	0.88379722059231
5.6151424985952	0.88411111959131
5.6077900860456	0.88442299521014
5.6004569026714	0.88473283912774
5.5931428731343	0.88504064306362
5.5858479224893	0.88534639877823
5.5785719761816	0.88565009807345
5.5713149600446	0.88595173279302
5.5640768002970	0.88625129482296
5.5568574235403	0.88654877609203
5.5496567567568	0.88684416857212
5.5424747273063	0.88713746427874
5.5353112629247	0.88742865527143
5.5281662917204	0.88771773365419
5.5210397421731	0.88800469157592
5.5139315431304	0.88828952123085
5.5068416238060	0.88857221485895
5.4997699137773	0.88885276474643
5.4927163429828	0.88913116322609
5.4856808417200	0.88940740267778
5.4786633406433	0.88968147552885
5.4716637707611	0.88995337425457
5.4646820634342	0.89022309137851
5.4577181503732	0.89049061947304
5.4507719636364	0.89075595115970
5.4438434356274	0.89101907910964
5.4369324990932	0.89127999604407
5.4300390871219	0.89153869473464
5.4231631331404	0.89179516800386
5.4163045709124	0.89204940872558
5.4094633345363	0.89230140982534
5.4026393584430	0.89255116428080
5.3958325773938	0.89279866512221
5.3890429264785	0.89304390543275
5.3822703411131	0.89328687834899
5.3755147570378	0.89352757706128
5.3687761103152	0.89376599481417
5.3620543373278	0.89400212490682
5.3553493747767	0.89423596069341
5.3486611596789	0.89446749558352
5.3419896293656	0.89469672304257
5.3353347214807	0.89492363659218
5.3286963739780	0.89514822981062
5.3220745251198	0.89537049633316
5.3154691134752	0.89559042985251
5.3088800779175	0.89580802411917
5.3023073576229	0.89602327294185
5.2957508920685	0.89623617018787
5.2892106210303	0.89644670978352
5.2826864845815	0.89665488571446
5.2761784230905	0.89686069202610
5.2696863772192	0.89706412282400
5.2632102879213	0.89726517227422
5.2567500964405	0.89746383460371
5.2503057443082	0.89766010410070
5.2438771733427	0.89785397511505
5.2374643256464	0.89804544205863
5.2310671436050	0.89823449940569
5.2246855698850	0.89842114169322
5.2183195474326	0.89860536352130
5.2119690194715	0.89878715955349
5.2056339295016	0.89896652451716
5.1993142212973	0.89914345320386
5.1930098389052	0.89931794046966
5.1867207266436	0.89948998123549
5.1804468290997	0.89965957048752
5.1741880911288	0.89982670327746
5.1679444578521	0.89999137472293
5.1617158746556	0.90015358000778
5.1555022871883	0.90031331438243
5.1493036413604	0.90047057316419
5.1431198833419	0.90062535173760
5.1369509595613	0.90077764555474
5.1307968167037	0.90092745013556
5.1246574017094	0.90107476106819
5.1185326617722	0.90121957400926
5.1124225443383	0.90136188468418
5.1063269971044	0.90150168888750
5.1002459680163	0.90163898248316
5.0941794052676	0.90177376140481
5.0881272572980	0.90190602165610
5.0820894727920	0.90203575931099
5.0760660006773	0.90216297051399
5.0700567901235	0.90228765148051
5.0640617905405	0.90240979849706
5.0580809515775	0.90252940792158
5.0521142231210	0.90264647618371
5.0461615552937	0.90276099978502
5.0402228984533	0.90287297529930
5.0342982031906	0.90298239937282
5.0283874203287	0.90308926872456
5.0224905009214	0.90319358014648
5.0166073962517	0.90329533050376
5.0107380578305	0.90339451673504
5.0048824373957	0.90349113585265
4.9990404869101	0.90358518494285
4.9932121585610	0.90367666116603
4.9873974047579	0.90376556175699
4.9815961781323	0.90385188402510
4.9758084315353	0.90393562535452
4.9700341180371	0.90401678320445
4.9642731909256	0.90409535510928
4.9585256037049	0.90417133867883
4.9527913100942	0.90424473159850
4.9470702640264	0.90431553162950
4.9413624196473	0.90438373660900
4.9356677313138	0.90444934445034
4.9299861535932	0.90451235314317
4.9243176412615	0.90457276075363
4.9186621493027	0.90463056542453
4.9130196329072	0.90468576537546
4.9073900474709	0.90473835890300
4.9017733485939	0.90478834438083
4.8961694920790	0.90483572025988
4.8905784339315	0.90488048506844
4.8850001303569	0.90492263741235
4.8794345377604	0.90496217597506
4.8738816127459	0.90499909951779
4.8683413121143	0.90503340687963
4.8628135928629	0.90506509697763
4.8572984121841	0.90509416880694
4.8517957274640	0.90512062144087
4.8463054962819	0.90514445403100
4.8408276764088	0.90516566580727
4.8353622258065	0.90518425607802
4.8299091026261	0.90520022423012
4.8244682652076	0.90521356972899
4.8190396720784	0.90522429211869
4.8136232819525	0.90523239102196
4.8082190537289	0.90523786614028
4.8028269464915	0.90524071725389
4.7974469195071	0.90524094422187
4.7920789322251	0.90523854698212
4.7867229442759	0.90523352555144
4.7813789154705	0.90522588002550
4.7760468057989	0.90521561057887
4.7707265754297	0.90520271746504
4.7654181847083	0.90518720101643
4.7601215941569	0.90516906164432
4.7548367644726	0.90514829983894
4.7495636565272	0.90512491616935
4.7443022313657	0.90509891128349
4.7390524502055	0.90507028590812
4.7338142744355	0.90503904084879
4.7285876656151	0.90500517698979
4.7233725854735	0.90496869529409
4.7181689959081	0.90492959680334
4.7129768589844	0.90488788263775
4.7077961369347	0.90484355399603
4.7026267921569	0.90479661215535
4.6974687872140	0.90474705847123
4.6923220848333	0.90469489437747
4.6871866479049	0.90464012138605
4.6820624394815	0.90458274108702
4.6769494227769	0.90452275514843
4.6718475611657	0.90446016531618
4.6667568181818	0.90439497341393
4.6616771575183	0.90432718134296
4.6566085430258	0.90425679108203
4.6515509387122	0.90418380468729
4.6465043087415	0.90410822429209
4.6414686174330	0.90403005210685
4.6364438292607	0.90394929041890
4.6314299088522	0.90386594159232
4.6264268209877	0.90378000806781
4.6214345305997	0.90369149236243
4.6164530027718	0.90360039706951
4.6114822027380	0.90350672485841
4.6065220958820	0.90341047847436
4.6015726477360	0.90331166073824
4.5966338239804	0.90321027454638
4.5917055904426	0.90310632287037
4.5867879130967	0.90299980875681
4.5818807580621	0.90289073532712
4.5769840916031	0.90277910577730
4.5720978801281	0.90266492337770
4.5672220901889	0.90254819147276
4.5623566884797	0.90242891348080
4.5575016418364	0.90230709289375
4.5526569172361	0.90218273327688
4.5478224817961	0.90205583826856
4.5429983027731	0.90192641157998
4.5381843475628	0.90179445699489
4.5333805836988	0.90165997836930
4.5285869788520	0.90152297963121
4.5238035008299	0.90138346478031
4.5190301175761	0.90124143788768
4.5142667971691	0.90109690309551
4.5095135078219	0.90094986461677
4.5047702178813	0.90080032673493
4.5000368958271	0.90064829380358
4.4953135102714	0.90049377024617
4.4906000299581	0.90033676055567
4.4858964237618	0.90017726929420
4.4812026606876	0.90001530109274
4.4765187098701	0.89985086065074
4.4718445405728	0.89968395273582
4.4671801221875	0.89951458218337
4.4625254242334	0.89934275389623
4.4578804163569	0.89916847284431
4.4532450683304	0.89899174406423
4.4486193500519	0.89881257265891
4.4440032315446	0.89863096379726
4.4393966829557	0.89844692271376
4.4347996745562	0.89826045470806
4.4302121767401	0.89807156514462
4.4256341600236	0.89788025945230
4.4210655950450	0.89768654312396
4.4165064525633	0.89749042171608
4.4119567034584	0.89729190084830
4.4074163187298	0.89709098620309
4.4028852694963	0.89688768352523
4.3983635269953	0.89668199862150
4.3938510625824	0.89647393736017
4.3893478477306	0.89626350567063
4.3848538540295	0.89605070954294
4.3803690531853	0.89583555502737
4.3758934170194	0.89561804823402
4.3714269174686	0.89539819533231
4.3669695265841	0.89517600255061
4.3625212165309	0.89495147617572
4.3580819595871	0.89472462255248
4.3536517281441	0.89449544808326
4.3492304947048	0.89426395922757
4.3448182318841	0.89403016250153
4.3404149124077	0.89379406447745
4.3360205091119	0.89355567178337
4.3316349949429	0.89331499110255
4.3272583429561	0.89307202917303
4.3228905263158	0.89282679278718
4.3185315182944	0.89257928879115
4.3141812922723	0.89232952408448
4.3098398217366	0.89207750561955
4.3055070802815	0.89182324040113
4.3011830416069	0.89156673548589
4.2968676795184	0.89130799798193
4.2925609679267	0.89104703504824
4.2882628808468	0.89078385389427
4.2839733923978	0.89051846177940
4.2796924768023	0.89025086601247
4.2754201083856	0.88998107395126
4.2711562615757	0.88970909300200
4.2669009109024	0.88943493061890
4.2626540309967	0.88915859430361
4.2584155965909	0.88888009160473
4.2541855825174	0.88859943011734
4.2499639637085	0.88831661748245
4.2457507151961	0.88803166138654
4.2415458121109	0.88774456956100
4.2373492296820	0.88745534978171
4.2331609432364	0.88716400986843
4.2289809281986	0.88687055768438
4.2248091600902	0.88657500113570
4.2206456145291	0.88627734817093
4.2164902672293	0.88597760678051
4.2123430940003	0.88567578499631
4.2082040707468	0.88537189089107
4.2040731734680	0.88506593257789
4.1999503782572	0.88475791820979
4.1958356613016	0.88444785597914
4.1917289988814	0.88413575411715
4.1876303673697	0.88382162089342
4.1835397432319	0.88350546461537
4.1794571030252	0.88318729362778
4.1753824233983	0.88286711631227
4.1713156810909	0.88254494108677
4.1672568529330	0.88222077640506
4.1632059158450	0.88189463075626
4.1591628468368	0.88156651266428
4.1551276230076	0.88123643068738
4.1511002215453	0.88090439341765
4.1470806197261	0.88057040948050
4.1430687949143	0.88023448753418
4.1390647245616	0.87989663626925
4.1350683862069	0.87955686440816
4.1310797574755	0.87921518070468
4.1270988160793	0.87887159394344
4.1231255398157	0.87852611293945
4.1191599065677	0.87817874653761
4.1152018943034	0.87782950361223
4.1112514810752	0.87747839306651
4.1073086450199	0.87712542383211
4.1033733643581	0.87677060486864
4.0994456173937	0.87641394516320
4.0955253825137	0.87605545372990
4.0916126381875	0.87569513960938
4.0877073629670	0.87533301186836
4.0838095354856	0.87496907959915
4.0799191344584	0.87460335191920
4.0760361386812	0.87423583797065
4.0721605270307	0.87386654691985
4.0682922784638	0.87349548795692
4.0644313720174	0.87312267029527
4.0605777868075	0.87274810317120
4.0567315020298	0.87237179584341
4.0528924969582	0.87199375759258
4.0490607509454	0.87161399772092
4.0452362434219	0.87123252555171
4.0414189538959	0.87084935042893
4.0376088619529	0.87046448171677
4.0338059472551	0.87007792879923
4.0300101895416	0.86968970107967
4.0262215686274	0.86929980798044
4.0224400644036	0.86890825894243
4.0186656568365	0.86851506342463
4.0148983259676	0.86812023090380
4.0111380519133	0.86772377087398
4.0073848148643	0.86732569284615
4.0036385950855	0.86692600634780
3.9998993729153	0.86652472092254
3.9961671287657	0.86612184612973
3.9924418431216	0.86571739154408
3.9887234965407	0.86531136675526
3.9850120696531	0.86490378136754
3.9813075431607	0.86449464499941
3.9776098978373	0.86408396728321
3.9739191145281	0.86367175786476
3.9702351741491	0.86325802640302
3.9665580576872	0.86284278256971
3.9628877461996	0.86242603604898
3.9592242208135	0.86200779653703
3.9555674627260	0.86158807374180
3.9519174532033	0.86116687738264
3.9482741735809	0.86074421718992
3.9446376052632	0.86032010290477
3.9410077297226	0.85989454427869
3.9373845285001	0.85946755107330
3.9337679832043	0.85903913305995
3.9301580755113	0.85860930001947
3.9265547871644	0.85817806174183
3.9229580999738	0.85774542802584
3.9193679958164	0.85731140867888
3.9157844566353	0.85687601351657
3.9122074644395	0.85643925236251
3.9086370013038	0.85600113504798
3.9050730493682	0.85556167141167
3.9015155908381	0.85512087129941
3.8979646079834	0.85467874456391
3.8944200831385	0.85423530106445
3.8908819987021	0.85379055066669
3.8873503371369	0.85334450324236
3.8838250809690	0.85289716866903
3.8803062127880	0.85244855682987
3.8767937152463	0.85199867761341
3.8732875710594	0.85154754091330
3.8697877630050	0.85109515662807
3.8662942739231	0.85064153466093
3.8628070867156	0.85018668491952
3.8593261843460	0.84973061731571
3.8558515498392	0.84927334176539
3.8523831662812	0.84881486818828
3.8489210168186	0.84835520650766
3.8454650846588	0.84789436665027
3.8420153530693	0.84743235854603
3.8385718053777	0.84696919212793
3.8351344249712	0.84650487733177
3.8317031952965	0.84603942409605
3.8282780998595	0.84557284236174
3.8248591222251	0.84510514207216
3.8214462460166	0.84463633317278
3.8180394549159	0.84416642561108
3.8146387326632	0.84369542933637
3.8112440630562	0.84322335429969
3.8078554299505	0.84275021045359
3.8044728172589	0.84227600775205
3.8010962089514	0.84180075615033
3.7977255890550	0.84132446560481
3.7943609416530	0.84084714607289
3.7910022508852	0.84036880751283
3.7876495009476	0.83988945988370
3.7843026760919	0.83940911314517
3.7809617606256	0.83892777725748
3.7776267389113	0.83844546218129
3.7742975953670	0.83796217787757
3.7709743144654	0.83747793430755
3.7676568807339	0.83699274143256
3.7643452787544	0.83650660921398
3.7610394931627	0.83601954761314
3.7577395086488	0.83553156659126
3.7544453099562	0.83504267610931
3.7511568818819	0.83455288612800
3.7478742092762	0.83406220660768
3.7445972770422	0.83357064750827
3.7413260701360	0.83307821878919
3.7380605735661	0.83258493040931
3.7348007723932	0.83209079232689
3.7315466517301	0.83159581449952
3.7282981967417	0.83110000688409
3.7250553926441	0.83060337943670
3.7218182247052	0.83010594211265
3.7185866782436	0.82960770486640
3.7153607386293	0.82910867765150
3.7121403912828	0.82860887042060
3.7089256216751	0.82810829312538
3.7057164153276	0.82760695571652
3.7025127578115	0.82710486814373
3.6993146347483	0.82660204035564
3.6961220318087	0.82609848229985
3.6929349347130	0.82559420392288
3.6897533292308	0.82508921517016
3.6865772011805	0.82458352598601
3.6834065364295	0.82407714631365
3.6802413208937	0.82357008609515
3.6770815405372	0.82306235527150
3.6739271813725	0.82255396378250
3.6707782294600	0.82204492156686
3.6676346709078	0.82153523856214
3.6644964918714	0.82102492470476
3.6613636785540	0.82051398993003
3.6582362172056	0.82000244417211
3.6551140941234	0.81949029736408
3.6519972956511	0.81897755943788
3.6488858081792	0.81846424032439
3.6457796181442	0.81795034995337
3.6426787120292	0.81743589825355
3.6395830763628	0.81692089515256
3.6364926977196	0.81640535057703
3.6334075627197	0.81588927445256
3.6303276580286	0.81537267670372
3.6272529703569	0.81485556725412
3.6241834864603	0.81433795602642
3.6211191931393	0.81381985294229
3.6180600772387	0.81330126792251
3.6150061256481	0.81278221088695
3.6119573253012	0.81226269175461
3.6089136631756	0.81174272044361
3.6058751262930	0.81122230687127
3.6028417017185	0.81070146095408
3.5998133765610	0.81018019260773
3.5967901379724	0.80965851174718
3.5937719731479	0.80913642828662
3.5907588693257	0.80861395213955
3.5877508137865	0.80809109321876
3.5847477938539	0.80756786143636
3.5817497968937	0.80704426670384
3.5787568103140	0.80652031893204
3.5757688215649	0.80599602803120
3.5727858181385	0.80547140391098
3.5698077875685	0.80494645648046
3.5668347174301	0.80442119564820
3.5638665953400	0.80389563132220
3.5609034089559	0.80336977340997
3.5579451459767	0.80284363181850
3.5549917941421	0.80231721645434
3.5520433412322	0.80179053722351
3.5490997750681	0.80126360403163
3.5461610835108	0.80073642678383
3.5432272544616	0.80020901538483
3.5402982758621	0.79968137973889
3.5373741356932	0.79915352974987
3.5344548219759	0.79862547532117
3.5315403227706	0.79809722635580
3.5286306261770	0.79756879275634
3.5257257203340	0.79704018442491
3.5228255934195	0.79651141126324
3.5199302336503	0.79598248317258
3.5170396292820	0.79545341005376
3.5141537686086	0.79492420180712
3.5112726399625	0.79439486833255
3.5083962317145	0.79386541952941
3.5055245322732	0.79333586529657
3.5026575300853	0.79280621553233
3.4997952136353	0.79227648013445
3.4969375714452	0.79174666900008
3.4940845920746	0.79121679202574
3.4912362641202	0.79068685910728
3.4883925762160	0.79015688013986
3.4855535170329	0.78962686501788
3.4827190752788	0.78909682363496
3.4798892396982	0.78856676588387
3.4770639990721	0.78803670165648
3.4742433422181	0.78750664084373
3.4714272579898	0.78697659333553
3.4686157352771	0.78644656902073
3.4658087630058	0.78591657778702
3.4630063301375	0.78538662952091
3.4602084256694	0.78485673410759
3.4574150386345	0.78432690143089
3.4546261581009	0.78379714137319
3.4518417731721	0.78326746381535
3.4490618729867	0.78273787863657
3.4462864467180	0.78220839571432
3.4435154835745	0.78167902492427
3.4407489727993	0.78114977614014
3.4379869036697	0.78062065923360
3.4352292654979	0.78009168407416
3.4324760476300	0.77956286052908
3.4297272394463	0.77903419846317
3.4269828303612	0.77850570773877
3.4242428098230	0.77797739821550
3.4215071673134	0.77744927975023
3.4187758923480	0.77692136219686
3.4160489744758	0.77639365540619
3.4133264032791	0.77586616922581
3.4106081683732	0.77533891349987
3.4078942594066	0.77481189806900
3.4051846660609	0.77428513277005
3.4024793780502	0.77375862743599
3.3997783851213	0.77323239189573
3.3970816770538	0.77270643597386
3.3943892436594	0.77218076949057
3.3917010747822	0.77165540226136
3.3890171602984	0.77113034409691
3.3863374901163	0.77060560480282
3.3836620541761	0.77008119417946
3.3809908424495	0.76955712202170
3.3783238449403	0.76903339811872
3.3756610516834	0.76851003225376
3.3730024527453	0.76798703420393
3.3703480382237	0.76746441373994
3.3676977982476	0.76694218062584
3.3650517229768	0.76642034461882
3.3624098026021	0.76589891546894
3.3597720273451	0.76537790291883
3.3571383874580	0.76485731670350
3.3545088732237	0.76433716655000
3.3518834749553	0.76381746217719
3.3492621829963	0.76329821329543
3.3466449877205	0.76277942960631
3.3440318795315	0.76226112080237
3.3414228488631	0.76174329656675
3.3388178861789	0.76122596657296
3.3362169819720	0.76070914048451
3.3336201267653	0.76019282795463
3.3310273111111	0.75967703862593
