#Parameters = {thARC=0; nARC=1.5; thsub=1; p=1; nSub=4.25}
#"Wavelength / um"	"T (715) [Real Part]"
#---------------------------------------
14.989622900000	0.61677983128671
14.937342202292	0.61681435216094
14.885424925521	0.61684786442625
14.833867293419	0.61688038241010
14.782665581854	0.61691192035926
14.731816117936	0.61694249243897
14.681315279138	0.61697211273210
14.631159492435	0.61700079523836
14.581345233463	0.61702855387344
14.531869025691	0.61705540246832
14.482727439614	0.61708135476844
14.433917091960	0.61710642443301
14.385434644914	0.61713062503429
14.337276805356	0.61715397005688
14.289440324118	0.61717647289706
14.241921995249	0.61719814686211
14.194718655303	0.61721900516973
14.147827182633	0.61723906094735
14.101244496707	0.61725832723160
14.054967557431	0.61727681696769
14.008993364486	0.61729454300888
13.963318956684	0.61731151811592
13.917941411328	0.61732775495653
13.872857843591	0.61734326610493
13.828065405904	0.61735806404133
13.783561287356	0.61737216115145
13.739342713107	0.61738556972613
13.695406943810	0.61739830196084
13.651751275046	0.61741036995532
13.608373036768	0.61742178571316
13.565269592760	0.61743256114144
13.522438340099	0.61744270805038
13.479876708633	0.61745223815298
13.437582160466	0.61746116306472
13.395552189455	0.61746949430325
13.353784320713	0.61747724328809
13.312276110124	0.61748442134039
13.271025143869	0.61749103968267
13.230029037952	0.61749710943855
13.189285437747	0.61750264163259
13.148792017544	0.61750764719001
13.108546480105	0.61751213693661
13.068546556234	0.61751612159847
13.028790004346	0.61751961180192
12.989274610052	0.61752261807331
12.949998185745	0.61752515083892
12.910958570198	0.61752722042487
12.872153628167	0.61752883705700
12.833581250000	0.61753001086080
12.795239351259	0.61753075186135
12.757125872340	0.61753106998326
12.719238778108	0.61753097505066
12.681576057530	0.61753047678716
12.644135723323	0.61752958481586
12.606915811606	0.61752830865933
12.569914381551	0.61752665773967
12.533129515050	0.61752464137852
12.496559316382	0.61752226879713
12.460201911887	0.61751954911641
12.424055449648	0.61751649135701
12.388118099174	0.61751310443940
12.352388051092	0.61750939718399
12.316863516845	0.61750537831124
12.281542728390	0.61750105644178
12.246423937908	0.61749644009655
12.211505417515	0.61749153769697
12.176785458976	0.61748635756510
12.142262373431	0.61748090792377
12.107934491115	0.61747519689686
12.073800161095	0.61746923250939
12.039857751004	0.61746302268784
12.006105646776	0.61745657526028
11.972542252396	0.61744989795666
11.939165989646	0.61744299840904
11.905975297855	0.61743588415182
11.872968633663	0.61742856262206
11.840144470774	0.61742104115970
11.807501299724	0.61741332700786
11.775037627651	0.61740542731317
11.742751978065	0.61739734912603
11.710642890625	0.61738909940095
11.678708920919	0.61738068499688
11.646948640249	0.61737211267752
11.615360635413	0.61736338911169
11.583943508501	0.61735452087367
11.552695876686	0.61734551444356
11.521616372022	0.61733637620766
11.490703641242	0.61732711245885
11.459956345566	0.61731772939694
11.429373160503	0.61730823312914
11.398952775665	0.61729862967039
11.368693894577	0.61728892494382
11.338595234493	0.61727912478114
11.308655526217	0.61726923492310
11.278873513920	0.61725926101989
11.249247954972	0.61724920863160
11.219777619760	0.61723908322868
11.190461291527	0.61722889019238
11.161297766195	0.61721863481520
11.132285852209	0.61720832230142
11.103424370370	0.61719795776751
11.074712153676	0.61718754624264
11.046148047163	0.61717709266918
11.017730907755	0.61716660190319
10.989459604106	0.61715607871491
10.961333016453	0.61714552778928
10.933350036470	0.61713495372647
10.905509567115	0.61712436104236
10.877810522496	0.61711375416910
10.850251827723	0.61710313745563
10.822832418773	0.61709251516820
10.795551242348	0.61708189149095
10.768407255747	0.61707127052640
10.741399426729	0.61706065629607
10.714526733381	0.61705005274097
10.687788163993	0.61703946372221
10.661182716927	0.61702889302151
10.634709400497	0.61701834434184
10.608367232838	0.61700782130794
10.582155241793	0.61699732746690
10.556072464789	0.61698686628878
10.530117948718	0.61697644116715
10.504290749825	0.61696605541971
10.478589933590	0.61695571228886
10.453014574616	0.61694541494231
10.427563756522	0.61693516647368
10.402236571825	0.61692496990309
10.377032121841	0.61691482817777
10.351949516575	0.61690474417270
10.326987874612	0.61689472069114
10.302146323024	0.61688476046536
10.277423997257	0.61687486615715
10.252820041040	0.61686504035849
10.228333606278	0.61685528559217
10.203963852961	0.61684560431242
10.179709949066	0.61683599890550
10.155571070461	0.61682647169039
10.131546400811	0.61681702491933
10.107635131490	0.61680766077856
10.083836461487	0.61679838138888
10.060149597315	0.61678918880628
10.036573752929	0.61678008502263
10.013108149633	0.61677107196630
9.9897520159947	0.61676215150276
9.9665045877660	0.61675332543528
9.9433651077944	0.61674459550553
9.9203328259431	0.61673596339425
9.8974069990096	0.61672743072186
9.8745868906456	0.61671899904915
9.8518717712783	0.61671066987790
9.8292609180328	0.61670244465153
9.8067536146549	0.61669432475575
9.7843491514360	0.61668631151920
9.7620468251384	0.61667840621411
9.7398459389214	0.61667061005696
9.7177458022690	0.61666292420908
9.6957457309185	0.61665534977736
9.6738450467893	0.61664788781485
9.6520430779137	0.61664053932145
9.6303391583681	0.61663330524453
9.6087326282051	0.61662618647959
9.5872228333866	0.61661918387091
9.5658091257179	0.61661229821218
9.5444908627826	0.61660553024718
9.5232674078780	0.61659888067040
9.5021381299525	0.61659235012772
9.4811024035421	0.61658593921699
9.4601596087094	0.61657964848877
9.4393091309824	0.61657347844687
9.4185503612944	0.61656742954908
9.3978826959248	0.61656150220779
9.3773055364404	0.61655569679058
9.3568182896380	0.61655001362093
9.3364203674868	0.61654445297882
9.3161111870727	0.61653901510139
9.2958901705426	0.61653370018355
9.2757567450495	0.61652850837865
9.2557103426984	0.61652343979906
9.2357504004929	0.61651849451686
9.2158763602828	0.61651367256446
9.1960876687117	0.61650897393518
9.1763837771656	0.61650439858394
9.1567641417227	0.61649994642785
9.1372282231027	0.61649561734684
9.1177754866180	0.61649141118429
9.0984054021244	0.61648732774764
9.0791174439733	0.61648336680900
9.0599110909640	0.61647952810579
9.0407858262967	0.61647581134134
9.0217411375263	0.61647221618550
9.0027765165165	0.61646874227523
8.9838914593947	0.61646538921526
8.9650854665072	0.61646215657863
8.9463580423754	0.61645904390734
8.9277086956522	0.61645605071293
8.9091369390788	0.61645317647706
8.8906422894425	0.61645042065214
8.8722242675348	0.61644778266190
8.8538823981099	0.61644526190197
8.8356162098438	0.61644285774049
8.8174252352941	0.61644056951868
8.7993090108600	0.61643839655142
8.7812670767428	0.61643633812781
8.7632989769073	0.61643439351179
8.7454042590432	0.61643256194266
8.7275824745269	0.61643084263568
8.7098331783847	0.61642923478262
8.6921559292549	0.61642773755236
8.6745502893519	0.61642635009137
8.6570158244297	0.61642507152434
8.6395521037464	0.61642390095471
8.6221587000288	0.61642283746519
8.6048351894374	0.61642188011836
8.5875811515325	0.61642102795715
8.5703961692396	0.61642028000544
8.5532798288160	0.61641963526854
8.5362317198178	0.61641909273377
8.5192514350668	0.61641865137095
8.5023385706183	0.61641831013294
8.4854927257288	0.61641806795619
8.4687135028249	0.61641792376119
8.4520005074711	0.61641787645303
8.4353533483399	0.61641792492194
8.4187716371806	0.61641806804370
8.4022549887892	0.61641830468025
8.3858030209790	0.61641863368012
8.3694153545505	0.61641905387893
8.3530916132627	0.61641956409993
8.3368314238042	0.61642016315442
8.3206344157646	0.61642084984227
8.3045002216066	0.61642162295241
8.2884284766381	0.61642248126327
8.2724188189845	0.61642342354328
8.2564708895621	0.61642444855132
8.2405843320506	0.61642555503720
8.2247587928669	0.61642674174209
8.2089939211391	0.61642800739900
8.1932893686800	0.61642935073323
8.1776447899618	0.61643077046280
8.1620598420909	0.61643226529890
8.1465341847826	0.61643383394632
8.1310674803363	0.61643547510390
8.1156593936113	0.61643718746497
8.1003095920022	0.61643896971771
8.0850177454153	0.61644082054565
8.0697835262450	0.61644273862803
8.0546066093498	0.61644472264027
8.0394866720300	0.61644677125429
8.0244233940043	0.61644888313900
8.0094164573871	0.61645105696064
7.9944655466667	0.61645329138322
7.9795703486825	0.61645558506887
7.9647305526036	0.61645793667823
7.9499458499072	0.61646034487088
7.9352159343568	0.61646280830563
7.9205405019815	0.61646532564098
7.9059192510549	0.61646789553543
7.8913518820742	0.61647051664786
7.8768380977404	0.61647318763789
7.8623776029373	0.61647590716624
7.8479701047120	0.61647867389505
7.8336153122550	0.61648148648827
7.8193129368805	0.61648434361195
7.8050626920073	0.61648724393464
7.7908642931393	0.61649018612763
7.7767174578470	0.61649316886538
7.7626219057483	0.61649619082574
7.7485773584906	0.61649925069036
7.7345835397317	0.61650234714494
7.7206401751223	0.61650547887954
7.7067469922879	0.61650864458892
7.6929037208109	0.61651184297282
7.6791100922131	0.61651507273625
7.6653658399386	0.61651833258976
7.6516706993364	0.61652162124976
7.6380244076433	0.61652493743880
7.6244267039674	0.61652827988581
7.6108773292714	0.61653164732640
7.5973760263558	0.61653503850310
7.5839225398432	0.61653845216567
7.5705166161616	0.61654188707130
7.5571580035291	0.61654534198489
7.5438464519376	0.61654881567930
7.5305817131374	0.61655230693559
7.5173635406219	0.61655581454325
7.5041916896120	0.61655933730044
7.4910659170415	0.61656287401420
7.4779859815415	0.61656642350073
7.4649516434263	0.61656998458553
7.4519626646781	0.61657355610368
7.4390188089330	0.61657713690003
7.4261198414664	0.61658072582939
7.4132655291790	0.61658432175675
7.4004556405826	0.61658792355745
7.3876899457861	0.61659153011744
7.3749682164822	0.61659514033337
7.3622902259332	0.61659875311285
7.3496557489581	0.61660236737459
7.3370645619187	0.61660598204860
7.3245164427071	0.61660959607633
7.3120111707317	0.61661320841085
7.2995485269053	0.61661681801702
7.2871282936315	0.61662042387164
7.2747502547925	0.61662402496357
7.2624141957364	0.61662762029394
7.2501199032648	0.61663120887624
7.2378671656205	0.61663478973646
7.2256557724753	0.61663836191327
7.2134855149182	0.61664192445811
7.2013561854432	0.61664547643530
7.1892675779376	0.61664901692221
7.1772194876706	0.61665254500935
7.1652117112811	0.61665605980047
7.1532440467669	0.61665956041268
7.1413162934731	0.61666304597658
7.1294282520809	0.61666651563629
7.1175797245964	0.61666996854963
7.1057705143399	0.61667340388814
7.0940004259347	0.61667682083721
7.0822692652965	0.61668021859615
7.0705768396226	0.61668359637825
7.0589229573817	0.61668695341089
7.0473074283028	0.61669028893557
7.0357300633654	0.61669360220802
7.0241906747891	0.61669689249821
7.0126890760234	0.61670015909046
7.0012250817375	0.61670340128345
6.9897985078107	0.61670661839032
6.9784091713222	0.61670980973864
6.9670568905415	0.61671297467053
6.9557414849188	0.61671611254265
6.9444627750753	0.61671922272627
6.9332205827937	0.61672230460725
6.9220147310090	0.61672535758612
6.9108450437990	0.61672838107806
6.8997113463751	0.61673137451295
6.8886134650735	0.61673433733536
6.8775512273457	0.61673726900459
6.8665244617499	0.61674016899465
6.8555329979419	0.61674303679428
6.8445766666667	0.61674587190694
6.8336552997493	0.61674867385081
6.8227687300865	0.61675144215881
6.8119167916383	0.61675417637853
6.8010993194192	0.61675687607227
6.7903161494904	0.61675954081701
6.7795671189507	0.61676217020437
6.7688520659291	0.61676476384062
6.7581708295762	0.61676732134660
6.7475232500563	0.61676984235775
6.7369091685393	0.61677232652403
6.7263284271932	0.61677477350992
6.7157808691756	0.61677718299433
6.7052663386267	0.61677955467060
6.6947846806610	0.61678188824645
6.6843357413601	0.61678418344391
6.6739193677649	0.61678643999925
6.6635354078684	0.61678865766298
6.6531837106081	0.61679083619974
6.6428641258586	0.61679297538828
6.6325765044248	0.61679507502135
6.6223206980340	0.61679713490565
6.6120965593295	0.61679915486178
6.6019039418630	0.61680113472412
6.5917427000879	0.61680307434082
6.5816126893524	0.61680497357366
6.5715137658922	0.61680683229797
6.5614457868243	0.61680865040260
6.5514086101399	0.61681042778977
6.5414020946978	0.61681216437502
6.5314261002179	0.61681386008711
6.5214804872743	0.61681551486789
6.5115651172893	0.61681712867226
6.5016798525266	0.61681870146802
6.4918245560849	0.61682023323580
6.4819990918919	0.61682172396893
6.4722033246978	0.61682317367336
6.4624371200690	0.61682458236751
6.4527003443823	0.61682595008221
6.4429928648184	0.61682727686053
6.4333145493562	0.61682856275772
6.4236652667667	0.61682980784104
6.4140448866068	0.61683101218968
6.4044532792138	0.61683217589459
6.3948903156997	0.61683329905842
6.3853558679446	0.61683438179534
6.3758498085921	0.61683542423092
6.3663720110427	0.61683642650202
6.3569223494487	0.61683738875665
6.3475006987084	0.61683831115382
6.3381069344609	0.61683919386341
6.3287409330800	0.61684003706606
6.3194025716695	0.61684084095297
6.3100917280572	0.61684160572584
6.3008082807902	0.61684233159665
6.2915521091291	0.61684301878756
6.2823230930427	0.61684366753075
6.2731211132036	0.61684427806828
6.2639460509820	0.61684485065194
6.2547977884415	0.61684538554309
6.2456762083333	0.61684588301250
6.2365811940919	0.61684634334024
6.2275126298297	0.61684676681548
6.2184704003319	0.61684715373635
6.2094543910522	0.61684750440979
6.2004644881075	0.61684781915138
6.1915005782734	0.61684809828521
6.1825625489792	0.61684834214367
6.1736502883031	0.61684855106733
6.1647636849681	0.61684872540477
6.1559026283368	0.61684886551239
6.1470670084068	0.61684897175430
6.1382567158067	0.61684904450210
6.1294716417910	0.61684908413474
6.1207116782360	0.61684909103836
6.1119767176351	0.61684906560611
6.1032666530945	0.61684900823797
6.0945813783289	0.61684891934062
6.0859207876573	0.61684879932725
6.0772847759984	0.61684864861737
6.0686732388664	0.61684846763666
6.0600860723671	0.61684825681681
6.0515231731934	0.61684801659534
6.0429844386212	0.61684774741541
6.0344697665056	0.61684744972567
6.0259790552764	0.61684712398007
6.0175122039342	0.61684677063772
6.0090691120465	0.61684639016268
6.0006496797438	0.61684598302381
5.9922538077154	0.61684554969457
5.9838813972056	0.61684509065290
5.9755323500100	0.61684460638097
5.9672065684713	0.61684409736508
5.9589039554760	0.61684356409544
5.9506244144502	0.61684300706602
5.9423678493558	0.61684242677436
5.9341341646873	0.61684182372141
5.9259232654675	0.61684119841136
5.9177350572444	0.61684055135142
5.9095694460871	0.61683988305174
5.9014263385827	0.61683919402514
5.8933056418321	0.61683848478700
5.8852072634472	0.61683775585506
5.8771311115468	0.61683700774926
5.8690770947533	0.61683624099156
5.8610451221896	0.61683545610580
5.8530351034752	0.61683465361746
5.8450469487229	0.61683383405356
5.8370805685358	0.61683299794248
5.8291358740035	0.61683214581374
5.8212127766990	0.61683127819790
5.8133111886756	0.61683039562634
5.8054310224632	0.61682949863112
5.7975721910656	0.61682858774481
5.7897346079567	0.61682766350032
5.7819181870781	0.61682672643074
5.7741228428351	0.61682577706917
5.7663484900942	0.61682481594857
5.7585950441798	0.61682384360157
5.7508624208709	0.61682286056034
5.7431505363985	0.61682186735643
5.7354593074421	0.61682086452057
5.7277886511272	0.61681985258257
5.7201384850219	0.61681883207112
5.7125087271341	0.61681780351363
5.7048992959087	0.61681676743612
5.6973101102242	0.61681572436303
5.6897410893908	0.61681467481707
5.6821921531463	0.61681361931907
5.6746632216544	0.61681255838785
5.6671542155009	0.61681149254004
5.6596650556919	0.61681042228995
5.6521956636501	0.61680934814943
5.6447459612126	0.61680827062772
5.6373158706281	0.61680719023127
5.6299053145540	0.61680610746366
5.6225142160540	0.61680502282543
5.6151424985952	0.61680393681393
5.6077900860456	0.61680284992317
5.6004569026714	0.61680176264376
5.5931428731343	0.61680067546266
5.5858479224893	0.61679958886314
5.5785719761816	0.61679850332462
5.5713149600446	0.61679741932252
5.5640768002970	0.61679633732815
5.5568574235403	0.61679525780857
5.5496567567568	0.61679418122650
5.5424747273063	0.61679310804015
5.5353112629247	0.61679203870312
5.5281662917204	0.61679097366428
5.5210397421731	0.61678991336765
5.5139315431304	0.61678885825229
5.5068416238060	0.61678780875219
5.4997699137773	0.61678676529611
5.4927163429828	0.61678572830753
5.4856808417200	0.61678469820452
5.4786633406433	0.61678367539961
5.4716637707611	0.61678266029973
5.4646820634342	0.61678165330605
5.4577181503732	0.61678065481392
5.4507719636364	0.61677966521277
5.4438434356274	0.61677868488598
5.4369324990932	0.61677771421083
5.4300390871219	0.61677675355835
5.4231631331404	0.61677580329328
5.4163045709124	0.61677486377397
5.4094633345363	0.61677393535226
5.4026393584430	0.61677301837343
5.3958325773938	0.61677211317611
5.3890429264785	0.61677122009217
5.3822703411131	0.61677033944669
5.3755147570378	0.61676947155784
5.3687761103152	0.61676861673684
5.3620543373278	0.61676777528784
5.3553493747767	0.61676694750790
5.3486611596789	0.61676613368690
5.3419896293656	0.61676533410747
5.3353347214807	0.61676454904493
5.3286963739780	0.61676377876723
5.3220745251198	0.61676302353489
5.3154691134752	0.61676228360093
5.3088800779175	0.61676155921084
5.3023073576229	0.61676085060251
5.2957508920685	0.61676015800619
5.2892106210303	0.61675948164441
5.2826864845815	0.61675882173199
5.2761784230905	0.61675817847595
5.2696863772192	0.61675755207548
5.2632102879213	0.61675694272191
5.2567500964405	0.61675635059866
5.2503057443082	0.61675577588122
5.2438771733427	0.61675521873711
5.2374643256464	0.61675467932585
5.2310671436050	0.61675415779892
5.2246855698850	0.61675365429977
5.2183195474326	0.61675316896375
5.2119690194715	0.61675270191814
5.2056339295016	0.61675225328206
5.1993142212973	0.61675182316656
5.1930098389052	0.61675141167449
5.1867207266436	0.61675101890057
5.1804468290997	0.61675064493135
5.1741880911288	0.61675028984520
5.1679444578521	0.61674995371232
5.1617158746556	0.61674963659473
5.1555022871883	0.61674933854627
5.1493036413604	0.61674905961259
5.1431198833419	0.61674879983118
5.1369509595613	0.61674855923137
5.1307968167037	0.61674833783431
5.1246574017094	0.61674813565303
5.1185326617722	0.61674795269242
5.1124225443383	0.61674778894925
5.1063269971044	0.61674764441219
5.1002459680163	0.61674751906185
5.0941794052676	0.61674741287077
5.0881272572980	0.61674732580349
5.0820894727920	0.61674725781650
5.0760660006773	0.61674720885838
5.0700567901235	0.61674717886972
5.0640617905405	0.61674716778325
5.0580809515775	0.61674717552379
5.0521142231210	0.61674720200836
5.0461615552937	0.61674724714618
5.0402228984533	0.61674731083873
5.0342982031906	0.61674739297980
5.0283874203287	0.61674749345550
5.0224905009214	0.61674761214437
5.0166073962517	0.61674774891737
5.0107380578305	0.61674790363799
5.0048824373957	0.61674807616225
4.9990404869101	0.61674826633881
4.9932121585610	0.61674847400900
4.9873974047579	0.61674869900689
4.9815961781323	0.61674894115936
4.9758084315353	0.61674920028614
4.9700341180371	0.61674947619992
4.9642731909256	0.61674976870640
4.9585256037049	0.61675007760435
4.9527913100942	0.61675040268569
4.9470702640264	0.61675074373560
4.9413624196473	0.61675110053254
4.9356677313138	0.61675147284839
4.9299861535932	0.61675186044849
4.9243176412615	0.61675226309173
4.9186621493027	0.61675268053066
4.9130196329072	0.61675311251155
4.9073900474709	0.61675355877450
4.9017733485939	0.61675401905352
4.8961694920790	0.61675449307664
4.8905784339315	0.61675498056596
4.8850001303569	0.61675548123780
4.8794345377604	0.61675599480279
4.8738816127459	0.61675652096594
4.8683413121143	0.61675705942676
4.8628135928629	0.61675760987937
4.8572984121841	0.61675817201261
4.8517957274640	0.61675874551010
4.8463054962819	0.61675933005043
4.8408276764088	0.61675992530721
4.8353622258065	0.61676053094917
4.8299091026261	0.61676114664034
4.8244682652076	0.61676177204010
4.8190396720784	0.61676240680333
4.8136232819525	0.61676305058053
4.8082190537289	0.61676370301791
4.8028269464915	0.61676436375753
4.7974469195071	0.61676503243744
4.7920789322251	0.61676570869176
4.7867229442759	0.61676639215085
4.7813789154705	0.61676708244140
4.7760468057989	0.61676777918658
4.7707265754297	0.61676848200615
4.7654181847083	0.61676919051662
4.7601215941569	0.61676990433135
4.7548367644726	0.61677062306068
4.7495636565272	0.61677134631209
4.7443022313657	0.61677207369032
4.7390524502055	0.61677280479749
4.7338142744355	0.61677353923328
4.7285876656151	0.61677427659500
4.7233725854735	0.61677501647781
4.7181689959081	0.61677575847477
4.7129768589844	0.61677650217706
4.7077961369347	0.61677724717407
4.7026267921569	0.61677799305356
4.6974687872140	0.61677873940180
4.6923220848333	0.61677948580372
4.6871866479049	0.61678023184304
4.6820624394815	0.61678097710243
4.6769494227769	0.61678172116363
4.6718475611657	0.61678246360763
4.6667568181818	0.61678320401480
4.6616771575183	0.61678394196503
4.6566085430258	0.61678467703788
4.6515509387122	0.61678540881274
4.6465043087415	0.61678613686898
4.6414686174330	0.61678686078607
4.6364438292607	0.61678758014377
4.6314299088522	0.61678829452224
4.6264268209877	0.61678900350222
4.6214345305997	0.61678970666517
4.6164530027718	0.61679040359343
4.6114822027380	0.61679109387033
4.6065220958820	0.61679177708041
4.6015726477360	0.61679245280951
4.5966338239804	0.61679312064494
4.5917055904426	0.61679378017566
4.5867879130967	0.61679443099238
4.5818807580621	0.61679507268775
4.5769840916031	0.61679570485651
4.5720978801281	0.61679632709561
4.5672220901889	0.61679693900439
4.5623566884797	0.61679754018473
4.5575016418364	0.61679813024117
4.5526569172361	0.61679870878111
4.5478224817961	0.61679927541491
4.5429983027731	0.61679982975608
4.5381843475628	0.61680037142140
4.5333805836988	0.61680090003109
4.5285869788520	0.61680141520894
4.5238035008299	0.61680191658246
4.5190301175761	0.61680240378307
4.5142667971691	0.61680287644617
4.5095135078219	0.61680333421134
4.5047702178813	0.61680377672250
4.5000368958271	0.61680420362799
4.4953135102714	0.61680461458077
4.4906000299581	0.61680500923855
4.4858964237618	0.61680538726393
4.4812026606876	0.61680574832453
4.4765187098701	0.61680609209314
4.4718445405728	0.61680641824789
4.4671801221875	0.61680672647232
4.4625254242334	0.61680701645559
4.4578804163569	0.61680728789258
4.4532450683304	0.61680754048402
4.4486193500519	0.61680777393664
4.4440032315446	0.61680798796332
4.4393966829557	0.61680818228317
4.4347996745562	0.61680835662173
4.4302121767401	0.61680851071104
4.4256341600236	0.61680864428981
4.4210655950450	0.61680875710350
4.4165064525633	0.61680884890452
4.4119567034584	0.61680891945228
4.4074163187298	0.61680896851334
4.4028852694963	0.61680899586157
4.3983635269953	0.61680900127819
4.3938510625824	0.61680898455196
4.3893478477306	0.61680894547927
4.3848538540295	0.61680888386425
4.3803690531853	0.61680879951889
4.3758934170194	0.61680869226314
4.3714269174686	0.61680856192504
4.3669695265841	0.61680840834081
4.3625212165309	0.61680823135497
4.3580819595871	0.61680803082044
4.3536517281441	0.61680780659862
4.3492304947048	0.61680755855954
4.3448182318841	0.61680728658189
4.3404149124077	0.61680699055319
4.3360205091119	0.61680667036982
4.3316349949429	0.61680632593716
4.3272583429561	0.61680595716963
4.3228905263158	0.61680556399084
4.3185315182944	0.61680514633361
4.3141812922723	0.61680470414011
4.3098398217366	0.61680423736190
4.3055070802815	0.61680374596002
4.3011830416069	0.61680322990508
4.2968676795184	0.61680268917730
4.2925609679267	0.61680212376661
4.2882628808468	0.61680153367274
4.2839733923978	0.61680091890520
4.2796924768023	0.61680027948344
4.2754201083856	0.61679961543686
4.2711562615757	0.61679892680486
4.2669009109024	0.61679821363693
4.2626540309967	0.61679747599268
4.2584155965909	0.61679671394189
4.2541855825174	0.61679592756455
4.2499639637085	0.61679511695094
4.2457507151961	0.61679428220161
4.2415458121109	0.61679342342748
4.2373492296820	0.61679254074983
4.2331609432364	0.61679163430037
4.2289809281986	0.61679070422123
4.2248091600902	0.61678975066501
4.2206456145291	0.61678877379481
4.2164902672293	0.61678777378422
4.2123430940003	0.61678675081737
4.2082040707468	0.61678570508890
4.2040731734680	0.61678463680405
4.1999503782572	0.61678354617856
4.1958356613016	0.61678243343876
4.1917289988814	0.61678129882155
4.1876303673697	0.61678014257435
4.1835397432319	0.61677896495517
4.1794571030252	0.61677776623254
4.1753824233983	0.61677654668552
4.1713156810909	0.61677530660370
4.1672568529330	0.61677404628713
4.1632059158450	0.61677276604637
4.1591628468368	0.61677146620238
4.1551276230076	0.61677014708657
4.1511002215453	0.61676880904070
4.1470806197261	0.61676745241689
4.1430687949143	0.61676607757756
4.1390647245616	0.61676468489535
4.1350683862069	0.61676327475316
4.1310797574755	0.61676184754400
4.1270988160793	0.61676040367100
4.1231255398157	0.61675894354732
4.1191599065677	0.61675746759609
4.1152018943034	0.61675597625037
4.1112514810752	0.61675446995302
4.1073086450199	0.61675294915668
4.1033733643581	0.61675141432369
4.0994456173937	0.61674986592595
4.0955253825137	0.61674830444491
4.0916126381875	0.61674673037142
4.0877073629670	0.61674514420566
4.0838095354856	0.61674354645704
4.0799191344584	0.61674193764410
4.0760361386812	0.61674031829441
4.0721605270307	0.61673868894442
4.0682922784638	0.61673705013940
4.0644313720174	0.61673540243329
4.0605777868075	0.61673374638857
4.0567315020298	0.61673208257617
4.0528924969582	0.61673041157530
4.0490607509454	0.61672873397333
4.0452362434219	0.61672705036566
4.0414189538959	0.61672536135555
4.0376088619529	0.61672366755401
4.0338059472551	0.61672196957962
4.0300101895416	0.61672026805838
4.0262215686274	0.61671856362356
4.0224400644036	0.61671685691552
4.0186656568365	0.61671514858155
4.0148983259676	0.61671343927571
4.0111380519133	0.61671172965862
4.0073848148643	0.61671002039731
4.0036385950855	0.61670831216502
3.9998993729153	0.61670660564101
3.9961671287657	0.61670490151038
3.9924418431216	0.61670320046384
3.9887234965407	0.61670150319754
3.9850120696531	0.61669981041285
3.9813075431607	0.61669812281615
3.9776098978373	0.61669644111861
3.9739191145281	0.61669476603597
3.9702351741491	0.61669309828832
3.9665580576872	0.61669143859989
3.9628877461996	0.61668978769876
3.9592242208135	0.61668814631668
3.9555674627260	0.61668651518883
3.9519174532033	0.61668489505350
3.9482741735809	0.61668328665194
3.9446376052632	0.61668169072803
3.9410077297226	0.61668010802806
3.9373845285001	0.61667853930044
3.9337679832043	0.61667698529547
3.9301580755113	0.61667544676503
3.9265547871644	0.61667392446231
3.9229580999738	0.61667241914156
3.9193679958164	0.61667093155776
3.9157844566353	0.61666946246636
3.9122074644395	0.61666801262299
3.9086370013038	0.61666658278315
3.9050730493682	0.61666517370189
3.9015155908381	0.61666378613354
3.8979646079834	0.61666242083138
3.8944200831385	0.61666107854733
3.8908819987021	0.61665976003160
3.8873503371369	0.61665846603244
3.8838250809690	0.61665719729572
3.8803062127880	0.61665595456467
3.8767937152463	0.61665473857952
3.8732875710594	0.61665355007713
3.8697877630050	0.61665238979070
3.8662942739231	0.61665125844937
3.8628070867156	0.61665015677791
3.8593261843460	0.61664908549632
3.8558515498392	0.61664804531951
3.8523831662812	0.61664703695691
3.8489210168186	0.61664606111209
3.8454650846588	0.61664511848242
3.8420153530693	0.61664420975866
3.8385718053777	0.61664333562460
3.8351344249712	0.61664249675665
3.8317031952965	0.61664169382350
3.8282780998595	0.61664092748564
3.8248591222251	0.61664019839506
3.8214462460166	0.61663950719478
3.8180394549159	0.61663885451845
3.8146387326632	0.61663824098998
3.8112440630562	0.61663766722310
3.8078554299505	0.61663713382092
3.8044728172589	0.61663664137555
3.8010962089514	0.61663619046766
3.7977255890550	0.61663578166604
3.7943609416530	0.61663541552717
3.7910022508852	0.61663509259480
3.7876495009476	0.61663481339949
3.7843026760919	0.61663457845818
3.7809617606256	0.61663438827373
3.7776267389113	0.61663424333447
3.7742975953670	0.61663414411377
3.7709743144654	0.61663409106953
3.7676568807339	0.61663408464379
3.7643452787544	0.61663412526220
3.7610394931627	0.61663421333356
3.7577395086488	0.61663434924940
3.7544453099562	0.61663453338345
3.7511568818819	0.61663476609116
3.7478742092762	0.61663504770927
3.7445972770422	0.61663537855527
3.7413260701360	0.61663575892694
3.7380605735661	0.61663618910183
3.7348007723932	0.61663666933682
3.7315466517301	0.61663719986756
3.7282981967417	0.61663778090799
3.7250553926441	0.61663841264986
3.7218182247052	0.61663909526219
3.7185866782436	0.61663982889078
3.7153607386293	0.61664061365768
3.7121403912828	0.61664144966069
3.7089256216751	0.61664233697282
3.7057164153276	0.61664327564181
3.7025127578115	0.61664426568955
3.6993146347483	0.61664530711159
3.6961220318087	0.61664639987661
3.6929349347130	0.61664754392586
3.6897533292308	0.61664873917265
3.6865772011805	0.61664998550182
3.6834065364295	0.61665128276917
3.6802413208937	0.61665263080094
3.6770815405372	0.61665402939326
3.6739271813725	0.61665547831159
3.6707782294600	0.61665697729020
3.6676346709078	0.61665852603160
3.6644964918714	0.61666012420598
3.6613636785540	0.61666177145068
3.6582362172056	0.61666346736961
3.6551140941234	0.61666521153268
3.6519972956511	0.61666700347528
3.6488858081792	0.61666884269768
3.6457796181442	0.61667072866450
3.6426787120292	0.61667266080409
3.6395830763628	0.61667463850802
3.6364926977196	0.61667666113048
3.6334075627197	0.61667872798772
3.6303276580286	0.61668083835745
3.6272529703569	0.61668299147832
3.6241834864603	0.61668518654929
3.6211191931393	0.61668742272908
3.6180600772387	0.61668969913560
3.6150061256481	0.61669201484537
3.6119573253012	0.61669436889290
3.6089136631756	0.61669676027016
3.6058751262930	0.61669918792600
3.6028417017185	0.61670165076552
3.5998133765610	0.61670414764952
3.5967901379724	0.61670667739393
3.5937719731479	0.61670923876917
3.5907588693257	0.61671183049966
3.5877508137865	0.61671445126312
3.5847477938539	0.61671709969009
3.5817497968937	0.61671977436326
3.5787568103140	0.61672247381696
3.5757688215649	0.61672519653649
3.5727858181385	0.61672794095763
3.5698077875685	0.61673070546597
3.5668347174301	0.61673348839637
3.5638665953400	0.61673628803235
3.5609034089559	0.61673910260555
3.5579451459767	0.61674193029509
3.5549917941421	0.61674476922700
3.5520433412322	0.61674761747367
3.5490997750681	0.61675047305324
3.5461610835108	0.61675333392899
3.5432272544616	0.61675619800883
3.5402982758621	0.61675906314466
3.5373741356932	0.61676192713180
3.5344548219759	0.61676478770845
3.5315403227706	0.61676764255505
3.5286306261770	0.61677048929375
3.5257257203340	0.61677332548785
3.5228255934195	0.61677614864118
3.5199302336503	0.61677895619753
3.5170396292820	0.61678174554014
3.5141537686086	0.61678451399108
3.5112726399625	0.61678725881069
3.5083962317145	0.61678997719703
3.5055245322732	0.61679266628531
3.5026575300853	0.61679532314734
3.4997952136353	0.61679794479096
3.4969375714452	0.61680052815950
3.4940845920746	0.61680307013121
3.4912362641202	0.61680556751874
3.4883925762160	0.61680801706855
3.4855535170329	0.61681041546040
3.4827190752788	0.61681275930681
3.4798892396982	0.61681504515249
3.4770639990721	0.61681726947387
3.4742433422181	0.61681942867848
3.4714272579898	0.61682151910450
3.4686157352771	0.61682353702018
3.4658087630058	0.61682547862339
3.4630063301375	0.61682734004100
3.4602084256694	0.61682911732848
3.4574150386345	0.61683080646930
3.4546261581009	0.61683240337448
3.4518417731721	0.61683390388207
3.4490618729867	0.61683530375666
3.4462864467180	0.61683659868888
3.4435154835745	0.61683778429493
3.4407489727993	0.61683885611607
3.4379869036697	0.61683980961818
3.4352292654979	0.61684064019126
3.4324760476300	0.61684134314896
3.4297272394463	0.61684191372815
3.4269828303612	0.61684234708844
3.4242428098230	0.61684263831173
3.4215071673134	0.61684278240176
3.4187758923480	0.61684277428369
3.4160489744758	0.61684260880367
3.4133264032791	0.61684228072837
3.4106081683732	0.61684178474462
3.4078942594066	0.61684111545893
3.4051846660609	0.61684026739715
3.4024793780502	0.61683923500402
3.3997783851213	0.61683801264279
3.3970816770538	0.61683659459483
3.3943892436594	0.61683497505926
3.3917010747822	0.61683314815256
3.3890171602984	0.61683110790822
3.3863374901163	0.61682884827636
3.3836620541761	0.61682636312342
3.3809908424495	0.61682364623175
3.3783238449403	0.61682069129934
3.3756610516834	0.61681749193947
3.3730024527453	0.61681404168036
3.3703480382237	0.61681033396490
3.3676977982476	0.61680636215034
3.3650517229768	0.61680211950798
3.3624098026021	0.61679759922288
3.3597720273451	0.61679279439363
3.3571383874580	0.61678769803202
3.3545088732237	0.61678230306282
3.3518834749553	0.61677660232352
3.3492621829963	0.61677058856411
3.3466449877205	0.61676425444681
3.3440318795315	0.61675759254588
3.3414228488631	0.61675059534743
3.3388178861789	0.61674325524915
3.3362169819720	0.61673556456019
3.3336201267653	0.61672751550097
3.3310273111111	0.61671910020296
