#Parameters = {thARC=0.4; nARC=1.25; thsub=1; p=1; nSub=4.25}
#"Wavelength / um"	"T (711) [Real Part]"
#---------------------------------------
14.989622900000	0.62258739584360
14.937342202292	0.62268179219872
14.885424925521	0.62277471909554
14.833867293419	0.62286619865501
14.782665581854	0.62295625291516
14.731816117936	0.62304490382871
14.681315279138	0.62313217326080
14.631159492435	0.62321808298665
14.581345233463	0.62330265468936
14.531869025691	0.62338590995768
14.482727439614	0.62346787028385
14.433917091960	0.62354855706150
14.385434644914	0.62362799158352
14.337276805356	0.62370619504003
14.289440324118	0.62378318851638
14.241921995249	0.62385899299119
14.194718655303	0.62393362933437
14.147827182633	0.62400711830530
14.101244496707	0.62407948055092
14.054967557431	0.62415073660394
14.008993364486	0.62422090688107
13.963318956684	0.62429001168130
13.917941411328	0.62435807118414
13.872857843591	0.62442510544804
13.828065405904	0.62449113440875
13.783561287356	0.62455617787770
13.739342713107	0.62462025554050
13.695406943810	0.62468338695543
13.651751275046	0.62474559155198
13.608373036768	0.62480688862939
13.565269592760	0.62486729735531
13.522438340099	0.62492683676442
13.479876708633	0.62498552575710
13.437582160466	0.62504338309820
13.395552189455	0.62510042741577
13.353784320713	0.62515667719987
13.312276110124	0.62521215080138
13.271025143869	0.62526686643091
13.230029037952	0.62532084215770
13.189285437747	0.62537409590852
13.148792017544	0.62542664546672
13.108546480105	0.62547850847118
13.068546556234	0.62552970241542
13.028790004346	0.62558024464664
12.989274610052	0.62563015236487
12.949998185745	0.62567944262210
12.910958570198	0.62572813232152
12.872153628167	0.62577623821669
12.833581250000	0.62582377691082
12.795239351259	0.62587076485607
12.757125872340	0.62591721835289
12.719238778108	0.62596315354933
12.681576057530	0.62600858644049
12.644135723323	0.62605353286790
12.606915811606	0.62609800851902
12.569914381551	0.62614202892667
12.533129515050	0.62618560946862
12.496559316382	0.62622876536708
12.460201911887	0.62627151168833
12.424055449648	0.62631386334230
12.388118099174	0.62635583508225
12.352388051092	0.62639744150441
12.316863516845	0.62643869704769
12.281542728390	0.62647961599345
12.246423937908	0.62652021246521
12.211505417515	0.62656050042848
12.176785458976	0.62660049369056
12.142262373431	0.62664020590041
12.107934491115	0.62667965054850
12.073800161095	0.62671884096674
12.039857751004	0.62675779032839
12.006105646776	0.62679651164803
11.972542252396	0.62683501778155
11.939165989646	0.62687332142614
11.905975297855	0.62691143512036
11.872968633663	0.62694937124416
11.840144470774	0.62698714201902
11.807501299724	0.62702475950800
11.775037627651	0.62706223561594
11.742751978065	0.62709958208958
11.710642890625	0.62713681051777
11.678708920919	0.62717393233166
11.646948640249	0.62721095880494
11.615360635413	0.62724790105410
11.583943508501	0.62728477003870
11.552695876686	0.62732157656169
11.521616372022	0.62735833126968
11.490703641242	0.62739504465336
11.459956345566	0.62743172704780
11.429373160503	0.62746838863287
11.398952775665	0.62750503943365
11.368693894577	0.62754168932081
11.338595234493	0.62757834801112
11.308655526217	0.62761502506787
11.278873513920	0.62765172990140
11.249247954972	0.62768847176954
11.219777619760	0.62772525977819
11.190461291527	0.62776210288184
11.161297766195	0.62779900988414
11.132285852209	0.62783598943845
11.103424370370	0.62787305004846
11.074712153676	0.62791020006881
11.046148047163	0.62794744770569
11.017730907755	0.62798480101750
10.989459604106	0.62802226791550
10.961333016453	0.62805985616452
10.933350036470	0.62809757338360
10.905509567115	0.62813542704675
10.877810522496	0.62817342448363
10.850251827723	0.62821157288033
10.822832418773	0.62824987928007
10.795551242348	0.62828835058401
10.768407255747	0.62832699355201
10.741399426729	0.62836581480340
10.714526733381	0.62840482081786
10.687788163993	0.62844401793613
10.661182716927	0.62848341236095
10.634709400497	0.62852301015782
10.608367232838	0.62856281725591
10.582155241793	0.62860283944888
10.556072464789	0.62864308239581
10.530117948718	0.62868355162205
10.504290749825	0.62872425252014
10.478589933590	0.62876519035070
10.453014574616	0.62880637024340
10.427563756522	0.62884779719783
10.402236571825	0.62888947608447
10.377032121841	0.62893141164567
10.351949516575	0.62897360849655
10.326987874612	0.62901607112601
10.302146323024	0.62905880389772
10.277423997257	0.62910181105106
10.252820041040	0.62914509670216
10.228333606278	0.62918866484486
10.203963852961	0.62923251935178
10.179709949066	0.62927666397528
10.155571070461	0.62932110234852
10.131546400811	0.62936583798646
10.107635131490	0.62941087428697
10.083836461487	0.62945621453177
10.060149597315	0.62950186188759
10.036573752929	0.62954781940715
10.013108149633	0.62959409003028
9.9897520159947	0.62964067658494
9.9665045877660	0.62968758178833
9.9433651077944	0.62973480824796
9.9203328259431	0.62978235846276
9.8974069990096	0.62983023482413
9.8745868906456	0.62987843961704
9.8518717712783	0.62992697502118
9.8292609180328	0.62997584311201
9.8067536146549	0.63002504586188
9.7843491514360	0.63007458514116
9.7620468251384	0.63012446271936
9.7398459389214	0.63017468026620
9.7177458022690	0.63022523935278
9.6957457309185	0.63027614145271
9.6738450467893	0.63032738794319
9.6520430779137	0.63037898010619
9.6303391583681	0.63043091912954
9.6087326282051	0.63048320610811
9.5872228333866	0.63053584204490
9.5658091257179	0.63058882785222
9.5444908627826	0.63064216435280
9.5232674078780	0.63069585228096
9.5021381299525	0.63074989228371
9.4811024035421	0.63080428492196
9.4601596087094	0.63085903067160
9.4393091309824	0.63091412992467
9.4185503612944	0.63096958299052
9.3978826959248	0.63102539009696
9.3773055364404	0.63108155139136
9.3568182896380	0.63113806694186
9.3364203674868	0.63119493673848
9.3161111870727	0.63125216069427
9.2958901705426	0.63130973864646
9.2757567450495	0.63136767035763
9.2557103426984	0.63142595551681
9.2357504004929	0.63148459374065
9.2158763602828	0.63154358457458
9.1960876687117	0.63160292749392
9.1763837771656	0.63166262190504
9.1567641417227	0.63172266714649
9.1372282231027	0.63178306249015
9.1177754866180	0.63184380714236
9.0984054021244	0.63190490024504
9.0791174439733	0.63196634087685
9.0599110909640	0.63202812805430
9.0407858262967	0.63209026073289
9.0217411375263	0.63215273780823
9.0027765165165	0.63221555811716
8.9838914593947	0.63227872043886
8.9650854665072	0.63234222349601
8.9463580423754	0.63240606595584
8.9277086956522	0.63247024643129
8.9091369390788	0.63253476348212
8.8906422894425	0.63259961561597
8.8722242675348	0.63266480128950
8.8538823981099	0.63273031890950
8.8356162098438	0.63279616683392
8.8174252352941	0.63286234337303
8.7993090108600	0.63292884679047
8.7812670767428	0.63299567530433
8.7632989769073	0.63306282708825
8.7454042590432	0.63313030027246
8.7275824745269	0.63319809294490
8.7098331783847	0.63326620315223
8.6921559292549	0.63333462890092
8.6745502893519	0.63340336815830
8.6570158244297	0.63347241885360
8.6395521037464	0.63354177887902
8.6221587000288	0.63361144609074
8.6048351894374	0.63368141830998
8.5875811515325	0.63375169332402
8.5703961692396	0.63382226888721
8.5532798288160	0.63389314272202
8.5362317198178	0.63396431252003
8.5192514350668	0.63403577594294
8.5023385706183	0.63410753062357
8.4854927257288	0.63417957416689
8.4687135028249	0.63425190415096
8.4520005074711	0.63432451812793
8.4353533483399	0.63439741362504
8.4187716371806	0.63447058814558
8.4022549887892	0.63454403916984
8.3858030209790	0.63461776415608
8.3694153545505	0.63469176054150
8.3530916132627	0.63476602574315
8.3368314238042	0.63484055715891
8.3206344157646	0.63491535216837
8.3045002216066	0.63499040813384
8.2884284766381	0.63506572240116
8.2724188189845	0.63514129230070
8.2564708895621	0.63521711514824
8.2405843320506	0.63529318824585
8.2247587928669	0.63536950888278
8.2089939211391	0.63544607433640
8.1932893686800	0.63552288187298
8.1776447899618	0.63559992874864
8.1620598420909	0.63567721221018
8.1465341847826	0.63575472949594
8.1310674803363	0.63583247783663
8.1156593936113	0.63591045445619
8.1003095920022	0.63598865657262
8.0850177454153	0.63606708139876
8.0697835262450	0.63614572614319
8.0546066093498	0.63622458801095
8.0394866720300	0.63630366420438
8.0244233940043	0.63638295192393
8.0094164573871	0.63646244836890
7.9944655466667	0.63654215073823
7.9795703486825	0.63662205623129
7.9647305526036	0.63670216204861
7.9499458499072	0.63678246539263
7.9352159343568	0.63686296346849
7.9205405019815	0.63694365348468
7.9059192510549	0.63702453265383
7.8913518820742	0.63710559819341
7.8768380977404	0.63718684732643
7.8623776029373	0.63726827728214
7.8479701047120	0.63734988529674
7.8336153122550	0.63743166861401
7.8193129368805	0.63751362448606
7.8050626920073	0.63759575017393
7.7908642931393	0.63767804294827
7.7767174578470	0.63776050009000
7.7626219057483	0.63784311889091
7.7485773584906	0.63792589665434
7.7345835397317	0.63800883069574
7.7206401751223	0.63809191834334
7.7067469922879	0.63817515693871
7.6929037208109	0.63825854383739
7.6791100922131	0.63834207640941
7.6653658399386	0.63842575203995
7.6516706993364	0.63850956812984
7.6380244076433	0.63859352209613
7.6244267039674	0.63867761137268
7.6108773292714	0.63876183341062
7.5973760263558	0.63884618567896
7.5839225398432	0.63893066566506
7.5705166161616	0.63901527087513
7.5571580035291	0.63909999883479
7.5438464519376	0.63918484708951
7.5305817131374	0.63926981320511
7.5173635406219	0.63935489476822
7.5041916896120	0.63944008938677
7.4910659170415	0.63952539469042
7.4779859815415	0.63961080833103
7.4649516434263	0.63969632798306
7.4519626646781	0.63978195134404
7.4390188089330	0.63986767613494
7.4261198414664	0.63995350010062
7.4132655291790	0.64003942101021
7.4004556405826	0.64012543665748
7.3876899457861	0.64021154486127
7.3749682164822	0.64029774346580
7.3622902259332	0.64038403034108
7.3496557489581	0.64047040338322
7.3370645619187	0.64055686051483
7.3245164427071	0.64064339968528
7.3120111707317	0.64073001887107
7.2995485269053	0.64081671607614
7.2871282936315	0.64090348933217
7.2747502547925	0.64099033669887
7.2624141957364	0.64107725626426
7.2501199032648	0.64116424614497
7.2378671656205	0.64125130448649
7.2256557724753	0.64133842946342
7.2134855149182	0.64142561927976
7.2013561854432	0.64151287216910
7.1892675779376	0.64160018639487
7.1772194876706	0.64168756025057
7.1652117112811	0.64177499205997
7.1532440467669	0.64186248017732
7.1413162934731	0.64195002298754
7.1294282520809	0.64203761890642
7.1175797245964	0.64212526638077
7.1057705143399	0.64221296388859
7.0940004259347	0.64230070993927
7.0822692652965	0.64238850307366
7.0705768396226	0.64247634186429
7.0589229573817	0.64256422491545
7.0473074283028	0.64265215086335
7.0357300633654	0.64274011837618
7.0241906747891	0.64282812615428
7.0126890760234	0.64291617293018
7.0012250817375	0.64300425746870
6.9897985078107	0.64309237856707
6.9784091713222	0.64318053505494
6.9670568905415	0.64326872579447
6.9557414849188	0.64335694968041
6.9444627750753	0.64344520564007
6.9332205827937	0.64353349263344
6.9220147310090	0.64362180965315
6.9108450437990	0.64371015572453
6.8997113463751	0.64379852990561
6.8886134650735	0.64388693128711
6.8775512273457	0.64397535899244
6.8665244617499	0.64406381217771
6.8555329979419	0.64415229003167
6.8445766666667	0.64424079177570
6.8336552997493	0.64432931666378
6.8227687300865	0.64441786398242
6.8119167916383	0.64450643305062
6.8010993194192	0.64459502321983
6.7903161494904	0.64468363387382
6.7795671189507	0.64477226442868
6.7688520659291	0.64486091433268
6.7581708295762	0.64494958306619
6.7475232500563	0.64503827014160
6.7369091685393	0.64512697510317
6.7263284271932	0.64521569752699
6.7157808691756	0.64530443702077
6.7052663386267	0.64539319322377
6.6947846806610	0.64548196580666
6.6843357413601	0.64557075447133
6.6739193677649	0.64565955895082
6.6635354078684	0.64574837900908
6.6531837106081	0.64583721444086
6.6428641258586	0.64592606507153
6.6325765044248	0.64601493075688
6.6223206980340	0.64610381138296
6.6120965593295	0.64619270686588
6.6019039418630	0.64628161715163
6.5917427000879	0.64637054221584
6.5816126893524	0.64645948206361
6.5715137658922	0.64654843672926
6.5614457868243	0.64663740627615
6.5514086101399	0.64672639079640
6.5414020946978	0.64681539041070
6.5314261002179	0.64690440526805
6.5214804872743	0.64699343554553
6.5115651172893	0.64708248144801
6.5016798525266	0.64717154320794
6.4918245560849	0.64726062108507
6.4819990918919	0.64734971536617
6.4722033246978	0.64743882636478
6.4624371200690	0.64752795442090
6.4527003443823	0.64761709990073
6.4429928648184	0.64770626319640
6.4333145493562	0.64779544472561
6.4236652667667	0.64788464493141
6.4140448866068	0.64797386428185
6.4044532792138	0.64806310326966
6.3948903156997	0.64815236241199
6.3853558679446	0.64824164225004
6.3758498085921	0.64833094334876
6.3663720110427	0.64842026629655
6.3569223494487	0.64850961170486
6.3475006987084	0.64859898020794
6.3381069344609	0.64868837246241
6.3287409330800	0.64877778914701
6.3194025716695	0.64886723096219
6.3100917280572	0.64895669862977
6.3008082807902	0.64904619289262
6.2915521091291	0.64913571451424
6.2823230930427	0.64922526427847
6.2731211132036	0.64931484298907
6.2639460509820	0.64940445146937
6.2547977884415	0.64949409056190
6.2456762083333	0.64958376112804
6.2365811940919	0.64967346404759
6.2275126298297	0.64976320021842
6.2184704003319	0.64985297055611
6.2094543910522	0.64994277599350
6.2004644881075	0.65003261748038
6.1915005782734	0.65012249598302
6.1825625489792	0.65021241248384
6.1736502883031	0.65030236798098
6.1647636849681	0.65039236348792
6.1559026283368	0.65048240003306
6.1470670084068	0.65057247865933
6.1382567158067	0.65066260042378
6.1294716417910	0.65075276639718
6.1207116782360	0.65084297766361
6.1119767176351	0.65093323532005
6.1032666530945	0.65102354047597
6.0945813783289	0.65111389425292
6.0859207876573	0.65120429778408
6.0772847759984	0.65129475221393
6.0686732388664	0.65138525869773
6.0600860723671	0.65147581840117
6.0515231731934	0.65156643249995
6.0429844386212	0.65165710217933
6.0344697665056	0.65174782863371
6.0259790552764	0.65183861306625
6.0175122039342	0.65192945668840
6.0090691120465	0.65202036071952
6.0006496797438	0.65211132638643
5.9922538077154	0.65220235492297
5.9838813972056	0.65229344756965
5.9755323500100	0.65238460557315
5.9672065684713	0.65247583018593
5.9589039554760	0.65256712266580
5.9506244144502	0.65265848427551
5.9423678493558	0.65274991628232
5.9341341646873	0.65284141995757
5.9259232654675	0.65293299657628
5.9177350572444	0.65302464741669
5.9095694460871	0.65311637375989
5.9014263385827	0.65320817688937
5.8933056418321	0.65330005809059
5.8852072634472	0.65339201865059
5.8771311115468	0.65348405985757
5.8690770947533	0.65357618300045
5.8610451221896	0.65366838936849
5.8530351034752	0.65376068025085
5.8450469487229	0.65385305693618
5.8370805685358	0.65394552071223
5.8291358740035	0.65403807286542
5.8212127766990	0.65413071468045
5.8133111886756	0.65422344743987
5.8054310224632	0.65431627242372
5.7975721910656	0.65440919090907
5.7897346079567	0.65450220416967
5.7819181870781	0.65459531347553
5.7741228428351	0.65468852009252
5.7663484900942	0.65478182528200
5.7585950441798	0.65487523030040
5.7508624208709	0.65496873639886
5.7431505363985	0.65506234482282
5.7354593074421	0.65515605681164
5.7277886511272	0.65524987359825
5.7201384850219	0.65534379640872
5.7125087271341	0.65543782646193
5.7048992959087	0.65553196496917
5.6973101102242	0.65562621313380
5.6897410893908	0.65572057215083
5.6821921531463	0.65581504320662
5.6746632216544	0.65590962747849
5.6671542155009	0.65600432613434
5.6596650556919	0.65609914033235
5.6521956636501	0.65619407122059
5.6447459612126	0.65628911993667
5.6373158706281	0.65638428760742
5.6299053145540	0.65647957534856
5.6225142160540	0.65657498426432
5.6151424985952	0.65667051544714
5.6077900860456	0.65676616997735
5.6004569026714	0.65686194892280
5.5931428731343	0.65695785333861
5.5858479224893	0.65705388426679
5.5785719761816	0.65715004273594
5.5713149600446	0.65724632976099
5.5640768002970	0.65734274634282
5.5568574235403	0.65743929346804
5.5496567567568	0.65753597210862
5.5424747273063	0.65763278322165
5.5353112629247	0.65772972774904
5.5281662917204	0.65782680661722
5.5210397421731	0.65792402073689
5.5139315431304	0.65802137100275
5.5068416238060	0.65811885829317
5.4997699137773	0.65821648347002
5.4927163429828	0.65831424737833
5.4856808417200	0.65841215084610
5.4786633406433	0.65851019468400
5.4716637707611	0.65860837968514
5.4646820634342	0.65870670662488
5.4577181503732	0.65880517626049
5.4507719636364	0.65890378933105
5.4438434356274	0.65900254655711
5.4369324990932	0.65910144864054
5.4300390871219	0.65920049626431
5.4231631331404	0.65929969009225
5.4163045709124	0.65939903076888
5.4094633345363	0.65949851891918
5.4026393584430	0.65959815514846
5.3958325773938	0.65969794004207
5.3890429264785	0.65979787416532
5.3822703411131	0.65989795806325
5.3755147570378	0.65999819226046
5.3687761103152	0.66009857726098
5.3620543373278	0.66019911354807
5.3553493747767	0.66029980158408
5.3486611596789	0.66040064181032
5.3419896293656	0.66050163464687
5.3353347214807	0.66060278049252
5.3286963739780	0.66070407972456
5.3220745251198	0.66080553269870
5.3154691134752	0.66090713974895
5.3088800779175	0.66100890118747
5.3023073576229	0.66111081730450
5.2957508920685	0.66121288836826
5.2892106210303	0.66131511462481
5.2826864845815	0.66141749629801
5.2761784230905	0.66152003358941
5.2696863772192	0.66162272667817
5.2632102879213	0.66172557572100
5.2567500964405	0.66182858085208
5.2503057443082	0.66193174218300
5.2438771733427	0.66203505980274
5.2374643256464	0.66213853377755
5.2310671436050	0.66224216415098
5.2246855698850	0.66234595094381
5.2183195474326	0.66244989415400
5.2119690194715	0.66255399375672
5.2056339295016	0.66265824970428
5.1993142212973	0.66276266192614
5.1930098389052	0.66286723032890
5.1867207266436	0.66297195479631
5.1804468290997	0.66307683518923
5.1741880911288	0.66318187134573
5.1679444578521	0.66328706308102
5.1617158746556	0.66339241018752
5.1555022871883	0.66349791243487
5.1493036413604	0.66360356956999
5.1431198833419	0.66370938131708
5.1369509595613	0.66381534737773
5.1307968167037	0.66392146743092
5.1246574017094	0.66402774113309
5.1185326617722	0.66413416811823
5.1124225443383	0.66424074799792
5.1063269971044	0.66434748036145
5.1002459680163	0.66445436477585
5.0941794052676	0.66456140078603
5.0881272572980	0.66466858791485
5.0820894727920	0.66477592566322
5.0760660006773	0.66488341351020
5.0700567901235	0.66499105091317
5.0640617905405	0.66509883730787
5.0580809515775	0.66520677210856
5.0521142231210	0.66531485470819
5.0461615552937	0.66542308447846
5.0402228984533	0.66553146077002
5.0342982031906	0.66563998291261
5.0283874203287	0.66574865021518
5.0224905009214	0.66585746196611
5.0166073962517	0.66596641743331
5.0107380578305	0.66607551586444
5.0048824373957	0.66618475648705
4.9990404869101	0.66629413850880
4.9932121585610	0.66640366111763
4.9873974047579	0.66651332348193
4.9815961781323	0.66662312475078
4.9758084315353	0.66673306405412
4.9700341180371	0.66684314050299
4.9642731909256	0.66695335318972
4.9585256037049	0.66706370118815
4.9527913100942	0.66717418355389
4.9470702640264	0.66728479932450
4.9413624196473	0.66739554751977
4.9356677313138	0.66750642714192
4.9299861535932	0.66761743717589
4.9243176412615	0.66772857658956
4.9186621493027	0.66783984433401
4.9130196329072	0.66795123934379
4.9073900474709	0.66806276053718
4.9017733485939	0.66817440681646
4.8961694920790	0.66828617706820
4.8905784339315	0.66839807016351
4.8850001303569	0.66851008495836
4.8794345377604	0.66862222029382
4.8738816127459	0.66873447499643
4.8683413121143	0.66884684787842
4.8628135928629	0.66895933773806
4.8572984121841	0.66907194335994
4.8517957274640	0.66918466351532
4.8463054962819	0.66929749696239
4.8408276764088	0.66941044244664
4.8353622258065	0.66952349870116
4.8299091026261	0.66963666444697
4.8244682652076	0.66974993839335
4.8190396720784	0.66986331923820
4.8136232819525	0.66997680566833
4.8082190537289	0.67009039635985
4.8028269464915	0.67020408997850
4.7974469195071	0.67031788517999
4.7920789322251	0.67043178061037
4.7867229442759	0.67054577490639
4.7813789154705	0.67065986669584
4.7760468057989	0.67077405459794
4.7707265754297	0.67088833722368
4.7654181847083	0.67100271317621
4.7601215941569	0.67111718105124
4.7548367644726	0.67123173943733
4.7495636565272	0.67134638691638
4.7443022313657	0.67146112206392
4.7390524502055	0.67157594344956
4.7338142744355	0.67169084963733
4.7285876656151	0.67180583918612
4.7233725854735	0.67192091065002
4.7181689959081	0.67203606257874
4.7129768589844	0.67215129351804
4.7077961369347	0.67226660201006
4.7026267921569	0.67238198659378
4.6974687872140	0.67249744580541
4.6923220848333	0.67261297817877
4.6871866479049	0.67272858224574
4.6820624394815	0.67284425653664
4.6769494227769	0.67295999958065
4.6718475611657	0.67307580990622
4.6667568181818	0.67319168604148
4.6616771575183	0.67330762651468
4.6566085430258	0.67342362985457
4.6515509387122	0.67353969459087
4.6465043087415	0.67365581925462
4.6414686174330	0.67377200237865
4.6364438292607	0.67388824249801
4.6314299088522	0.67400453815034
4.6264268209877	0.67412088787635
4.6214345305997	0.67423729022019
4.6164530027718	0.67435374372993
4.6114822027380	0.67447024695793
4.6065220958820	0.67458679846131
4.6015726477360	0.67470339680234
4.5966338239804	0.67482004054889
4.5917055904426	0.67493672827483
4.5867879130967	0.67505345856048
4.5818807580621	0.67517022999302
4.5769840916031	0.67528704116691
4.5720978801281	0.67540389068433
4.5672220901889	0.67552077715559
4.5623566884797	0.67563769919956
4.5575016418364	0.67575465544406
4.5526569172361	0.67587164452634
4.5478224817961	0.67598866509346
4.5429983027731	0.67610571580269
4.5381843475628	0.67622279532200
4.5333805836988	0.67633990233038
4.5285869788520	0.67645703551832
4.5238035008299	0.67657419358823
4.5190301175761	0.67669137525478
4.5142667971691	0.67680857924541
4.5095135078219	0.67692580430063
4.5047702178813	0.67704304917452
4.5000368958271	0.67716031263508
4.4953135102714	0.67727759346463
4.4906000299581	0.67739489046025
4.4858964237618	0.67751220243412
4.4812026606876	0.67762952821396
4.4765187098701	0.67774686664341
4.4718445405728	0.67786421658239
4.4671801221875	0.67798157690753
4.4625254242334	0.67809894651252
4.4578804163569	0.67821632430849
4.4532450683304	0.67833370922441
4.4486193500519	0.67845110020745
4.4440032315446	0.67856849622332
4.4393966829557	0.67868589625669
4.4347996745562	0.67880329931152
4.4302121767401	0.67892070441140
4.4256341600236	0.67903811059996
4.4210655950450	0.67915551694114
4.4165064525633	0.67927292251963
4.4119567034584	0.67939032644113
4.4074163187298	0.67950772783273
4.4028852694963	0.67962512584323
4.3983635269953	0.67974251964346
4.3938510625824	0.67985990842663
4.3893478477306	0.67997729140863
4.3848538540295	0.68009466782832
4.3803690531853	0.68021203694790
4.3758934170194	0.68032939805313
4.3714269174686	0.68044675045372
4.3669695265841	0.68056409348354
4.3625212165309	0.68068142650095
4.3580819595871	0.68079874888907
4.3536517281441	0.68091606005609
4.3492304947048	0.68103335943545
4.3448182318841	0.68115064648621
4.3404149124077	0.68126792069324
4.3360205091119	0.68138518156747
4.3316349949429	0.68150242864619
4.3272583429561	0.68161966149323
4.3228905263158	0.68173687969921
4.3185315182944	0.68185408288178
4.3141812922723	0.68197127068583
4.3098398217366	0.68208844278370
4.3055070802815	0.68220559887536
4.3011830416069	0.68232273868866
4.2968676795184	0.68243986197949
4.2925609679267	0.68255696853195
4.2882628808468	0.68267405815855
4.2839733923978	0.68279113070037
4.2796924768023	0.68290818602721
4.2754201083856	0.68302522403778
4.2711562615757	0.68314224465979
4.2669009109024	0.68325924785014
4.2626540309967	0.68337623359501
4.2584155965909	0.68349320191000
4.2541855825174	0.68361015284024
4.2499639637085	0.68372708646051
4.2457507151961	0.68384400287532
4.2415458121109	0.68396090221897
4.2373492296820	0.68407778465571
4.2331609432364	0.68419465037973
4.2289809281986	0.68431149961526
4.2248091600902	0.68442833261662
4.2206456145291	0.68454514966827
4.2164902672293	0.68466195108483
4.2123430940003	0.68477873721111
4.2082040707468	0.68489550842215
4.2040731734680	0.68501226512319
4.1999503782572	0.68512900774971
4.1958356613016	0.68524573676739
4.1917289988814	0.68536245267210
4.1876303673697	0.68547915598986
4.1835397432319	0.68559584727684
4.1794571030252	0.68571252711924
4.1753824233983	0.68582919613331
4.1713156810909	0.68594585496523
4.1672568529330	0.68606250429103
4.1632059158450	0.68617914481655
4.1591628468368	0.68629577727728
4.1551276230076	0.68641240243829
4.1511002215453	0.68652902109409
4.1470806197261	0.68664563406854
4.1430687949143	0.68676224221465
4.1390647245616	0.68687884641447
4.1350683862069	0.68699544757891
4.1310797574755	0.68711204664761
4.1270988160793	0.68722864458869
4.1231255398157	0.68734524239862
4.1191599065677	0.68746184110196
4.1152018943034	0.68757844175120
4.1112514810752	0.68769504542650
4.1073086450199	0.68781165323548
4.1033733643581	0.68792826631292
4.0994456173937	0.68804488582058
4.0955253825137	0.68816151294686
4.0916126381875	0.68827814890656
4.0877073629670	0.68839479494059
4.0838095354856	0.68851145231562
4.0799191344584	0.68862812232384
4.0760361386812	0.68874480628256
4.0721605270307	0.68886150553394
4.0682922784638	0.68897822144458
4.0644313720174	0.68909495540521
4.0605777868075	0.68921170883030
4.0567315020298	0.68932848315765
4.0528924969582	0.68944527984807
4.0490607509454	0.68956210038488
4.0452362434219	0.68967894627356
4.0414189538959	0.68979581904130
4.0376088619529	0.68991272023656
4.0338059472551	0.69002965142861
4.0300101895416	0.69014661420708
4.0262215686274	0.69026361018148
4.0224400644036	0.69038064098069
4.0186656568365	0.69049770825251
4.0148983259676	0.69061481366310
4.0111380519133	0.69073195889648
4.0073848148643	0.69084914565399
4.0036385950855	0.69096637565375
3.9998993729153	0.69108365063008
3.9961671287657	0.69120097233297
3.9924418431216	0.69131834252746
3.9887234965407	0.69143576299305
3.9850120696531	0.69155323552313
3.9813075431607	0.69167076192430
3.9776098978373	0.69178834401581
3.9739191145281	0.69190598362886
3.9702351741491	0.69202368260599
3.9665580576872	0.69214144280036
3.9628877461996	0.69225926607515
3.9592242208135	0.69237715430281
3.9555674627260	0.69249510936436
3.9519174532033	0.69261313314873
3.9482741735809	0.69273122755196
3.9446376052632	0.69284939447654
3.9410077297226	0.69296763583060
3.9373845285001	0.69308595352719
3.9337679832043	0.69320434948348
3.9301580755113	0.69332282561999
3.9265547871644	0.69344138385980
3.9229580999738	0.69356002612774
3.9193679958164	0.69367875434957
3.9157844566353	0.69379757045113
3.9122074644395	0.69391647635753
3.9086370013038	0.69403547399227
3.9050730493682	0.69415456527642
3.9015155908381	0.69427375212767
3.8979646079834	0.69439303645951
3.8944200831385	0.69451242018030
3.8908819987021	0.69463190519234
3.8873503371369	0.69475149339100
3.8838250809690	0.69487118666375
3.8803062127880	0.69499098688922
3.8767937152463	0.69511089593624
3.8732875710594	0.69523091566289
3.8697877630050	0.69535104791552
3.8662942739231	0.69547129452773
3.8628070867156	0.69559165731942
3.8593261843460	0.69571213809574
3.8558515498392	0.69583273864608
3.8523831662812	0.69595346074304
3.8489210168186	0.69607430614139
3.8454650846588	0.69619527657701
3.8420153530693	0.69631637376583
3.8385718053777	0.69643759940275
3.8351344249712	0.69655895516057
3.8317031952965	0.69668044268886
3.8282780998595	0.69680206361289
3.8248591222251	0.69692381953251
3.8214462460166	0.69704571202100
3.8180394549159	0.69716774262395
3.8146387326632	0.69728991285812
3.8112440630562	0.69741222421028
3.8078554299505	0.69753467813603
3.8044728172589	0.69765727605864
3.8010962089514	0.69778001936787
3.7977255890550	0.69790290941875
3.7943609416530	0.69802594753041
3.7910022508852	0.69814913498485
3.7876495009476	0.69827247302570
3.7843026760919	0.69839596285704
3.7809617606256	0.69851960564210
3.7776267389113	0.69864340250205
3.7742975953670	0.69876735451474
3.7709743144654	0.69889146271340
3.7676568807339	0.69901572808542
3.7643452787544	0.69914015157102
3.7610394931627	0.69926473406199
3.7577395086488	0.69938947640036
3.7544453099562	0.69951437937713
3.7511568818819	0.69963944373093
3.7478742092762	0.69976467014670
3.7445972770422	0.69989005925435
3.7413260701360	0.70001561162746
3.7380605735661	0.70014132778189
3.7348007723932	0.70026720817446
3.7315466517301	0.70039325320157
3.7282981967417	0.70051946319784
3.7250553926441	0.70064583843474
3.7218182247052	0.70077237911922
3.7185866782436	0.70089908539230
3.7153607386293	0.70102595732769
3.7121403912828	0.70115299493042
3.7089256216751	0.70128019813537
3.7057164153276	0.70140756680593
3.7025127578115	0.70153510073253
3.6993146347483	0.70166279963126
3.6961220318087	0.70179066314242
3.6929349347130	0.70191869082910
3.6897533292308	0.70204688217572
3.6865772011805	0.70217523658662
3.6834065364295	0.70230375338462
3.6802413208937	0.70243243180952
3.6770815405372	0.70256127101671
3.6739271813725	0.70269027007564
3.6707782294600	0.70281942796844
3.6676346709078	0.70294874358839
3.6644964918714	0.70307821573848
3.6613636785540	0.70320784312993
3.6582362172056	0.70333762438072
3.6551140941234	0.70346755801411
3.6519972956511	0.70359764245716
3.6488858081792	0.70372787603925
3.6457796181442	0.70385825699058
3.6426787120292	0.70398878344072
3.6395830763628	0.70411945341708
3.6364926977196	0.70425026484344
3.6334075627197	0.70438121553846
3.6303276580286	0.70451230321419
3.6272529703569	0.70464352547457
3.6241834864603	0.70477487981395
3.6211191931393	0.70490636361557
3.6180600772387	0.70503797415010
3.6150061256481	0.70516970857413
3.6119573253012	0.70530156392868
3.6089136631756	0.70543353713770
3.6058751262930	0.70556562500659
3.6028417017185	0.70569782422073
3.5998133765610	0.70583013134393
3.5967901379724	0.70596254281703
3.5937719731479	0.70609505495634
3.5907588693257	0.70622766395221
3.5877508137865	0.70636036586751
3.5847477938539	0.70649315663621
3.5817497968937	0.70662603206185
3.5787568103140	0.70675898781609
3.5757688215649	0.70689201943728
3.5727858181385	0.70702512232894
3.5698077875685	0.70715829175836
3.5668347174301	0.70729152285510
3.5638665953400	0.70742481060958
3.5609034089559	0.70755814987164
3.5579451459767	0.70769153534905
3.5549917941421	0.70782496160616
3.5520433412322	0.70795842306242
3.5490997750681	0.70809191399098
3.5461610835108	0.70822542851731
3.5432272544616	0.70835896061774
3.5402982758621	0.70849250411811
3.5373741356932	0.70862605269238
3.5344548219759	0.70875959986123
3.5315403227706	0.70889313899071
3.5286306261770	0.70902666329089
3.5257257203340	0.70916016581449
3.5228255934195	0.70929363945553
3.5199302336503	0.70942707694804
3.5170396292820	0.70956047086470
3.5141537686086	0.70969381361555
3.5112726399625	0.70982709744669
3.5083962317145	0.70996031443902
3.5055245322732	0.71009345650690
3.5026575300853	0.71022651539696
3.4997952136353	0.71035948268682
3.4969375714452	0.71049234978385
3.4940845920746	0.71062510792397
3.4912362641202	0.71075774817043
3.4883925762160	0.71089026141259
3.4855535170329	0.71102263836481
3.4827190752788	0.71115486956524
3.4798892396982	0.71128694537466
3.4770639990721	0.71141885597540
3.4742433422181	0.71155059137018
3.4714272579898	0.71168214138105
3.4686157352771	0.71181349564828
3.4658087630058	0.71194464362932
3.4630063301375	0.71207557459775
3.4602084256694	0.71220627764226
3.4574150386345	0.71233674166561
3.4546261581009	0.71246695538373
3.4518417731721	0.71259690732466
3.4490618729867	0.71272658582766
3.4462864467180	0.71285597904228
3.4435154835745	0.71298507492745
3.4407489727993	0.71311386125059
3.4379869036697	0.71324232558679
3.4352292654979	0.71337045531792
3.4324760476300	0.71349823763188
3.4297272394463	0.71362565952176
3.4269828303612	0.71375270778513
3.4242428098230	0.71387936902324
3.4215071673134	0.71400562964036
3.4187758923480	0.71413147584306
3.4160489744758	0.71425689363959
3.4133264032791	0.71438186883920
3.4106081683732	0.71450638705155
3.4078942594066	0.71463043368614
3.4051846660609	0.71475399395176
3.4024793780502	0.71487705285597
3.3997783851213	0.71499959520458
3.3970816770538	0.71512160560123
3.3943892436594	0.71524306844692
3.3917010747822	0.71536396793964
3.3890171602984	0.71548428807398
3.3863374901163	0.71560401264079
3.3836620541761	0.71572312522689
3.3809908424495	0.71584160921479
3.3783238449403	0.71595944778243
3.3756610516834	0.71607662390302
3.3730024527453	0.71619312034481
3.3703480382237	0.71630891967101
3.3676977982476	0.71642400423964
3.3650517229768	0.71653835620350
3.3624098026021	0.71665195751012
3.3597720273451	0.71676478990177
3.3571383874580	0.71687683491551
3.3545088732237	0.71698807388327
3.3518834749553	0.71709848793199
3.3492621829963	0.71720805798372
3.3466449877205	0.71731676475590
3.3440318795315	0.71742458876155
3.3414228488631	0.71753151030953
3.3388178861789	0.71763750950493
3.3362169819720	0.71774256624937
3.3336201267653	0.71784666024141
3.3310273111111	0.71794977097703
