#Parameters = {thARC=0.8; nARC=2.25; thsub=1; p=1; nSub=4.25}
#"Wavelength / um"	"T (737) [Real Part]"
#---------------------------------------
14.989622900000	0.74993891078069
14.937342202292	0.75084639274601
14.885424925521	0.75175654120355
14.833867293419	0.75266933679581
14.782665581854	0.75358475997891
14.731816117936	0.75450279102210
14.681315279138	0.75542341000723
14.631159492435	0.75634659682827
14.581345233463	0.75727233119079
14.531869025691	0.75820059261140
14.482727439614	0.75913136041723
14.433917091960	0.76006461374541
14.385434644914	0.76100033154246
14.337276805356	0.76193849256380
14.289440324118	0.76287907537315
14.241921995249	0.76382205834198
14.194718655303	0.76476741964889
14.147827182633	0.76571513727909
14.101244496707	0.76666518902377
14.054967557431	0.76761755247950
14.008993364486	0.76857220504768
13.963318956684	0.76952912393386
13.917941411328	0.77048828614721
13.872857843591	0.77144966849983
13.828065405904	0.77241324760621
13.783561287356	0.77337899988252
13.739342713107	0.77434690154605
13.695406943810	0.77531692861455
13.651751275046	0.77628905690559
13.608373036768	0.77726326203595
13.565269592760	0.77823951942095
13.522438340099	0.77921780427380
13.479876708633	0.78019809160500
13.437582160466	0.78118035622164
13.395552189455	0.78216457272679
13.353784320713	0.78315071551882
13.312276110124	0.78413875879079
13.271025143869	0.78512867652973
13.230029037952	0.78612044251608
13.189285437747	0.78711403032295
13.148792017544	0.78810941331553
13.108546480105	0.78910656465041
13.068546556234	0.79010545727495
13.028790004346	0.79110606392664
12.989274610052	0.79210835713242
12.949998185745	0.79311230920808
12.910958570198	0.79411789225762
12.872153628167	0.79512507817257
12.833581250000	0.79613383863145
12.795239351259	0.79714414509905
12.757125872340	0.79815596882589
12.719238778108	0.79916928084755
12.681576057530	0.80018405198410
12.644135723323	0.80120025283950
12.606915811606	0.80221785380099
12.569914381551	0.80323682503851
12.533129515050	0.80425713650414
12.496559316382	0.80527875793153
12.460201911887	0.80630165883532
12.424055449648	0.80732580851064
12.388118099174	0.80835117603253
12.352388051092	0.80937773025543
12.316863516845	0.81040543981268
12.281542728390	0.81143427311603
12.246423937908	0.81246419835510
12.211505417515	0.81349518349699
12.176785458976	0.81452719628574
12.142262373431	0.81556020424194
12.107934491115	0.81659417466231
12.073800161095	0.81762907461923
12.039857751004	0.81866487096041
12.006105646776	0.81970153030848
11.972542252396	0.82073901906066
11.939165989646	0.82177730338839
11.905975297855	0.82281634923703
11.872968633663	0.82385612232556
11.840144470774	0.82489658814630
11.807501299724	0.82593771196466
11.775037627651	0.82697945881891
11.742751978065	0.82802179351997
11.710642890625	0.82906468065122
11.678708920919	0.83010808456833
11.646948640249	0.83115196939915
11.615360635413	0.83219629904360
11.583943508501	0.83324103717355
11.552695876686	0.83428614723282
11.521616372022	0.83533159243711
11.490703641242	0.83637733577405
11.459956345566	0.83742334000318
11.429373160503	0.83846956765604
11.398952775665	0.83951598103629
11.368693894577	0.84056254221979
11.338595234493	0.84160921305481
11.308655526217	0.84265595516217
11.278873513920	0.84370272993552
11.249247954972	0.84474949854158
11.219777619760	0.84579622192045
11.190461291527	0.84684286078591
11.161297766195	0.84788937562586
11.132285852209	0.84893572670269
11.103424370370	0.84998187405372
11.074712153676	0.85102777749173
11.046148047163	0.85207339660548
11.017730907755	0.85311869076025
10.989459604106	0.85416361909852
10.961333016453	0.85520814054054
10.933350036470	0.85625221378515
10.905509567115	0.85729579731040
10.877810522496	0.85833884937443
10.850251827723	0.85938132801629
10.822832418773	0.86042319105680
10.795551242348	0.86146439609949
10.768407255747	0.86250490053159
10.741399426729	0.86354466152507
10.714526733381	0.86458363603768
10.687788163993	0.86562178081412
10.661182716927	0.86665905238719
10.634709400497	0.86769540707902
10.608367232838	0.86873080100238
10.582155241793	0.86976519006200
10.556072464789	0.87079852995596
10.530117948718	0.87183077617713
10.504290749825	0.87286188401468
10.478589933590	0.87389180855563
10.453014574616	0.87492050468646
10.427563756522	0.87594792709479
10.402236571825	0.87697403027109
10.377032121841	0.87799876851049
10.351949516575	0.87902209591457
10.326987874612	0.88004396639335
10.302146323024	0.88106433366716
10.277423997257	0.88208315126873
10.252820041040	0.88310037254524
10.228333606278	0.88411595066050
10.203963852961	0.88512983859711
10.179709949066	0.88614198915878
10.155571070461	0.88715235497263
10.131546400811	0.88816088849162
10.107635131490	0.88916754199697
10.083836461487	0.89017226760073
10.060149597315	0.89117501724835
10.036573752929	0.89217574272135
10.013108149633	0.89317439564001
9.9897520159947	0.89417092746623
9.9665045877660	0.89516528950630
9.9433651077944	0.89615743291388
9.9203328259431	0.89714730869297
9.8974069990096	0.89813486770099
9.8745868906456	0.89912006065188
9.8518717712783	0.90010283811929
9.8292609180328	0.90108315053986
9.8067536146549	0.90206094821656
9.7843491514360	0.90303618132206
9.7620468251384	0.90400879990220
9.7398459389214	0.90497875387957
9.7177458022690	0.90594599305706
9.6957457309185	0.90691046712156
9.6738450467893	0.90787212564772
9.6520430779137	0.90883091810172
9.6303391583681	0.90978679384522
9.6087326282051	0.91073970213922
9.5872228333866	0.91168959214818
9.5658091257179	0.91263641294404
9.5444908627826	0.91358011351040
9.5232674078780	0.91452064274678
9.5021381299525	0.91545794947285
9.4811024035421	0.91639198243287
9.4601596087094	0.91732269030007
9.4393091309824	0.91825002168117
9.4185503612944	0.91917392512098
9.3978826959248	0.92009434910698
9.3773055364404	0.92101124207407
9.3568182896380	0.92192455240934
9.3364203674868	0.92283422845689
9.3161111870727	0.92374021852274
9.2958901705426	0.92464247087981
9.2757567450495	0.92554093377296
9.2557103426984	0.92643555542408
9.2357504004929	0.92732628403726
9.2158763602828	0.92821306780402
9.1960876687117	0.92909585490859
9.1763837771656	0.92997459353331
9.1567641417227	0.93084923186397
9.1372282231027	0.93171971809536
9.1177754866180	0.93258600043677
9.0984054021244	0.93344802711761
9.0791174439733	0.93430574639304
9.0599110909640	0.93515910654970
9.0407858262967	0.93600805591149
9.0217411375263	0.93685254284537
9.0027765165165	0.93769251576729
8.9838914593947	0.93852792314807
8.9650854665072	0.93935871351946
8.9463580423754	0.94018483548010
8.9277086956522	0.94100623770170
8.9091369390788	0.94182286893511
8.8906422894425	0.94263467801657
8.8722242675348	0.94344161387394
8.8538823981099	0.94424362553296
8.8356162098438	0.94504066212362
8.8174252352941	0.94583267288651
8.7993090108600	0.94661960717927
8.7812670767428	0.94740141448303
8.7632989769073	0.94817804440894
8.7454042590432	0.94894944670467
8.7275824745269	0.94971557126104
8.7098331783847	0.95047636811862
8.6921559292549	0.95123178747435
8.6745502893519	0.95198177968828
8.6570158244297	0.95272629529024
8.6395521037464	0.95346528498660
8.6221587000288	0.95419869966708
8.6048351894374	0.95492649041149
8.5875811515325	0.95564860849661
8.5703961692396	0.95636500540302
8.5532798288160	0.95707563282197
8.5362317198178	0.95778044266229
8.5192514350668	0.95847938705727
8.5023385706183	0.95917241837163
8.4854927257288	0.95985948920845
8.4687135028249	0.96054055241612
8.4520005074711	0.96121556109528
8.4353533483399	0.96188446860588
8.4187716371806	0.96254722857408
8.4022549887892	0.96320379489930
8.3858030209790	0.96385412176117
8.3694153545505	0.96449816362656
8.3530916132627	0.96513587525659
8.3368314238042	0.96576721171358
8.3206344157646	0.96639212836806
8.3045002216066	0.96701058090577
8.2884284766381	0.96762252533464
8.2724188189845	0.96822791799172
8.2564708895621	0.96882671555018
8.2405843320506	0.96941887502622
8.2247587928669	0.97000435378601
8.2089939211391	0.97058310955259
8.1932893686800	0.97115510041275
8.1776447899618	0.97172028482391
8.1620598420909	0.97227862162095
8.1465341847826	0.97283007002302
8.1310674803363	0.97337458964032
8.1156593936113	0.97391214048085
8.1003095920022	0.97444268295715
8.0850177454153	0.97496617789295
8.0697835262450	0.97548258652986
8.0546066093498	0.97599187053391
8.0394866720300	0.97649399200220
8.0244233940043	0.97698891346933
8.0094164573871	0.97747659791396
7.9944655466667	0.97795700876516
7.9795703486825	0.97843010990886
7.9647305526036	0.97889586569409
7.9499458499072	0.97935424093934
7.9352159343568	0.97980520093870
7.9205405019815	0.98024871146805
7.9059192510549	0.98068473879114
7.8913518820742	0.98111324966563
7.8768380977404	0.98153421134904
7.8623776029373	0.98194759160466
7.8479701047120	0.98235335870738
7.8336153122550	0.98275148144945
7.8193129368805	0.98314192914613
7.8050626920073	0.98352467164135
7.7908642931393	0.98389967931321
7.7767174578470	0.98426692307946
7.7626219057483	0.98462637440281
7.7485773584906	0.98497800529631
7.7345835397317	0.98532178832848
7.7206401751223	0.98565769662846
7.7067469922879	0.98598570389104
7.6929037208109	0.98630578438158
7.6791100922131	0.98661791294088
7.6653658399386	0.98692206498990
7.6516706993364	0.98721821653447
7.6380244076433	0.98750634416979
7.6244267039674	0.98778642508493
7.6108773292714	0.98805843706717
7.5973760263558	0.98832235850627
7.5839225398432	0.98857816839861
7.5705166161616	0.98882584635126
7.5571580035291	0.98906537258588
7.5438464519376	0.98929672794262
7.5305817131374	0.98951989388377
7.5173635406219	0.98973485249742
7.5041916896120	0.98994158650094
7.4910659170415	0.99014007924437
7.4779859815415	0.99033031471369
7.4649516434263	0.99051227753398
7.4519626646781	0.99068595297244
7.4390188089330	0.99085132694132
7.4261198414664	0.99100838600073
7.4132655291790	0.99115711736128
7.4004556405826	0.99129750888668
7.3876899457861	0.99142954909614
7.3749682164822	0.99155322716667
7.3622902259332	0.99166853293532
7.3496557489581	0.99177545690117
7.3370645619187	0.99187399022732
7.3245164427071	0.99196412474263
7.3120111707317	0.99204585294347
7.2995485269053	0.99211916799522
7.2871282936315	0.99218406373370
7.2747502547925	0.99224053466646
7.2624141957364	0.99228857597398
7.2501199032648	0.99232818351062
7.2378671656205	0.99235935380558
7.2256557724753	0.99238208406368
7.2134855149182	0.99239637216593
7.2013561854432	0.99240221667010
7.1892675779376	0.99239961681105
7.1772194876706	0.99238857250103
7.1652117112811	0.99236908432969
7.1532440467669	0.99234115356417
7.1413162934731	0.99230478214887
7.1294282520809	0.99225997270518
7.1175797245964	0.99220672853107
7.1057705143399	0.99214505360054
7.0940004259347	0.99207495256294
7.0822692652965	0.99199643074214
7.0705768396226	0.99190949413559
7.0589229573817	0.99181414941328
7.0473074283028	0.99171040391647
7.0357300633654	0.99159826565642
7.0241906747891	0.99147774331288
7.0126890760234	0.99134884623254
7.0012250817375	0.99121158442726
6.9897985078107	0.99106596857227
6.9784091713222	0.99091201000416
6.9670568905415	0.99074972071880
6.9557414849188	0.99057911336910
6.9444627750753	0.99040020126269
6.9332205827937	0.99021299835941
6.9220147310090	0.99001751926874
6.9108450437990	0.98981377924707
6.8997113463751	0.98960179419489
6.8886134650735	0.98938158065378
6.8775512273457	0.98915315580341
6.8665244617499	0.98891653745828
6.8555329979419	0.98867174406444
6.8445766666667	0.98841879469610
6.8336552997493	0.98815770905204
6.8227687300865	0.98788850745200
6.8119167916383	0.98761121083291
6.8010993194192	0.98732584074503
6.7903161494904	0.98703241934798
6.7795671189507	0.98673096940662
6.7688520659291	0.98642151428694
6.7581708295762	0.98610407795169
6.7475232500563	0.98577868495605
6.7369091685393	0.98544536044310
6.7263284271932	0.98510413013927
6.7157808691756	0.98475502034961
6.7052663386267	0.98439805795304
6.6947846806610	0.98403327039746
6.6843357413601	0.98366068569479
6.6739193677649	0.98328033241591
6.6635354078684	0.98289223968554
6.6531837106081	0.98249643717695
6.6428641258586	0.98209295510670
6.6325765044248	0.98168182422923
6.6223206980340	0.98126307583136
6.6120965593295	0.98083674172675
6.6019039418630	0.98040285425027
6.5917427000879	0.97996144625226
6.5816126893524	0.97951255109279
6.5715137658922	0.97905620263577
6.5614457868243	0.97859243524303
6.5514086101399	0.97812128376835
6.5414020946978	0.97764278355141
6.5314261002179	0.97715697041162
6.5214804872743	0.97666388064198
6.5115651172893	0.97616355100285
6.5016798525266	0.97565601871563
6.4918245560849	0.97514132145641
6.4819990918919	0.97461949734956
6.4722033246978	0.97409058496132
6.4624371200690	0.97355462329322
6.4527003443823	0.97301165177560
6.4429928648184	0.97246171026096
6.4333145493562	0.97190483901738
6.4236652667667	0.97134107872176
6.4140448866068	0.97077047045319
6.4044532792138	0.97019305568614
6.3948903156997	0.96960887628368
6.3853558679446	0.96901797449067
6.3758498085921	0.96842039292691
6.3663720110427	0.96781617458026
6.3569223494487	0.96720536279972
6.3475006987084	0.96658800128851
6.3381069344609	0.96596413409713
6.3287409330800	0.96533380561637
6.3194025716695	0.96469706057034
6.3100917280572	0.96405394400943
6.3008082807902	0.96340450130333
6.2915521091291	0.96274877813398
6.2823230930427	0.96208682048851
6.2731211132036	0.96141867465222
6.2639460509820	0.96074438720151
6.2547977884415	0.96006400499682
6.2456762083333	0.95937757517555
6.2365811940919	0.95868514514501
6.2275126298297	0.95798676257537
6.2184704003319	0.95728247539258
6.2094543910522	0.95657233177131
6.2004644881075	0.95585638012791
6.1915005782734	0.95513466911338
6.1825625489792	0.95440724760631
6.1736502883031	0.95367416470590
6.1647636849681	0.95293546972491
6.1559026283368	0.95219121218273
6.1470670084068	0.95144144179833
6.1382567158067	0.95068620848337
6.1294716417910	0.94992556233525
6.1207116782360	0.94915955363017
6.1119767176351	0.94838823281629
6.1032666530945	0.94761165050680
6.0945813783289	0.94682985747316
6.0859207876573	0.94604290463822
6.0772847759984	0.94525084306950
6.0686732388664	0.94445372397238
6.0600860723671	0.94365159868345
6.0515231731934	0.94284451866376
6.0429844386212	0.94203253549222
6.0344697665056	0.94121570085897
6.0259790552764	0.94039406655879
6.0175122039342	0.93956768448460
6.0090691120465	0.93873660662094
6.0006496797438	0.93790088503751
5.9922538077154	0.93706057188278
5.9838813972056	0.93621571937760
5.9755323500100	0.93536637980889
5.9672065684713	0.93451260552338
5.9589039554760	0.93365444892131
5.9506244144502	0.93279196245035
5.9423678493558	0.93192519859938
5.9341341646873	0.93105420989244
5.9259232654675	0.93017904888270
5.9177350572444	0.92929976814649
5.9095694460871	0.92841642027732
5.9014263385827	0.92752905788008
5.8933056418321	0.92663773356516
5.8852072634472	0.92574249994270
5.8771311115468	0.92484340961689
5.8690770947533	0.92394051518034
5.8610451221896	0.92303386920841
5.8530351034752	0.92212352425377
5.8450469487229	0.92120953284083
5.8370805685358	0.92029194746040
5.8291358740035	0.91937082056426
5.8212127766990	0.91844620455993
5.8133111886756	0.91751815180537
5.8054310224632	0.91658671460384
5.7975721910656	0.91565194519880
5.7897346079567	0.91471389576881
5.7819181870781	0.91377261842258
5.7741228428351	0.91282816519403
5.7663484900942	0.91188058803744
5.7585950441798	0.91092993882264
5.7508624208709	0.90997626933028
5.7431505363985	0.90901963124717
5.7354593074421	0.90806007616168
5.7277886511272	0.90709765555917
5.7201384850219	0.90613242081757
5.7125087271341	0.90516442320292
5.7048992959087	0.90419371386507
5.6973101102242	0.90322034383338
5.6897410893908	0.90224436401252
5.6821921531463	0.90126582517834
5.6746632216544	0.90028477797378
5.6671542155009	0.89930127290484
5.6596650556919	0.89831536033668
5.6521956636501	0.89732709048972
5.6447459612126	0.89633651343581
5.6373158706281	0.89534367909454
5.6299053145540	0.89434863722951
5.6225142160540	0.89335143744472
5.6151424985952	0.89235212918108
5.6077900860456	0.89135076171285
5.6004569026714	0.89034738414431
5.5931428731343	0.88934204540634
5.5858479224893	0.88833479425318
5.5785719761816	0.88732567925920
5.5713149600446	0.88631474881577
5.5640768002970	0.88530205112812
5.5568574235403	0.88428763421238
5.5496567567568	0.88327154589260
5.5424747273063	0.88225383379784
5.5353112629247	0.88123454535937
5.5281662917204	0.88021372780787
5.5210397421731	0.87919142817078
5.5139315431304	0.87816769326962
5.5068416238060	0.87714256971743
5.4997699137773	0.87611610391624
5.4927163429828	0.87508834205466
5.4856808417200	0.87405933010546
5.4786633406433	0.87302911382322
5.4716637707611	0.87199773874214
5.4646820634342	0.87096525017373
5.4577181503732	0.86993169320478
5.4507719636364	0.86889711269515
5.4438434356274	0.86786155327586
5.4369324990932	0.86682505934704
5.4300390871219	0.86578767507605
5.4231631331404	0.86474944439562
5.4163045709124	0.86371041100209
5.4094633345363	0.86267061835360
5.4026393584430	0.86163010966847
5.3958325773938	0.86058892792358
5.3890429264785	0.85954711585275
5.3822703411131	0.85850471594524
5.3755147570378	0.85746177044432
5.3687761103152	0.85641832134585
5.3620543373278	0.85537441039689
5.3553493747767	0.85433007909445
5.3486611596789	0.85328536868421
5.3419896293656	0.85224032015934
5.3353347214807	0.85119497425933
5.3286963739780	0.85014937146893
5.3220745251198	0.84910355201707
5.3154691134752	0.84805755587589
5.3088800779175	0.84701142275977
5.3023073576229	0.84596519212445
5.2957508920685	0.84491890316617
5.2892106210303	0.84387259482087
5.2826864845815	0.84282630576342
5.2761784230905	0.84178007440694
5.2696863772192	0.84073393890209
5.2632102879213	0.83968793713649
5.2567500964405	0.83864210673410
5.2503057443082	0.83759648505473
5.2438771733427	0.83655110919353
5.2374643256464	0.83550601598053
5.2310671436050	0.83446124198026
5.2246855698850	0.83341682349137
5.2183195474326	0.83237279654629
5.2119690194715	0.83132919691098
5.2056339295016	0.83028606008467
5.1993142212973	0.82924342129964
5.1930098389052	0.82820131552108
5.1867207266436	0.82715977744695
5.1804468290997	0.82611884150785
5.1741880911288	0.82507854186705
5.1679444578521	0.82403891242038
5.1617158746556	0.82299998679631
5.1555022871883	0.82196179835595
5.1493036413604	0.82092438019319
5.1431198833419	0.81988776513477
5.1369509595613	0.81885198574046
5.1307968167037	0.81781707430323
5.1246574017094	0.81678306284948
5.1185326617722	0.81574998313929
5.1124225443383	0.81471786666666
5.1063269971044	0.81368674465988
5.1002459680163	0.81265664808182
5.0941794052676	0.81162760763033
5.0881272572980	0.81059965373862
5.0820894727920	0.80957281657569
5.0760660006773	0.80854712604678
5.0700567901235	0.80752261179385
5.0640617905405	0.80649930319611
5.0580809515775	0.80547722937052
5.0521142231210	0.80445641917236
5.0461615552937	0.80343690119582
5.0402228984533	0.80241870377461
5.0342982031906	0.80140185498258
5.0283874203287	0.80038638263438
5.0224905009214	0.79937231428615
5.0166073962517	0.79835967723621
5.0107380578305	0.79734849852579
5.0048824373957	0.79633880493977
4.9990404869101	0.79533062300744
4.9932121585610	0.79432397900333
4.9873974047579	0.79331889894794
4.9815961781323	0.79231540860864
4.9758084315353	0.79131353350049
4.9700341180371	0.79031329888707
4.9642731909256	0.78931472978143
4.9585256037049	0.78831785094695
4.9527913100942	0.78732268689826
4.9470702640264	0.78632926190219
4.9413624196473	0.78533759997873
4.9356677313138	0.78434772490196
4.9299861535932	0.78335966020107
4.9243176412615	0.78237342916138
4.9186621493027	0.78138905482528
4.9130196329072	0.78040655999335
4.9073900474709	0.77942596722535
4.9017733485939	0.77844729884129
4.8961694920790	0.77747057692249
4.8905784339315	0.77649582331271
4.8850001303569	0.77552305961919
4.8794345377604	0.77455230721380
4.8738816127459	0.77358358723415
4.8683413121143	0.77261692058472
4.8628135928629	0.77165232793800
4.8572984121841	0.77068982973567
4.8517957274640	0.76972944618975
4.8463054962819	0.76877119728378
4.8408276764088	0.76781510277399
4.8353622258065	0.76686118219053
4.8299091026261	0.76590945483866
4.8244682652076	0.76495993979997
4.8190396720784	0.76401265593357
4.8136232819525	0.76306762187739
4.8082190537289	0.76212485604935
4.8028269464915	0.76118437664867
4.7974469195071	0.76024620165707
4.7920789322251	0.75931034884007
4.7867229442759	0.75837683574825
4.7813789154705	0.75744567971853
4.7760468057989	0.75651689787544
4.7707265754297	0.75559050713243
4.7654181847083	0.75466652419315
4.7601215941569	0.75374496555275
4.7548367644726	0.75282584749921
4.7495636565272	0.75190918611460
4.7443022313657	0.75099499727647
4.7390524502055	0.75008329665910
4.7338142744355	0.74917409973488
4.7285876656151	0.74826742177559
4.7233725854735	0.74736327785378
4.7181689959081	0.74646168284410
4.7129768589844	0.74556265142459
4.7077961369347	0.74466619807810
4.7026267921569	0.74377233709359
4.6974687872140	0.74288108256749
4.6923220848333	0.74199244840506
4.6871866479049	0.74110644832174
4.6820624394815	0.74022309584450
4.6769494227769	0.73934240431322
4.6718475611657	0.73846438688205
4.6667568181818	0.73758905652076
4.6616771575183	0.73671642601611
4.6566085430258	0.73584650797323
4.6515509387122	0.73497931481696
4.6465043087415	0.73411485879326
4.6414686174330	0.73325315197056
4.6364438292607	0.73239420624111
4.6314299088522	0.73153803332239
4.6264268209877	0.73068464475847
4.6214345305997	0.72983405192136
4.6164530027718	0.72898626601244
4.6114822027380	0.72814129806375
4.6065220958820	0.72729915893944
4.6015726477360	0.72645985933710
4.5966338239804	0.72562340978915
4.5917055904426	0.72478982066422
4.5867879130967	0.72395910216848
4.5818807580621	0.72313126434707
4.5769840916031	0.72230631708542
4.5720978801281	0.72148427011065
4.5672220901889	0.72066513299291
4.5623566884797	0.71984891514681
4.5575016418364	0.71903562583268
4.5526569172361	0.71822527415803
4.5478224817961	0.71741786907888
4.5429983027731	0.71661341940111
4.5381843475628	0.71581193378180
4.5333805836988	0.71501342073067
4.5285869788520	0.71421788861134
4.5238035008299	0.71342534564272
4.5190301175761	0.71263579990040
4.5142667971691	0.71184925931793
4.5095135078219	0.71106573168822
4.5047702178813	0.71028522466487
4.5000368958271	0.70950774576348
4.4953135102714	0.70873330236306
4.4906000299581	0.70796190170729
4.4858964237618	0.70719355090590
4.4812026606876	0.70642825693599
4.4765187098701	0.70566602664338
4.4718445405728	0.70490686674387
4.4671801221875	0.70415078382466
4.4625254242334	0.70339778434558
4.4578804163569	0.70264787464045
4.4532450683304	0.70190106091841
4.4486193500519	0.70115734926517
4.4440032315446	0.70041674564440
4.4393966829557	0.69967925589895
4.4347996745562	0.69894488575221
4.4302121767401	0.69821364080937
4.4256341600236	0.69748552655874
4.4210655950450	0.69676054837301
4.4165064525633	0.69603871151057
4.4119567034584	0.69532002111677
4.4074163187298	0.69460448222519
4.4028852694963	0.69389209975893
4.3983635269953	0.69318287853189
4.3938510625824	0.69247682325001
4.3893478477306	0.69177393851255
4.3848538540295	0.69107422881333
4.3803690531853	0.69037769854203
4.3758934170194	0.68968435198537
4.3714269174686	0.68899419332841
4.3669695265841	0.68830722665579
4.3625212165309	0.68762345595292
4.3580819595871	0.68694288510728
4.3536517281441	0.68626551790958
4.3492304947048	0.68559135805506
4.3448182318841	0.68492040914462
4.3404149124077	0.68425267468612
4.3360205091119	0.68358815809555
4.3316349949429	0.68292686269822
4.3272583429561	0.68226879173001
4.3228905263158	0.68161394833851
4.3185315182944	0.68096233558426
4.3141812922723	0.68031395644192
4.3098398217366	0.67966881380145
4.3055070802815	0.67902691046927
4.3011830416069	0.67838824916949
4.2968676795184	0.67775283254502
4.2925609679267	0.67712066315874
4.2882628808468	0.67649174349469
4.2839733923978	0.67586607595921
4.2796924768023	0.67524366288209
4.2754201083856	0.67462450651767
4.2711562615757	0.67400860904606
4.2669009109024	0.67339597257420
4.2626540309967	0.67278659913704
4.2584155965909	0.67218049069862
4.2541855825174	0.67157764915322
4.2499639637085	0.67097807632645
4.2457507151961	0.67038177397637
4.2415458121109	0.66978874379459
4.2373492296820	0.66919898740736
4.2331609432364	0.66861250637667
4.2289809281986	0.66802930220133
4.2248091600902	0.66744937631804
4.2206456145291	0.66687273010248
4.2164902672293	0.66629936487039
4.2123430940003	0.66572928187859
4.2082040707468	0.66516248232608
4.2040731734680	0.66459896735507
4.1999503782572	0.66403873805203
4.1958356613016	0.66348179544876
4.1917289988814	0.66292814052335
4.1876303673697	0.66237777420130
4.1835397432319	0.66183069735648
4.1794571030252	0.66128691081217
4.1753824233983	0.66074641534208
4.1713156810909	0.66020921167133
4.1672568529330	0.65967530047746
4.1632059158450	0.65914468239146
4.1591628468368	0.65861735799870
4.1551276230076	0.65809332783993
4.1511002215453	0.65757259241230
4.1470806197261	0.65705515217025
4.1430687949143	0.65654100752653
4.1390647245616	0.65603015885317
4.1350683862069	0.65552260648235
4.1310797574755	0.65501835070745
4.1270988160793	0.65451739178390
4.1231255398157	0.65401972993016
4.1191599065677	0.65352536532862
4.1152018943034	0.65303429812657
4.1112514810752	0.65254652843701
4.1073086450199	0.65206205633968
4.1033733643581	0.65158088188186
4.0994456173937	0.65110300507931
4.0955253825137	0.65062842591716
4.0916126381875	0.65015714435075
4.0877073629670	0.64968916030656
4.0838095354856	0.64922447368301
4.0799191344584	0.64876308435137
4.0760361386812	0.64830499215661
4.0721605270307	0.64785019691820
4.0682922784638	0.64739869843100
4.0644313720174	0.64695049646606
4.0605777868075	0.64650559077145
4.0567315020298	0.64606398107308
4.0528924969582	0.64562566707553
4.0490607509454	0.64519064846281
4.0452362434219	0.64475892489918
4.0414189538959	0.64433049602994
4.0376088619529	0.64390536148222
4.0338059472551	0.64348352086573
4.0300101895416	0.64306497377352
4.0262215686274	0.64264971978278
4.0224400644036	0.64223775845556
4.0186656568365	0.64182908933951
4.0148983259676	0.64142371196863
4.0111380519133	0.64102162586400
4.0073848148643	0.64062283053449
4.0036385950855	0.64022732547747
3.9998993729153	0.63983511017952
3.9961671287657	0.63944618411715
3.9924418431216	0.63906054675745
3.9887234965407	0.63867819755879
3.9850120696531	0.63829913597148
3.9813075431607	0.63792336143846
3.9776098978373	0.63755087339596
3.9739191145281	0.63718167127409
3.9702351741491	0.63681575449755
3.9665580576872	0.63645312248622
3.9628877461996	0.63609377465581
3.9592242208135	0.63573771041846
3.9555674627260	0.63538492918334
3.9519174532033	0.63503543035725
3.9482741735809	0.63468921334523
3.9446376052632	0.63434627755113
3.9410077297226	0.63400662237816
3.9373845285001	0.63367024722948
3.9337679832043	0.63333715150876
3.9301580755113	0.63300733462069
3.9265547871644	0.63268079597155
3.9229580999738	0.63235753496972
3.9193679958164	0.63203755102621
3.9157844566353	0.63172084355516
3.9122074644395	0.63140741197433
3.9086370013038	0.63109725570562
3.9050730493682	0.63079037417553
3.9015155908381	0.63048676681563
3.8979646079834	0.63018643306303
3.8944200831385	0.62988937236085
3.8908819987021	0.62959558415861
3.8873503371369	0.62930506791272
3.8838250809690	0.62901782308688
3.8803062127880	0.62873384915249
3.8767937152463	0.62845314558906
3.8732875710594	0.62817571188462
3.8697877630050	0.62790154753606
3.8662942739231	0.62763065204954
3.8628070867156	0.62736302494086
3.8593261843460	0.62709866573579
3.8558515498392	0.62683757397041
3.8523831662812	0.62657974919147
3.8489210168186	0.62632519095671
3.8454650846588	0.62607389883512
3.8420153530693	0.62582587240732
3.8385718053777	0.62558111126579
3.8351344249712	0.62533961501518
3.8317031952965	0.62510138327257
3.8282780998595	0.62486641566773
3.8248591222251	0.62463471184337
3.8214462460166	0.62440627145536
3.8180394549159	0.62418109417300
3.8146387326632	0.62395917967917
3.8112440630562	0.62374052767058
3.8078554299505	0.62352513785797
3.8044728172589	0.62331300996623
3.8010962089514	0.62310414373464
3.7977255890550	0.62289853891699
3.7943609416530	0.62269619528172
3.7910022508852	0.62249711261208
3.7876495009476	0.62230129070623
3.7843026760919	0.62210872937738
3.7809617606256	0.62191942845386
3.7776267389113	0.62173338777920
3.7742975953670	0.62155060721225
3.7709743144654	0.62137108662721
3.7676568807339	0.62119482591368
3.7643452787544	0.62102182497671
3.7610394931627	0.62085208373682
3.7577395086488	0.62068560213004
3.7544453099562	0.62052238010786
3.7511568818819	0.62036241763727
3.7478742092762	0.62020571470071
3.7445972770422	0.62005227129605
3.7413260701360	0.61990208743652
3.7380605735661	0.61975516315067
3.7348007723932	0.61961149848230
3.7315466517301	0.61947109349035
3.7282981967417	0.61933394824883
3.7250553926441	0.61920006284665
3.7218182247052	0.61906943738760
3.7185866782436	0.61894207199010
3.7153607386293	0.61881796678711
3.7121403912828	0.61869712192596
3.7089256216751	0.61857953756815
3.7057164153276	0.61846521388918
3.7025127578115	0.61835415107835
3.6993146347483	0.61824634933851
3.6961220318087	0.61814180888585
3.6929349347130	0.61804052994966
3.6897533292308	0.61794251277207
3.6865772011805	0.61784775760775
3.6834065364295	0.61775626472367
3.6802413208937	0.61766803439876
3.6770815405372	0.61758306692361
3.6739271813725	0.61750136260014
3.6707782294600	0.61742292174128
3.6676346709078	0.61734774467058
3.6644964918714	0.61727583172186
3.6613636785540	0.61720718323882
3.6582362172056	0.61714179957466
3.6551140941234	0.61707968109163
3.6519972956511	0.61702082816065
3.6488858081792	0.61696524116083
3.6457796181442	0.61691292047903
3.6426787120292	0.61686386650942
3.6395830763628	0.61681807965294
3.6364926977196	0.61677556031685
3.6334075627197	0.61673630891420
3.6303276580286	0.61670032586330
3.6272529703569	0.61666761158719
3.6241834864603	0.61663816651308
3.6211191931393	0.61661199107177
3.6180600772387	0.61658908569709
3.6150061256481	0.61656945082529
3.6119573253012	0.61655308689441
3.6089136631756	0.61653999434369
3.6058751262930	0.61653017361288
3.6028417017185	0.61652362514163
3.5998133765610	0.61652034936879
3.5967901379724	0.61652034673174
3.5937719731479	0.61652361766567
3.5907588693257	0.61653016260290
3.5877508137865	0.61653998197212
3.5847477938539	0.61655307619765
3.5817497968937	0.61656944569870
3.5787568103140	0.61658909088857
3.5757688215649	0.61661201217391
3.5727858181385	0.61663820995385
3.5698077875685	0.61666768461925
3.5668347174301	0.61670043655183
3.5638665953400	0.61673646612335
3.5609034089559	0.61677577369472
3.5579451459767	0.61681835961517
3.5549917941421	0.61686422422132
3.5520433412322	0.61691336783630
3.5490997750681	0.61696579076884
3.5461610835108	0.61702149331234
3.5432272544616	0.61708047574389
3.5402982758621	0.61714273832337
3.5373741356932	0.61720828129243
3.5344548219759	0.61727710487355
3.5315403227706	0.61734920926898
3.5286306261770	0.61742459465979
3.5257257203340	0.61750326120481
3.5228255934195	0.61758520903958
3.5199302336503	0.61767043827534
3.5170396292820	0.61775894899791
3.5141537686086	0.61785074126665
3.5112726399625	0.61794581511336
3.5083962317145	0.61804417054116
3.5055245322732	0.61814580752335
3.5026575300853	0.61825072600235
3.4997952136353	0.61835892588849
3.4969375714452	0.61847040705887
3.4940845920746	0.61858516935620
3.4912362641202	0.61870321258761
3.4883925762160	0.61882453652346
3.4855535170329	0.61894914089613
3.4827190752788	0.61907702539881
3.4798892396982	0.61920818968425
3.4770639990721	0.61934263336354
3.4742433422181	0.61948035600485
3.4714272579898	0.61962135713217
3.4686157352771	0.61976563622402
3.4658087630058	0.61991319271218
3.4630063301375	0.62006402598038
3.4602084256694	0.62021813536301
3.4574150386345	0.62037552014379
3.4546261581009	0.62053617955443
3.4518417731721	0.62070011277334
3.4490618729867	0.62086731892420
3.4462864467180	0.62103779707469
3.4435154835745	0.62121154623508
3.4407489727993	0.62138856535685
3.4379869036697	0.62156885333132
3.4352292654979	0.62175240898825
3.4324760476300	0.62193923109446
3.4297272394463	0.62212931835238
3.4269828303612	0.62232266939866
3.4242428098230	0.62251928280276
3.4215071673134	0.62271915706547
3.4187758923480	0.62292229061754
3.4160489744758	0.62312868181815
3.4133264032791	0.62333832895353
3.4106081683732	0.62355123023548
3.4078942594066	0.62376738379988
3.4051846660609	0.62398678770524
3.4024793780502	0.62420943993125
3.3997783851213	0.62443533837725
3.3970816770538	0.62466448086077
3.3943892436594	0.62489686511606
3.3917010747822	0.62513248879257
3.3890171602984	0.62537134945345
3.3863374901163	0.62561344457407
3.3836620541761	0.62585877154051
3.3809908424495	0.62610732764804
3.3783238449403	0.62635911009966
3.3756610516834	0.62661411600451
3.3730024527453	0.62687234237642
3.3703480382237	0.62713378613240
3.3676977982476	0.62739844409108
3.3650517229768	0.62766631297124
3.3624098026021	0.62793738939029
3.3597720273451	0.62821166986272
3.3571383874580	0.62848915079865
3.3545088732237	0.62876982850225
3.3518834749553	0.62905369917030
3.3492621829963	0.62934075889063
3.3466449877205	0.62963100364063
3.3440318795315	0.62992442928577
3.3414228488631	0.63022103157806
3.3388178861789	0.63052080615460
3.3362169819720	0.63082374853605
3.3336201267653	0.63112985412520
3.3310273111111	0.63143911820540
