#Parameters = {thARC=0; nARC=2.5; thsub=1; p=1; nSub=4.25}
#"Wavelength / um"	"T (739) [Real Part]"
#---------------------------------------
14.989622900000	0.61677983185439
14.937342202292	0.61681435273139
14.885424925521	0.61684786499917
14.833867293419	0.61688038298517
14.782665581854	0.61691192093618
14.731816117936	0.61694249301744
14.681315279138	0.61697211331182
14.631159492435	0.61700079581904
14.581345233463	0.61702855445479
14.531869025691	0.61705540305004
14.482727439614	0.61708135535026
14.433917091960	0.61710642501465
14.385434644914	0.61713062561547
14.337276805356	0.61715397063733
14.289440324118	0.61717647347651
14.241921995249	0.61719814744030
14.194718655303	0.61721900574639
14.147827182633	0.61723906152223
14.101244496707	0.61725832780444
14.054967557431	0.61727681753825
14.008993364486	0.61729454357691
13.963318956684	0.61731151868117
13.917941411328	0.61732775551878
13.872857843591	0.61734326666393
13.828065405904	0.61735806459685
13.783561287356	0.61737216170327
13.739342713107	0.61738557027402
13.695406943810	0.61739830250458
13.651751275046	0.61741037049470
13.608373036768	0.61742178624797
13.565269592760	0.61743256167147
13.522438340099	0.61744270857542
13.479876708633	0.61745223867283
13.437582160466	0.61746116357918
13.395552189455	0.61746949481212
13.353784320713	0.61747724379119
13.312276110124	0.61748442183754
13.271025143869	0.61749104017367
13.230029037952	0.61749710992324
13.189285437747	0.61750264211078
13.148792017544	0.61750764766154
13.108546480105	0.61751213740130
13.068546556234	0.61751612205616
13.028790004346	0.61751961225245
12.989274610052	0.61752261851652
12.949998185745	0.61752515127466
12.910958570198	0.61752722085299
12.872153628167	0.61752883747735
12.833581250000	0.61753001127324
12.795239351259	0.61753075226574
12.757125872340	0.61753107037946
12.719238778108	0.61753097543855
12.681576057530	0.61753047716660
12.644135723323	0.61752958518672
12.606915811606	0.61752830902150
12.569914381551	0.61752665809302
12.533129515050	0.61752464172295
12.496559316382	0.61752226913253
12.460201911887	0.61751954944266
12.424055449648	0.61751649167400
12.388118099174	0.61751310474704
12.352388051092	0.61750939748218
12.316863516845	0.61750537859989
12.281542728390	0.61750105672079
12.246423937908	0.61749644036584
12.211505417515	0.61749153795645
12.176785458976	0.61748635781469
12.142262373431	0.61748090816340
12.107934491115	0.61747519712644
12.073800161095	0.61746923272886
12.039857751004	0.61746302289713
12.006105646776	0.61745657545932
11.972542252396	0.61744989814539
11.939165989646	0.61744299858741
11.905975297855	0.61743588431977
11.872968633663	0.61742856277954
11.840144470774	0.61742104130665
11.807501299724	0.61741332714424
11.775037627651	0.61740542743894
11.742751978065	0.61739734924115
11.710642890625	0.61738909950538
11.678708920919	0.61738068509058
11.646948640249	0.61737211276047
11.615360635413	0.61736338918385
11.583943508501	0.61735452093502
11.552695876686	0.61734551449409
11.521616372022	0.61733637624734
11.490703641242	0.61732711248765
11.459956345566	0.61731772941487
11.429373160503	0.61730823313617
11.398952775665	0.61729862966652
11.368693894577	0.61728892492904
11.338595234493	0.61727912475546
11.308655526217	0.61726923488651
11.278873513920	0.61725926097239
11.249247954972	0.61724920857321
11.219777619760	0.61723908315939
11.190461291527	0.61722889011221
11.161297766195	0.61721863472417
11.132285852209	0.61720832219954
11.103424370370	0.61719795765479
11.074712153676	0.61718754611910
11.046148047163	0.61717709253486
11.017730907755	0.61716660175810
10.989459604106	0.61715607855908
10.961333016453	0.61714552762275
10.933350036470	0.61713495354927
10.905509567115	0.61712436085452
10.877810522496	0.61711375397066
10.850251827723	0.61710313724663
10.822832418773	0.61709251494868
10.795551242348	0.61708189126095
10.768407255747	0.61707127028598
10.741399426729	0.61706065604527
10.714526733381	0.61705005247985
10.687788163993	0.61703946345081
10.661182716927	0.61702889273989
10.634709400497	0.61701834405006
10.608367232838	0.61700782100606
10.582155241793	0.61699732715498
10.556072464789	0.61698686596689
10.530117948718	0.61697644083535
10.504290749825	0.61696605507807
10.478589933590	0.61695571193744
10.453014574616	0.61694541458119
10.427563756522	0.61693516610292
10.402236571825	0.61692496952278
10.377032121841	0.61691482778799
10.351949516575	0.61690474377351
10.326987874612	0.61689472028264
10.302146323024	0.61688476004762
10.277423997257	0.61687486573025
10.252820041040	0.61686503992252
10.228333606278	0.61685528514722
10.203963852961	0.61684560385858
10.179709949066	0.61683599844286
10.155571070461	0.61682647121904
10.131546400811	0.61681702443937
10.107635131490	0.61680766029007
10.083836461487	0.61679838089196
10.060149597315	0.61678918830103
10.036573752929	0.61678008450916
10.013108149633	0.61677107144470
9.9897520159947	0.61676215097314
9.9665045877660	0.61675332489773
9.9433651077944	0.61674459496017
9.9203328259431	0.61673596284117
9.8974069990096	0.61672743016117
9.8745868906456	0.61671899848097
9.8518717712783	0.61671066930233
9.8292609180328	0.61670244406868
9.8067536146549	0.61669432416574
9.7843491514360	0.61668631092214
9.7620468251384	0.61667840561011
9.7398459389214	0.61667060944614
9.7177458022690	0.61666292359155
9.6957457309185	0.61665534915324
9.6738450467893	0.61664788718426
9.6520430779137	0.61664053868451
9.6303391583681	0.61663330460136
9.6087326282051	0.61662618583031
9.5872228333866	0.61661918321564
9.5658091257179	0.61661229755104
9.5444908627826	0.61660552958030
9.5232674078780	0.61659887999791
9.5021381299525	0.61659234944973
9.4811024035421	0.61658593853364
9.4601596087094	0.61657964780017
9.4393091309824	0.61657347775316
9.4185503612944	0.61656742885039
9.3978826959248	0.61656150150423
9.3773055364404	0.61655569608229
9.3568182896380	0.61655001290805
9.3364203674868	0.61654445226147
9.3161111870727	0.61653901437971
9.2958901705426	0.61653369945766
9.2757567450495	0.61652850764868
9.2557103426984	0.61652343906514
9.2357504004929	0.61651849377914
9.2158763602828	0.61651367182306
9.1960876687117	0.61650897319023
9.1763837771656	0.61650439783559
9.1567641417227	0.61649994567622
9.1372282231027	0.61649561659207
9.1177754866180	0.61649141042651
9.0984054021244	0.61648732698698
9.0791174439733	0.61648336604561
9.0599110909640	0.61647952733980
9.0407858262967	0.61647581057288
9.0217411375263	0.61647221541471
9.0027765165165	0.61646874150225
8.9838914593947	0.61646538844021
8.9650854665072	0.61646215580166
8.9463580423754	0.61645904312858
8.9277086956522	0.61645604993251
8.9091369390788	0.61645317569512
8.8906422894425	0.61645041986882
8.8722242675348	0.61644778187733
8.8538823981099	0.61644526111630
8.8356162098438	0.61644285695385
8.8174252352941	0.61644056873120
8.7993090108600	0.61643839576323
8.7812670767428	0.61643633733905
8.7632989769073	0.61643439272260
8.7454042590432	0.61643256115316
8.7275824745269	0.61643084184602
8.7098331783847	0.61642923399294
8.6921559292549	0.61642773676278
8.6745502893519	0.61642634930202
8.6570158244297	0.61642507073537
8.6395521037464	0.61642390016624
8.6221587000288	0.61642283667736
8.6048351894374	0.61642187933129
8.5875811515325	0.61642102717099
8.5703961692396	0.61642027922030
8.5532798288160	0.61641963448457
8.5362317198178	0.61641909195109
8.5192514350668	0.61641865058969
8.5023385706183	0.61641830935325
8.4854927257288	0.61641806717817
8.4687135028249	0.61641792298498
8.4520005074711	0.61641787567877
8.4353533483399	0.61641792414974
8.4187716371806	0.61641806727369
8.4022549887892	0.61641830391256
8.3858030209790	0.61641863291487
8.3694153545505	0.61641905311626
8.3530916132627	0.61641956333995
8.3368314238042	0.61642016239725
8.3206344157646	0.61642084908804
8.3045002216066	0.61642162220124
8.2884284766381	0.61642248051528
8.2724188189845	0.61642342279859
8.2564708895621	0.61642444781006
8.2405843320506	0.61642555429948
8.2247587928669	0.61642674100803
8.2089939211391	0.61642800666872
8.1932893686800	0.61642935000684
8.1776447899618	0.61643076974041
8.1620598420909	0.61643226458063
8.1465341847826	0.61643383323229
8.1310674803363	0.61643547439422
8.1156593936113	0.61643718675974
8.1003095920022	0.61643896901705
8.0850177454153	0.61644081984967
8.0697835262450	0.61644273793685
8.0546066093498	0.61644472195398
8.0394866720300	0.61644677057301
8.0244233940043	0.61644888246282
8.0094164573871	0.61645105628968
7.9944655466667	0.61645329071758
7.9795703486825	0.61645558440865
7.9647305526036	0.61645793602353
7.9499458499072	0.61646034422180
7.9352159343568	0.61646280766228
7.9205405019815	0.61646532500345
7.9059192510549	0.61646789490381
7.8913518820742	0.61647051602226
7.8768380977404	0.61647318701840
7.8623776029373	0.61647590655294
7.8479701047120	0.61647867328804
7.8336153122550	0.61648148588765
7.8193129368805	0.61648434301781
7.8050626920073	0.61648724334705
7.7908642931393	0.61649018554670
7.7767174578470	0.61649316829118
7.7626219057483	0.61649619025837
7.7485773584906	0.61649925012989
7.7345835397317	0.61650234659145
7.7206401751223	0.61650547833312
7.7067469922879	0.61650864404966
7.6929037208109	0.61651184244079
7.6791100922131	0.61651507221151
7.6653658399386	0.61651833207240
7.6516706993364	0.61652162073986
7.6380244076433	0.61652493693643
7.6244267039674	0.61652827939104
7.6108773292714	0.61653164683929
7.5973760263558	0.61653503802374
7.5839225398432	0.61653845169411
7.5705166161616	0.61654188660762
7.5571580035291	0.61654534152915
7.5438464519376	0.61654881523156
7.5305817131374	0.61655230649592
7.5173635406219	0.61655581411170
7.5041916896120	0.61655933687707
7.4910659170415	0.61656287359908
7.4779859815415	0.61656642309390
7.4649516434263	0.61656998418706
7.4519626646781	0.61657355571362
7.4390188089330	0.61657713651843
7.4261198414664	0.61658072545630
7.4132655291790	0.61658432139222
7.4004556405826	0.61658792320154
7.3876899457861	0.61659152977018
7.3749682164822	0.61659513999481
7.3622902259332	0.61659875278303
7.3496557489581	0.61660236705356
7.3370645619187	0.61660598173639
7.3245164427071	0.61660959577299
7.3120111707317	0.61661320811641
7.2995485269053	0.61661681773152
7.2871282936315	0.61662042359511
7.2747502547925	0.61662402469605
7.2624141957364	0.61662762003546
7.2501199032648	0.61663120862682
7.2378671656205	0.61663478949615
7.2256557724753	0.61663836168208
7.2134855149182	0.61664192423607
7.2013561854432	0.61664547622243
7.1892675779376	0.61664901671854
7.1772194876706	0.61665254481490
7.1652117112811	0.61665605961526
7.1532440467669	0.61665956023673
7.1413162934731	0.61666304580989
7.1294282520809	0.61666651547890
7.1175797245964	0.61666996840154
7.1057705143399	0.61667340374936
7.0940004259347	0.61667682070776
7.0822692652965	0.61668021847603
7.0705768396226	0.61668359626747
7.0589229573817	0.61668695330946
7.0473074283028	0.61669028884349
7.0357300633654	0.61669360212530
7.0241906747891	0.61669689242484
7.0126890760234	0.61670015902645
7.0012250817375	0.61670340122880
6.9897985078107	0.61670661834502
6.9784091713222	0.61670980970269
6.9670568905415	0.61671297464392
6.9557414849188	0.61671611252539
6.9444627750753	0.61671922271833
6.9332205827937	0.61672230460863
6.9220147310090	0.61672535759681
6.9108450437990	0.61672838109804
6.8997113463751	0.61673137454221
6.8886134650735	0.61673433737389
6.8775512273457	0.61673726905236
6.8665244617499	0.61674016905165
6.8555329979419	0.61674303686049
6.8445766666667	0.61674587198233
6.8336552997493	0.61674867393537
6.8227687300865	0.61675144225250
6.8119167916383	0.61675417648134
6.8010993194192	0.61675687618416
6.7903161494904	0.61675954093796
6.7795671189507	0.61676217033435
6.7688520659291	0.61676476397959
6.7581708295762	0.61676732149454
6.7475232500563	0.61676984251462
6.7369091685393	0.61677232668980
6.7263284271932	0.61677477368454
6.7157808691756	0.61677718317777
6.7052663386267	0.61677955486283
6.6947846806610	0.61678188844742
6.6843357413601	0.61678418365357
6.6739193677649	0.61678644021756
6.6635354078684	0.61678865788990
6.6531837106081	0.61679083643523
6.6428641258586	0.61679297563229
6.6325765044248	0.61679507527382
6.6223206980340	0.61679713516654
6.6120965593295	0.61679915513103
6.6019039418630	0.61680113500170
6.5917427000879	0.61680307462666
6.5816126893524	0.61680497386770
6.5715137658922	0.61680683260016
6.5614457868243	0.61680865071288
6.5514086101399	0.61681042810809
6.5414020946978	0.61681216470132
6.5314261002179	0.61681386042132
6.5214804872743	0.61681551520996
6.5115651172893	0.61681712902212
6.5016798525266	0.61681870182561
6.4918245560849	0.61682023360105
6.4819990918919	0.61682172434177
6.4722033246978	0.61682317405373
6.4624371200690	0.61682458275534
6.4527003443823	0.61682595047743
6.4429928648184	0.61682727726307
6.4333145493562	0.61682856316751
6.4236652667667	0.61682980825800
6.4140448866068	0.61683101261374
6.4044532792138	0.61683217632568
6.3948903156997	0.61683329949646
6.3853558679446	0.61683438224025
6.3758498085921	0.61683542468263
6.3663720110427	0.61683642696045
6.3569223494487	0.61683738922171
6.3475006987084	0.61683831162544
6.3381069344609	0.61683919434151
6.3287409330800	0.61684003755054
6.3194025716695	0.61684084144377
6.3100917280572	0.61684160622286
6.3008082807902	0.61684233209981
6.2915521091291	0.61684301929677
6.2823230930427	0.61684366804593
6.2731211132036	0.61684427858934
6.2639460509820	0.61684485117879
6.2547977884415	0.61684538607564
6.2456762083333	0.61684588355066
6.2365811940919	0.61684634388392
6.2275126298297	0.61684676736459
6.2184704003319	0.61684715429079
6.2094543910522	0.61684750496948
6.2004644881075	0.61684781971622
6.1915005782734	0.61684809885510
6.1825625489792	0.61684834271852
6.1736502883031	0.61684855164705
6.1647636849681	0.61684872598925
6.1559026283368	0.61684886610155
6.1470670084068	0.61684897234803
6.1382567158067	0.61684904510030
6.1294716417910	0.61684908473732
6.1207116782360	0.61684909164522
6.1119767176351	0.61684906621714
6.1032666530945	0.61684900885307
6.0945813783289	0.61684891995970
6.0859207876573	0.61684879995020
6.0772847759984	0.61684864924408
6.0686732388664	0.61684846826704
6.0600860723671	0.61684825745076
6.0515231731934	0.61684801723275
6.0429844386212	0.61684774805617
6.0344697665056	0.61684745036968
6.0259790552764	0.61684712462723
6.0175122039342	0.61684677128793
6.0090691120465	0.61684639081582
6.0006496797438	0.61684598367978
5.9922538077154	0.61684555035326
5.9838813972056	0.61684509131420
5.9755323500100	0.61684460704478
5.9672065684713	0.61684409803129
5.9589039554760	0.61684356476395
5.9506244144502	0.61684300773672
5.9423678493558	0.61684242744714
5.9341341646873	0.61684182439616
5.9259232654675	0.61684119908796
5.9177350572444	0.61684055202978
5.9095694460871	0.61683988373174
5.9014263385827	0.61683919470667
5.8933056418321	0.61683848546996
5.8852072634472	0.61683775653933
5.8771311115468	0.61683700843474
5.8690770947533	0.61683624167814
5.8610451221896	0.61683545679336
5.8530351034752	0.61683465430590
5.8450469487229	0.61683383474277
5.8370805685358	0.61683299863234
5.8291358740035	0.61683214650415
5.8212127766990	0.61683127888875
5.8133111886756	0.61683039631751
5.8054310224632	0.61682949932251
5.7975721910656	0.61682858843631
5.7897346079567	0.61682766419182
5.7819181870781	0.61682672712213
5.7741228428351	0.61682577776034
5.7663484900942	0.61682481663940
5.7585950441798	0.61682384429196
5.7508624208709	0.61682286125018
5.7431505363985	0.61682186804561
5.7354593074421	0.61682086520898
5.7277886511272	0.61681985327011
5.7201384850219	0.61681883275766
5.7125087271341	0.61681780419908
5.7048992959087	0.61681676812037
5.6973101102242	0.61681572504597
5.6897410893908	0.61681467549859
5.6821921531463	0.61681361999907
5.6746632216544	0.61681255906621
5.6671542155009	0.61681149321666
5.6596650556919	0.61681042296473
5.6521956636501	0.61680934882227
5.6447459612126	0.61680827129849
5.6373158706281	0.61680719089988
5.6299053145540	0.61680610813001
5.6225142160540	0.61680502348941
5.6151424985952	0.61680393747542
5.6077900860456	0.61680285058209
5.6004569026714	0.61680176329999
5.5931428731343	0.61680067611611
5.5858479224893	0.61679958951370
5.5785719761816	0.61679850397219
5.5713149600446	0.61679741996700
5.5640768002970	0.61679633796943
5.5568574235403	0.61679525844657
5.5496567567568	0.61679418186110
5.5424747273063	0.61679310867126
5.5353112629247	0.61679203933063
5.5281662917204	0.61679097428810
5.5210397421731	0.61678991398769
5.5139315431304	0.61678885886846
5.5068416238060	0.61678780936437
5.4997699137773	0.61678676590421
5.4927163429828	0.61678572891147
5.4856808417200	0.61678469880419
5.4786633406433	0.61678367599493
5.4716637707611	0.61678266089060
5.4646820634342	0.61678165389237
5.4577181503732	0.61678065539561
5.4507719636364	0.61677966578974
5.4438434356274	0.61677868545813
5.4369324990932	0.61677771477807
5.4300390871219	0.61677675412060
5.4231631331404	0.61677580385046
5.4163045709124	0.61677486432598
5.4094633345363	0.61677393589902
5.4026393584430	0.61677301891485
5.3958325773938	0.61677211371210
5.3890429264785	0.61677122062266
5.3822703411131	0.61677033997159
5.3755147570378	0.61676947207707
5.3687761103152	0.61676861725031
5.3620543373278	0.61676777579548
5.3553493747767	0.61676694800963
5.3486611596789	0.61676613418264
5.3419896293656	0.61676533459715
5.3353347214807	0.61676454952846
5.3286963739780	0.61676377924454
5.3220745251198	0.61676302400591
5.3154691134752	0.61676228406558
5.3088800779175	0.61676155966905
5.3023073576229	0.61676085105421
5.2957508920685	0.61676015845131
5.2892106210303	0.61675948208288
5.2826864845815	0.61675882216374
5.2761784230905	0.61675817890091
5.2696863772192	0.61675755249359
5.2632102879213	0.61675694313309
5.2567500964405	0.61675635100286
5.2503057443082	0.61675577627837
5.2438771733427	0.61675521912715
5.2374643256464	0.61675467970872
5.2310671436050	0.61675415817456
5.2246855698850	0.61675365466812
5.2183195474326	0.61675316932475
5.2119690194715	0.61675270227173
5.2056339295016	0.61675225362820
5.1993142212973	0.61675182350518
5.1930098389052	0.61675141200554
5.1867207266436	0.61675101922400
5.1804468290997	0.61675064524710
5.1741880911288	0.61675029015323
5.1679444578521	0.61674995401258
5.1617158746556	0.61674963688717
5.1555022871883	0.61674933883084
5.1493036413604	0.61674905988925
5.1431198833419	0.61674880009988
5.1369509595613	0.61674855949207
5.1307968167037	0.61674833808697
5.1246574017094	0.61674813589761
5.1185326617722	0.61674795292888
5.1124225443383	0.61674778917755
5.1063269971044	0.61674764463230
5.1002459680163	0.61674751927372
5.0941794052676	0.61674741307438
5.0881272572980	0.61674732599880
5.0820894727920	0.61674725800348
5.0760660006773	0.61674720903700
5.0700567901235	0.61674717903995
5.0640617905405	0.61674716794505
5.0580809515775	0.61674717567715
5.0521142231210	0.61674720215324
5.0461615552937	0.61674724728257
5.0402228984533	0.61674731096660
5.0342982031906	0.61674739309913
5.0283874203287	0.61674749356627
5.0224905009214	0.61674761224655
5.0166073962517	0.61674774901095
5.0107380578305	0.61674790372295
5.0048824373957	0.61674807623858
4.9990404869101	0.61674826640649
4.9932121585610	0.61674847406802
4.9873974047579	0.61674869905724
4.9815961781323	0.61674894120102
4.9758084315353	0.61674920031912
4.9700341180371	0.61674947622420
4.9642731909256	0.61674976872197
4.9585256037049	0.61675007761120
4.9527913100942	0.61675040268383
4.9470702640264	0.61675074372502
4.9413624196473	0.61675110051325
4.9356677313138	0.61675147282038
4.9299861535932	0.61675186041176
4.9243176412615	0.61675226304628
4.9186621493027	0.61675268047650
4.9130196329072	0.61675311244869
4.9073900474709	0.61675355870294
4.9017733485939	0.61675401897327
4.8961694920790	0.61675449298770
4.8905784339315	0.61675498046834
4.8850001303569	0.61675548113153
4.8794345377604	0.61675599468787
4.8738816127459	0.61675652084239
4.8683413121143	0.61675705929459
4.8628135928629	0.61675760973860
4.8572984121841	0.61675817186325
4.8517957274640	0.61675874535218
4.8463054962819	0.61675932988397
4.8408276764088	0.61675992513222
4.8353622258065	0.61676053076568
4.8299091026261	0.61676114644838
4.8244682652076	0.61676177183969
4.8190396720784	0.61676240659451
4.8136232819525	0.61676305036331
4.8082190537289	0.61676370279232
4.8028269464915	0.61676436352361
4.7974469195071	0.61676503219522
4.7920789322251	0.61676570844127
4.7867229442759	0.61676639189213
4.7813789154705	0.61676708217448
4.7760468057989	0.61676777891150
4.7707265754297	0.61676848172295
4.7654181847083	0.61676919022534
4.7601215941569	0.61676990403203
4.7548367644726	0.61677062275335
4.7495636565272	0.61677134599681
4.7443022313657	0.61677207336712
4.7390524502055	0.61677280446643
4.7338142744355	0.61677353889439
4.7285876656151	0.61677427624834
4.7233725854735	0.61677501612342
4.7181689959081	0.61677575811271
4.7129768589844	0.61677650180738
4.7077961369347	0.61677724679682
4.7026267921569	0.61677799266879
4.6974687872140	0.61677873900957
4.6923220848333	0.61677948540408
4.6871866479049	0.61678023143605
4.6820624394815	0.61678097668815
4.6769494227769	0.61678172074211
4.6718475611657	0.61678246317894
4.6667568181818	0.61678320357900
4.6616771575183	0.61678394152218
4.6566085430258	0.61678467658804
4.6515509387122	0.61678540835599
4.6465043087415	0.61678613640537
4.6414686174330	0.61678686031567
4.6364438292607	0.61678757966665
4.6314299088522	0.61678829403846
4.6264268209877	0.61678900301186
4.6214345305997	0.61678970616831
4.6164530027718	0.61679040309012
4.6114822027380	0.61679109336066
4.6065220958820	0.61679177656444
4.6015726477360	0.61679245228732
4.5966338239804	0.61679312011661
4.5917055904426	0.61679377964126
4.5867879130967	0.61679443045199
4.5818807580621	0.61679507214145
4.5769840916031	0.61679570430438
4.5720978801281	0.61679632653772
4.5672220901889	0.61679693844083
4.5623566884797	0.61679753961558
4.5575016418364	0.61679812966652
4.5526569172361	0.61679870820103
4.5478224817961	0.61679927482950
4.5429983027731	0.61679982916541
4.5381843475628	0.61680037082557
4.5333805836988	0.61680089943018
4.5285869788520	0.61680141460303
4.5238035008299	0.61680191597166
4.5190301175761	0.61680240316745
4.5142667971691	0.61680287582582
4.5095135078219	0.61680333358637
4.5047702178813	0.61680377609298
4.5000368958271	0.61680420299402
4.4953135102714	0.61680461394244
4.4906000299581	0.61680500859596
4.4858964237618	0.61680538661717
4.4812026606876	0.61680574767370
4.4765187098701	0.61680609143834
4.4718445405728	0.61680641758920
4.4671801221875	0.61680672580985
4.4625254242334	0.61680701578944
4.4578804163569	0.61680728722283
4.4532450683304	0.61680753981078
4.4486193500519	0.61680777326001
4.4440032315446	0.61680798728340
4.4393966829557	0.61680818160006
4.4347996745562	0.61680835593554
4.4302121767401	0.61680851002186
4.4256341600236	0.61680864359774
4.4210655950450	0.61680875640865
4.4165064525633	0.61680884820699
4.4119567034584	0.61680891875217
4.4074163187298	0.61680896781076
4.4028852694963	0.61680899515661
4.3983635269953	0.61680900057097
4.3938510625824	0.61680898384258
4.3893478477306	0.61680894476784
4.3848538540295	0.61680888315087
4.3803690531853	0.61680879880366
4.3758934170194	0.61680869154618
4.3714269174686	0.61680856120645
4.3669695265841	0.61680840762070
4.3625212165309	0.61680823063344
4.3580819595871	0.61680803009760
4.3536517281441	0.61680780587459
4.3492304947048	0.61680755783441
4.3448182318841	0.61680728585578
4.3404149124077	0.61680698982621
4.3360205091119	0.61680666964207
4.3316349949429	0.61680632520875
4.3272583429561	0.61680595644067
4.3228905263158	0.61680556326144
4.3185315182944	0.61680514560389
4.3141812922723	0.61680470341017
4.3098398217366	0.61680423663185
4.3055070802815	0.61680374522997
4.3011830416069	0.61680322917513
4.2968676795184	0.61680268844757
4.2925609679267	0.61680212303721
4.2882628808468	0.61680153294377
4.2839733923978	0.61680091817678
4.2796924768023	0.61680027875568
4.2754201083856	0.61679961470987
4.2711562615757	0.61679892607875
4.2669009109024	0.61679821291180
4.2626540309967	0.61679747526865
4.2584155965909	0.61679671321906
4.2541855825174	0.61679592684304
4.2499639637085	0.61679511623084
4.2457507151961	0.61679428148305
4.2415458121109	0.61679342271056
4.2373492296820	0.61679254003466
4.2331609432364	0.61679163358706
4.2289809281986	0.61679070350989
4.2248091600902	0.61678974995574
4.2206456145291	0.61678877308772
4.2164902672293	0.61678777307942
4.2123430940003	0.61678675011496
4.2082040707468	0.61678570438900
4.2040731734680	0.61678463610676
4.1999503782572	0.61678354548398
4.1958356613016	0.61678243274701
4.1917289988814	0.61678129813272
4.1876303673697	0.61678014188856
4.1835397432319	0.61677896427252
4.1794571030252	0.61677776555313
4.1753824233983	0.61677654600946
4.1713156810909	0.61677530593108
4.1672568529330	0.61677404561807
4.1632059158450	0.61677276538096
4.1591628468368	0.61677146554073
4.1551276230076	0.61677014642877
4.1511002215453	0.61676880838687
4.1470806197261	0.61676745176712
4.1430687949143	0.61676607693194
4.1390647245616	0.61676468425400
4.1350683862069	0.61676327411616
4.1310797574755	0.61676184691146
4.1270988160793	0.61676040304301
4.1231255398157	0.61675894292398
4.1191599065677	0.61675746697750
4.1152018943034	0.61675597563662
4.1112514810752	0.61675446934420
4.1073086450199	0.61675294855290
4.1033733643581	0.61675141372503
4.0994456173937	0.61674986533251
4.0955253825137	0.61674830385678
4.0916126381875	0.61674672978869
4.0877073629670	0.61674514362842
4.0838095354856	0.61674354588539
4.0799191344584	0.61674193707812
4.0760361386812	0.61674031773419
4.0721605270307	0.61673868839004
4.0682922784638	0.61673704959096
4.0644313720174	0.61673540189086
4.0605777868075	0.61673374585225
4.0567315020298	0.61673208204604
4.0528924969582	0.61673041105144
4.0490607509454	0.61672873345582
4.0452362434219	0.61672704985457
4.0414189538959	0.61672536085098
4.0376088619529	0.61672366705603
4.0338059472551	0.61672196908831
4.0300101895416	0.61672026757382
4.0262215686274	0.61671856314583
4.0224400644036	0.61671685644469
4.0186656568365	0.61671514811770
4.0148983259676	0.61671343881890
4.0111380519133	0.61671172920893
4.0073848148643	0.61671001995481
4.0036385950855	0.61670831172978
3.9998993729153	0.61670660521311
3.9961671287657	0.61670490108987
3.9924418431216	0.61670320005079
3.9887234965407	0.61670150279202
3.9850120696531	0.61669981001493
3.9813075431607	0.61669812242589
3.9776098978373	0.61669644073607
3.9739191145281	0.61669476566121
3.9702351741491	0.61669309792141
3.9665580576872	0.61669143824087
3.9628877461996	0.61668978734770
3.9592242208135	0.61668814597364
3.9555674627260	0.61668651485386
3.9519174532033	0.61668489472666
3.9482741735809	0.61668328633327
3.9446376052632	0.61668169041759
3.9410077297226	0.61668010772590
3.9373845285001	0.61667853900661
3.9337679832043	0.61667698501002
3.9301580755113	0.61667544648800
3.9265547871644	0.61667392419375
3.9229580999738	0.61667241888151
3.9193679958164	0.61667093130626
3.9157844566353	0.61666946222346
3.9122074644395	0.61666801238873
3.9086370013038	0.61666658255756
3.9050730493682	0.61666517348501
3.9015155908381	0.61666378592541
3.8979646079834	0.61666242063203
3.8944200831385	0.61666107835679
3.8908819987021	0.61665975984991
3.8873503371369	0.61665846585963
3.8838250809690	0.61665719713181
3.8803062127880	0.61665595440970
3.8767937152463	0.61665473843351
3.8732875710594	0.61665354994010
3.8697877630050	0.61665238966268
3.8662942739231	0.61665125833038
3.8628070867156	0.61665015666797
3.8593261843460	0.61664908539546
3.8558515498392	0.61664804522774
3.8523831662812	0.61664703687424
3.8489210168186	0.61664606103854
3.8454650846588	0.61664511841800
3.8420153530693	0.61664420970338
3.8385718053777	0.61664333557848
3.8351344249712	0.61664249671970
3.8317031952965	0.61664169379572
3.8282780998595	0.61664092746704
3.8248591222251	0.61664019838565
3.8214462460166	0.61663950719455
3.8180394549159	0.61663885452741
3.8146387326632	0.61663824100813
3.8112440630562	0.61663766725043
3.8078554299505	0.61663713385743
3.8044728172589	0.61663664142125
3.8010962089514	0.61663619052253
3.7977255890550	0.61663578173008
3.7943609416530	0.61663541560037
3.7910022508852	0.61663509267715
3.7876495009476	0.61663481349098
3.7843026760919	0.61663457855879
3.7809617606256	0.61663438838345
3.7776267389113	0.61663424345329
3.7742975953670	0.61663414424166
3.7709743144654	0.61663409120648
3.7676568807339	0.61663408478978
3.7643452787544	0.61663412541720
3.7610394931627	0.61663421349755
3.7577395086488	0.61663434942236
3.7544453099562	0.61663453356534
3.7511568818819	0.61663476628197
3.7478742092762	0.61663504790896
3.7445972770422	0.61663537876381
3.7413260701360	0.61663575914429
3.7380605735661	0.61663618932797
3.7348007723932	0.61663666957171
3.7315466517301	0.61663720011116
3.7282981967417	0.61663778116026
3.7250553926441	0.61663841291077
3.7218182247052	0.61663909553169
3.7185866782436	0.61663982916883
3.7153607386293	0.61664061394423
3.7121403912828	0.61664144995570
3.7089256216751	0.61664233727625
3.7057164153276	0.61664327595360
3.7025127578115	0.61664426600965
3.6993146347483	0.61664530743996
3.6961220318087	0.61664640021318
3.6929349347130	0.61664754427059
3.6897533292308	0.61664873952548
3.6865772011805	0.61664998586270
3.6834065364295	0.61665128313803
3.6802413208937	0.61665263117772
3.6770815405372	0.61665402977790
3.6739271813725	0.61665547870403
3.6707782294600	0.61665697769038
3.6676346709078	0.61665852643945
3.6644964918714	0.61666012462144
3.6613636785540	0.61666177187368
3.6582362172056	0.61666346780007
3.6551140941234	0.61666521197053
3.6519972956511	0.61666700392046
3.6488858081792	0.61666884315011
3.6457796181442	0.61667072912411
3.6426787120292	0.61667266127080
3.6395830763628	0.61667463898176
3.6364926977196	0.61667666161116
3.6334075627197	0.61667872847526
3.6303276580286	0.61668083885178
3.6272529703569	0.61668299197935
3.6241834864603	0.61668518705693
3.6211191931393	0.61668742324326
3.6180600772387	0.61668969965623
3.6150061256481	0.61669201537236
3.6119573253012	0.61669436942616
3.6089136631756	0.61669676080961
3.6058751262930	0.61669918847155
3.6028417017185	0.61670165131706
3.5998133765610	0.61670414820698
3.5967901379724	0.61670667795719
3.5937719731479	0.61670923933816
3.5907588693257	0.61671183107427
3.5877508137865	0.61671445184326
3.5847477938539	0.61671710027566
3.5817497968937	0.61671977495416
3.5787568103140	0.61672247441309
3.5757688215649	0.61672519713775
3.5727858181385	0.61672794156392
3.5698077875685	0.61673070607718
3.5668347174301	0.61673348901239
3.5638665953400	0.61673628865309
3.5609034089559	0.61673910323090
3.5579451459767	0.61674193092494
3.5549917941421	0.61674476986124
3.5520433412322	0.61674761811220
3.5490997750681	0.61675047369594
3.5461610835108	0.61675333457576
3.5432272544616	0.61675619865956
3.5402982758621	0.61675906379923
3.5373741356932	0.61676192779010
3.5344548219759	0.61676478837036
3.5315403227706	0.61676764322046
3.5286306261770	0.61677048996256
3.5257257203340	0.61677332615993
3.5228255934195	0.61677614931640
3.5199302336503	0.61677895687580
3.5170396292820	0.61678174622133
3.5141537686086	0.61678451467507
3.5112726399625	0.61678725949736
3.5083962317145	0.61678997788627
3.5055245322732	0.61679266697699
3.5026575300853	0.61679532384134
3.4997952136353	0.61679794548717
3.4969375714452	0.61680052885779
3.4940845920746	0.61680307083147
3.4912362641202	0.61680556822083
3.4883925762160	0.61680801777235
3.4855535170329	0.61681041616580
3.4827190752788	0.61681276001367
3.4798892396982	0.61681504586071
3.4770639990721	0.61681727018330
3.4742433422181	0.61681942938901
3.4714272579898	0.61682151981599
3.4686157352771	0.61682353773253
3.4658087630058	0.61682547933645
3.4630063301375	0.61682734075466
3.4602084256694	0.61682911804260
3.4574150386345	0.61683080718377
3.4546261581009	0.61683240408916
3.4518417731721	0.61683390459685
3.4490618729867	0.61683530447140
3.4462864467180	0.61683659940347
3.4435154835745	0.61683778500923
3.4407489727993	0.61683885682996
3.4379869036697	0.61683981033153
3.4352292654979	0.61684064090394
3.4324760476300	0.61684134386085
3.4297272394463	0.61684191443912
3.4269828303612	0.61684234779837
3.4242428098230	0.61684263902048
3.4215071673134	0.61684278310922
3.4187758923480	0.61684277498974
3.4160489744758	0.61684260950817
3.4133264032791	0.61684228143120
3.4106081683732	0.61684178544565
3.4078942594066	0.61684111615805
3.4051846660609	0.61684026809423
3.4024793780502	0.61683923569894
3.3997783851213	0.61683801333542
3.3970816770538	0.61683659528505
3.3943892436594	0.61683497574694
3.3917010747822	0.61683314883759
3.3890171602984	0.61683110859047
3.3863374901163	0.61682884895572
3.3836620541761	0.61682636379976
3.3809908424495	0.61682364690496
3.3783238449403	0.61682069196930
3.3756610516834	0.61681749260606
3.3730024527453	0.61681404234346
3.3703480382237	0.61681033462440
3.3676977982476	0.61680636280612
3.3650517229768	0.61680212015992
3.3624098026021	0.61679759987088
3.3597720273451	0.61679279503757
3.3571383874580	0.61678769867179
3.3545088732237	0.61678230369831
3.3518834749553	0.61677660295462
3.3492621829963	0.61677058919070
3.3466449877205	0.61676425506879
3.3440318795315	0.61675759316315
3.3414228488631	0.61675059595987
3.3388178861789	0.61674325585666
3.3362169819720	0.61673556516268
3.3336201267653	0.61672751609832
3.3310273111111	0.61671910079508
