#Parameters = {thARC=0.8; nARC=2; thsub=1; p=1; nSub=4.25}
#"Wavelength / um"	"T (731) [Real Part]"
#---------------------------------------
14.989622900000	0.72375779050622
14.937342202292	0.72449929597737
14.885424925521	0.72524326797622
14.833867293419	0.72598969676656
14.782665581854	0.72673857252946
14.731816117936	0.72748988536299
14.681315279138	0.72824362528192
14.631159492435	0.72899978221746
14.581345233463	0.72975834601693
14.531869025691	0.73051930644351
14.482727439614	0.73128265317584
14.433917091960	0.73204837580777
14.385434644914	0.73281646384795
14.337276805356	0.73358690671951
14.289440324118	0.73435969375971
14.241921995249	0.73513481421954
14.194718655303	0.73591225726332
14.147827182633	0.73669201196837
14.101244496707	0.73747406732452
14.054967557431	0.73825841223375
14.008993364486	0.73904503550974
13.963318956684	0.73983392587744
13.917941411328	0.74062507197261
13.872857843591	0.74141846234136
13.828065405904	0.74221408543970
13.783561287356	0.74301192963302
13.739342713107	0.74381198319564
13.695406943810	0.74461423431029
13.651751275046	0.74541867106760
13.608373036768	0.74622528146557
13.565269592760	0.74703405340905
13.522438340099	0.74784497470920
13.479876708633	0.74865803308293
13.437582160466	0.74947321615234
13.395552189455	0.75029051144417
13.353784320713	0.75110990638919
13.312276110124	0.75193138832162
13.271025143869	0.75275494447854
13.230029037952	0.75358056199930
13.189285437747	0.75440822792485
13.148792017544	0.75523792919718
13.108546480105	0.75606965265862
13.068546556234	0.75690338505127
13.028790004346	0.75773911301630
12.989274610052	0.75857682309328
12.949998185745	0.75941650171957
12.910958570198	0.76025813522960
12.872153628167	0.76110170985419
12.833581250000	0.76194721171990
12.795239351259	0.76279462684828
12.757125872340	0.76364394115520
12.719238778108	0.76449514045012
12.681576057530	0.76534821043538
12.644135723323	0.76620313670551
12.606915811606	0.76705990474642
12.569914381551	0.76791849993473
12.533129515050	0.76877890753701
12.496559316382	0.76964111270903
12.460201911887	0.77050510049498
12.424055449648	0.77137085582676
12.388118099174	0.77223836352317
12.352388051092	0.77310760828916
12.316863516845	0.77397857471508
12.281542728390	0.77485124727583
12.246423937908	0.77572561033016
12.211505417515	0.77660164811984
12.176785458976	0.77747934476887
12.142262373431	0.77835868428269
12.107934491115	0.77923965054739
12.073800161095	0.78012222732890
12.039857751004	0.78100639827220
12.006105646776	0.78189214690052
11.972542252396	0.78277945661450
11.939165989646	0.78366831069141
11.905975297855	0.78455869228434
11.872968633663	0.78545058442138
11.840144470774	0.78634397000482
11.807501299724	0.78723883181030
11.775037627651	0.78813515248605
11.742751978065	0.78903291455206
11.710642890625	0.78993210039922
11.678708920919	0.79083269228859
11.646948640249	0.79173467235052
11.615360635413	0.79263802258388
11.583943508501	0.79354272485522
11.552695876686	0.79444876089801
11.521616372022	0.79535611231179
11.490703641242	0.79626476056137
11.459956345566	0.79717468697609
11.429373160503	0.79808587274894
11.398952775665	0.79899829893583
11.368693894577	0.79991194645479
11.338595234493	0.80082679608515
11.308655526217	0.80174282846683
11.278873513920	0.80266002409949
11.249247954972	0.80357836334181
11.219777619760	0.80449782641072
11.190461291527	0.80541839338063
11.161297766195	0.80634004418270
11.132285852209	0.80726275860407
11.103424370370	0.80818651628713
11.074712153676	0.80911129672883
11.046148047163	0.81003707927990
11.017730907755	0.81096384314417
10.989459604106	0.81189156737787
10.961333016453	0.81282023088893
10.933350036470	0.81374981243629
10.905509567115	0.81468029062922
10.877810522496	0.81561164392667
10.850251827723	0.81654385063661
10.822832418773	0.81747688891538
10.795551242348	0.81841073676708
10.768407255747	0.81934537204291
10.741399426729	0.82028077244061
10.714526733381	0.82121691550384
10.687788163993	0.82215377862159
10.661182716927	0.82309133902763
10.634709400497	0.82402957379996
10.608367232838	0.82496845986026
10.582155241793	0.82590797397334
10.556072464789	0.82684809274670
10.530117948718	0.82778879262995
10.504290749825	0.82873004991442
10.478589933590	0.82967184073260
10.453014574616	0.83061414105780
10.427563756522	0.83155692670365
10.402236571825	0.83250017332370
10.377032121841	0.83344385641107
10.351949516575	0.83438795129802
10.326987874612	0.83533243315565
10.302146323024	0.83627727699352
10.277423997257	0.83722245765936
10.252820041040	0.83816794983879
10.228333606278	0.83911372805500
10.203963852961	0.84005976666854
10.179709949066	0.84100603987708
10.155571070461	0.84195252171518
10.131546400811	0.84289918605412
10.107635131490	0.84384600660175
10.083836461487	0.84479295690231
10.060149597315	0.84574001033636
10.036573752929	0.84668714012065
10.013108149633	0.84763431930806
9.9897520159947	0.84858152078757
9.9665045877660	0.84952871728423
9.9433651077944	0.85047588135916
9.9203328259431	0.85142298540961
9.8974069990096	0.85237000166897
9.8745868906456	0.85331690220693
9.8518717712783	0.85426365892951
9.8292609180328	0.85521024357928
9.8067536146549	0.85615662773547
9.7843491514360	0.85710278281418
9.7620468251384	0.85804868006865
9.7398459389214	0.85899429058947
9.7177458022690	0.85993958530486
9.6957457309185	0.86088453498102
9.6738450467893	0.86182911022248
9.6520430779137	0.86277328147242
9.6303391583681	0.86371701901315
9.6087326282051	0.86466029296649
9.5872228333866	0.86560307329427
9.5658091257179	0.86654532979884
9.5444908627826	0.86748703212360
9.5232674078780	0.86842814975354
9.5021381299525	0.86936865201588
9.4811024035421	0.87030850808070
9.4601596087094	0.87124768696160
9.4393091309824	0.87218615751638
9.4185503612944	0.87312388844784
9.3978826959248	0.87406084830448
9.3773055364404	0.87499700548138
9.3568182896380	0.87593232822098
9.3364203674868	0.87686678461399
9.3161111870727	0.87780034260031
9.2958901705426	0.87873296996998
9.2757567450495	0.87966463436416
9.2557103426984	0.88059530327613
9.2357504004929	0.88152494405241
9.2158763602828	0.88245352389383
9.1960876687117	0.88338100985663
9.1763837771656	0.88430736885372
9.1567641417227	0.88523256765579
9.1372282231027	0.88615657289266
9.1177754866180	0.88707935105449
9.0984054021244	0.88800086849316
9.0791174439733	0.88892109142362
9.0599110909640	0.88983998592527
9.0407858262967	0.89075751794346
9.0217411375263	0.89167365329094
9.0027765165165	0.89258835764936
8.9838914593947	0.89350159657089
8.9650854665072	0.89441333547980
8.9463580423754	0.89532353967408
8.9277086956522	0.89623217432716
8.9091369390788	0.89713920448959
8.8906422894425	0.89804459509088
8.8722242675348	0.89894831094121
8.8538823981099	0.89985031673334
8.8356162098438	0.90075057704447
8.8174252352941	0.90164905633820
8.7993090108600	0.90254571896642
8.7812670767428	0.90344052917141
8.7632989769073	0.90433345108781
8.7454042590432	0.90522444874477
8.7275824745269	0.90611348606804
8.7098331783847	0.90700052688215
8.6921559292549	0.90788553491262
8.6745502893519	0.90876847378821
8.6570158244297	0.90964930704322
8.6395521037464	0.91052799811982
8.6221587000288	0.91140451037040
8.6048351894374	0.91227880706002
8.5875811515325	0.91315085136882
8.5703961692396	0.91402060639456
8.5532798288160	0.91488803515511
8.5362317198178	0.91575310059106
8.5192514350668	0.91661576556828
8.5023385706183	0.91747599288063
8.4854927257288	0.91833374525263
8.4687135028249	0.91918898534215
8.4520005074711	0.92004167574326
8.4353533483399	0.92089177898894
8.4187716371806	0.92173925755403
8.4022549887892	0.92258407385802
8.3858030209790	0.92342619026804
8.3694153545505	0.92426556910177
8.3530916132627	0.92510217263047
8.3368314238042	0.92593596308201
8.3206344157646	0.92676690264394
8.3045002216066	0.92759495346657
8.2884284766381	0.92842007766615
8.2724188189845	0.92924223732804
8.2564708895621	0.93006139450992
8.2405843320506	0.93087751124501
8.2247587928669	0.93169054954543
8.2089939211391	0.93250047140544
8.1932893686800	0.93330723880483
8.1776447899618	0.93411081371230
8.1620598420909	0.93491115808888
8.1465341847826	0.93570823389136
8.1310674803363	0.93650200307583
8.1156593936113	0.93729242760110
8.1003095920022	0.93807946943234
8.0850177454153	0.93886309054460
8.0697835262450	0.93964325292641
8.0546066093498	0.94041991858347
8.0394866720300	0.94119304954223
8.0244233940043	0.94196260785367
8.0094164573871	0.94272855559693
7.9944655466667	0.94349085488314
7.9795703486825	0.94424946785912
7.9647305526036	0.94500435671123
7.9499458499072	0.94575548366917
7.9352159343568	0.94650281100980
7.9205405019815	0.94724630106108
7.9059192510549	0.94798591620590
7.8913518820742	0.94872161888602
7.8768380977404	0.94945337160600
7.8623776029373	0.95018113693719
7.8479701047120	0.95090487752165
7.8336153122550	0.95162455607622
7.8193129368805	0.95234013539647
7.8050626920073	0.95305157836077
7.7908642931393	0.95375884793435
7.7767174578470	0.95446190717335
7.7626219057483	0.95516071922890
7.7485773584906	0.95585524735124
7.7345835397317	0.95654545489383
7.7206401751223	0.95723130531744
7.7067469922879	0.95791276219435
7.6929037208109	0.95858978921245
7.6791100922131	0.95926235017942
7.6653658399386	0.95993040902691
7.6516706993364	0.96059392981469
7.6380244076433	0.96125287673487
7.6244267039674	0.96190721411608
7.6108773292714	0.96255690642767
7.5973760263558	0.96320191828391
7.5839225398432	0.96384221444822
7.5705166161616	0.96447775983737
7.5571580035291	0.96510851952570
7.5438464519376	0.96573445874933
7.5305817131374	0.96635554291040
7.5173635406219	0.96697173758128
7.5041916896120	0.96758300850876
7.4910659170415	0.96818932161832
7.4779859815415	0.96879064301829
7.4649516434263	0.96938693900410
7.4519626646781	0.96997817606245
7.4390188089330	0.97056432087552
7.4261198414664	0.97114534032519
7.4132655291790	0.97172120149717
7.4004556405826	0.97229187168520
7.3876899457861	0.97285731839523
7.3749682164822	0.97341750934954
7.3622902259332	0.97397241249092
7.3496557489581	0.97452199598675
7.3370645619187	0.97506622823315
7.3245164427071	0.97560507785909
7.3120111707317	0.97613851373042
7.2995485269053	0.97666650495399
7.2871282936315	0.97718902088169
7.2747502547925	0.97770603111444
7.2624141957364	0.97821750550626
7.2501199032648	0.97872341416821
7.2378671656205	0.97922372747239
7.2256557724753	0.97971841605587
7.2134855149182	0.98020745082462
7.2013561854432	0.98069080295739
7.1892675779376	0.98116844390960
7.1772194876706	0.98164034541718
7.1652117112811	0.98210647950037
7.1532440467669	0.98256681846755
7.1413162934731	0.98302133491893
7.1294282520809	0.98347000175037
7.1175797245964	0.98391279215697
7.1057705143399	0.98434967963684
7.0940004259347	0.98478063799464
7.0822692652965	0.98520564134525
7.0705768396226	0.98562466411728
7.0589229573817	0.98603768105662
7.0473074283028	0.98644466722993
7.0357300633654	0.98684559802808
7.0241906747891	0.98724044916956
7.0126890760234	0.98762919670387
7.0012250817375	0.98801181701484
6.9897985078107	0.98838828682392
6.9784091713222	0.98875858319342
6.9670568905415	0.98912268352975
6.9557414849188	0.98948056558653
6.9444627750753	0.98983220746775
6.9332205827937	0.99017758763082
6.9220147310090	0.99051668488961
6.9108450437990	0.99084947841741
6.8997113463751	0.99117594774986
6.8886134650735	0.99149607278785
6.8775512273457	0.99180983380036
6.8665244617499	0.99211721142720
6.8555329979419	0.99241818668178
6.8445766666667	0.99271274095377
6.8336552997493	0.99300085601174
6.8227687300865	0.99328251400574
6.8119167916383	0.99355769746979
6.8010993194192	0.99382638932440
6.7903161494904	0.99408857287891
6.7795671189507	0.99434423183394
6.7688520659291	0.99459335028361
6.7581708295762	0.99483591271782
6.7475232500563	0.99507190402446
6.7369091685393	0.99530130949147
6.7263284271932	0.99552411480901
6.7157808691756	0.99574030607138
6.7052663386267	0.99594986977904
6.6947846806610	0.99615279284048
6.6843357413601	0.99634906257403
6.6739193677649	0.99653866670969
6.6635354078684	0.99672159339081
6.6531837106081	0.99689783117571
6.6428641258586	0.99706736903935
6.6325765044248	0.99723019637478
6.6223206980340	0.99738630299465
6.6120965593295	0.99753567913259
6.6019039418630	0.99767831544457
6.5917427000879	0.99781420301016
6.5816126893524	0.99794333333374
6.5715137658922	0.99806569834567
6.5614457868243	0.99818129040333
6.5514086101399	0.99829010229219
6.5414020946978	0.99839212722675
6.5314261002179	0.99848735885139
6.5214804872743	0.99857579124124
6.5115651172893	0.99865741890295
6.5016798525266	0.99873223677532
6.4918245560849	0.99880024023000
6.4819990918919	0.99886142507199
6.4722033246978	0.99891578754021
6.4624371200690	0.99896332430785
6.4527003443823	0.99900403248281
6.4429928648184	0.99903790960795
6.4333145493562	0.99906495366135
6.4236652667667	0.99908516305647
6.4140448866068	0.99909853664227
6.4044532792138	0.99910507370320
6.3948903156997	0.99910477395925
6.3853558679446	0.99909763756578
6.3758498085921	0.99908366511342
6.3663720110427	0.99906285762782
6.3569223494487	0.99903521656935
6.3475006987084	0.99900074383278
6.3381069344609	0.99895944174683
6.3287409330800	0.99891131307373
6.3194025716695	0.99885636100862
6.3100917280572	0.99879458917897
6.3008082807902	0.99872600164392
6.2915521091291	0.99865060289353
6.2823230930427	0.99856839784794
6.2731211132036	0.99847939185659
6.2639460509820	0.99838359069723
6.2547977884415	0.99828100057493
6.2456762083333	0.99817162812109
6.2365811940919	0.99805548039226
6.2275126298297	0.99793256486902
6.2184704003319	0.99780288945472
6.2094543910522	0.99766646247419
6.2004644881075	0.99752329267240
6.1915005782734	0.99737338921304
6.1825625489792	0.99721676167706
6.1736502883031	0.99705342006112
6.1647636849681	0.99688337477602
6.1559026283368	0.99670663664505
6.1470670084068	0.99652321690232
6.1382567158067	0.99633312719095
6.1294716417910	0.99613637956129
6.1207116782360	0.99593298646905
6.1119767176351	0.99572296077338
6.1032666530945	0.99550631573488
6.0945813783289	0.99528306501360
6.0859207876573	0.99505322266691
6.0772847759984	0.99481680314744
6.0686732388664	0.99457382130080
6.0600860723671	0.99432429236343
6.0515231731934	0.99406823196026
6.0429844386212	0.99380565610241
6.0344697665056	0.99353658118476
6.0259790552764	0.99326102398357
6.0175122039342	0.99297900165397
6.0090691120465	0.99269053172743
6.0006496797438	0.99239563210919
5.9922538077154	0.99209432107567
5.9838813972056	0.99178661727177
5.9755323500100	0.99147253970817
5.9672065684713	0.99115210775860
5.9589039554760	0.99082534115704
5.9506244144502	0.99049225999488
5.9423678493558	0.99015288471804
5.9341341646873	0.98980723612408
5.9259232654675	0.98945533535922
5.9177350572444	0.98909720391537
5.9095694460871	0.98873286362709
5.9014263385827	0.98836233666852
5.8933056418321	0.98798564555028
5.8852072634472	0.98760281311635
5.8771311115468	0.98721386254088
5.8690770947533	0.98681881732497
5.8610451221896	0.98641770129346
5.8530351034752	0.98601053859167
5.8450469487229	0.98559735368204
5.8370805685358	0.98517817134086
5.8291358740035	0.98475301665489
5.8212127766990	0.98432191501796
5.8133111886756	0.98388489212754
5.8054310224632	0.98344197398132
5.7975721910656	0.98299318687375
5.7897346079567	0.98253855739251
5.7819181870781	0.98207811241500
5.7741228428351	0.98161187910481
5.7663484900942	0.98113988490813
5.7585950441798	0.98066215755018
5.7508624208709	0.98017872503158
5.7431505363985	0.97968961562476
5.7354593074421	0.97919485787023
5.7277886511272	0.97869448057301
5.7201384850219	0.97818851279886
5.7125087271341	0.97767698387062
5.7048992959087	0.97715992336447
5.6973101102242	0.97663736110622
5.6897410893908	0.97610932716751
5.6821921531463	0.97557585186211
5.6746632216544	0.97503696574209
5.6671542155009	0.97449269959403
5.6596650556919	0.97394308443528
5.6521956636501	0.97338815151007
5.6447459612126	0.97282793228573
5.6373158706281	0.97226245844887
5.6299053145540	0.97169176190152
5.6225142160540	0.97111587475726
5.6151424985952	0.97053482933742
5.6077900860456	0.96994865816720
5.6004569026714	0.96935739397179
5.5931428731343	0.96876106967251
5.5858479224893	0.96815971838294
5.5785719761816	0.96755337340506
5.5713149600446	0.96694206822534
5.5640768002970	0.96632583651088
5.5568574235403	0.96570471210555
5.5496567567568	0.96507872902607
5.5424747273063	0.96444792145815
5.5353112629247	0.96381232375263
5.5281662917204	0.96317197042156
5.5210397421731	0.96252689613438
5.5139315431304	0.96187713571403
5.5068416238060	0.96122272413305
5.4997699137773	0.96056369650978
5.4927163429828	0.95990008810447
5.4856808417200	0.95923193431542
5.4786633406433	0.95855927067519
5.4716637707611	0.95788213284671
5.4646820634342	0.95720055661946
5.4577181503732	0.95651457790571
5.4507719636364	0.95582423273662
5.4438434356274	0.95512955725854
5.4369324990932	0.95443058772914
5.4300390871219	0.95372736051367
5.4231631331404	0.95301991208120
5.4163045709124	0.95230827900086
5.4094633345363	0.95159249793808
5.4026393584430	0.95087260565089
5.3958325773938	0.95014863898620
5.3890429264785	0.94942063487610
5.3822703411131	0.94868863033416
5.3755147570378	0.94795266245178
5.3687761103152	0.94721276839455
5.3620543373278	0.94646898539856
5.3553493747767	0.94572135076686
5.3486611596789	0.94496990186578
5.3419896293656	0.94421467612140
5.3353347214807	0.94345571101596
5.3286963739780	0.94269304408432
5.3220745251198	0.94192671291042
5.3154691134752	0.94115675512379
5.3088800779175	0.94038320839605
5.3023073576229	0.93960611043746
5.2957508920685	0.93882549899345
5.2892106210303	0.93804141184119
5.2826864845815	0.93725388678622
5.2761784230905	0.93646296165905
5.2696863772192	0.93566867431177
5.2632102879213	0.93487106261478
5.2567500964405	0.93407016445341
5.2503057443082	0.93326601772467
5.2438771733427	0.93245866033397
5.2374643256464	0.93164813019188
5.2310671436050	0.93083446521091
5.2246855698850	0.93001770330233
5.2183195474326	0.92919788237298
5.2119690194715	0.92837504032212
5.2056339295016	0.92754921503838
5.1993142212973	0.92672044439657
5.1930098389052	0.92588876625469
5.1867207266436	0.92505421845086
5.1804468290997	0.92421683880031
5.1741880911288	0.92337666509240
5.1679444578521	0.92253373508767
5.1617158746556	0.92168808651487
5.1555022871883	0.92083975706813
5.1493036413604	0.91998878440399
5.1431198833419	0.91913520613863
5.1369509595613	0.91827905984502
5.1307968167037	0.91742038305012
5.1246574017094	0.91655921323213
5.1185326617722	0.91569558781776
5.1124225443383	0.91482954417951
5.1063269971044	0.91396111963300
5.1002459680163	0.91309035143432
5.0941794052676	0.91221727677741
5.0881272572980	0.91134193279149
5.0820894727920	0.91046435653847
5.0760660006773	0.90958458501043
5.0700567901235	0.90870265512714
5.0640617905405	0.90781860373355
5.0580809515775	0.90693246759738
5.0521142231210	0.90604428340670
5.0461615552937	0.90515408776756
5.0402228984533	0.90426191720160
5.0342982031906	0.90336780814378
5.0283874203287	0.90247179694004
5.0224905009214	0.90157391984508
5.0166073962517	0.90067421302010
5.0107380578305	0.89977271253063
5.0048824373957	0.89886945434433
4.9990404869101	0.89796447432886
4.9932121585610	0.89705780824978
4.9873974047579	0.89614949176845
4.9815961781323	0.89523956044000
4.9758084315353	0.89432804971132
4.9700341180371	0.89341499491905
4.9642731909256	0.89250043128763
4.9585256037049	0.89158439392736
4.9527913100942	0.89066691783255
4.9470702640264	0.88974803787958
4.9413624196473	0.88882778882514
4.9356677313138	0.88790620530436
4.9299861535932	0.88698332182908
4.9243176412615	0.88605917278607
4.9186621493027	0.88513379243534
4.9130196329072	0.88420721490845
4.9073900474709	0.88327947420683
4.9017733485939	0.88235060420018
4.8961694920790	0.88142063862487
4.8905784339315	0.88048961108236
4.8850001303569	0.87955755503769
4.8794345377604	0.87862450381793
4.8738816127459	0.87769049061075
4.8683413121143	0.87675554846293
4.8628135928629	0.87581971027898
4.8572984121841	0.87488300881971
4.8517957274640	0.87394547670091
4.8463054962819	0.87300714639199
4.8408276764088	0.87206805021467
4.8353622258065	0.87112822034173
4.8299091026261	0.87018768879578
4.8244682652076	0.86924648744798
4.8190396720784	0.86830464801692
4.8136232819525	0.86736220206741
4.8082190537289	0.86641918100938
4.8028269464915	0.86547561609676
4.7974469195071	0.86453153842641
4.7920789322251	0.86358697893706
4.7867229442759	0.86264196840830
4.7813789154705	0.86169653745961
4.7760468057989	0.86075071654935
4.7707265754297	0.85980453597382
4.7654181847083	0.85885802586640
4.7601215941569	0.85791121619663
4.7548367644726	0.85696413676934
4.7495636565272	0.85601681722384
4.7443022313657	0.85506928703312
4.7390524502055	0.85412157550303
4.7338142744355	0.85317371177159
4.7285876656151	0.85222572480820
4.7233725854735	0.85127764341298
4.7181689959081	0.85032949621609
4.7129768589844	0.84938131167705
4.7077961369347	0.84843311808414
4.7026267921569	0.84748494355381
4.6974687872140	0.84653681603007
4.6923220848333	0.84558876328396
4.6871866479049	0.84464081291303
4.6820624394815	0.84369299234083
4.6769494227769	0.84274532881642
4.6718475611657	0.84179784941392
4.6667568181818	0.84085058103212
4.6616771575183	0.83990355039400
4.6566085430258	0.83895678404640
4.6515509387122	0.83801030835966
4.6465043087415	0.83706414952725
4.6414686174330	0.83611833356548
4.6364438292607	0.83517288631319
4.6314299088522	0.83422783343151
4.6264268209877	0.83328320040358
4.6214345305997	0.83233901253435
4.6164530027718	0.83139529495035
4.6114822027380	0.83045207259953
4.6065220958820	0.82950937025110
4.6015726477360	0.82856721249538
4.5966338239804	0.82762562374366
4.5917055904426	0.82668462822816
4.5867879130967	0.82574425000190
4.5818807580621	0.82480451293867
4.5769840916031	0.82386544073298
4.5720978801281	0.82292705690007
4.5672220901889	0.82198938477586
4.5623566884797	0.82105244751704
4.5575016418364	0.82011626810105
4.5526569172361	0.81918086932619
4.5478224817961	0.81824627381167
4.5429983027731	0.81731250399772
4.5381843475628	0.81637958214573
4.5333805836988	0.81544753033833
4.5285869788520	0.81451637047961
4.5238035008299	0.81358612429523
4.5190301175761	0.81265681333266
4.5142667971691	0.81172845896138
4.5095135078219	0.81080108237306
4.5047702178813	0.80987470458188
4.5000368958271	0.80894934642471
4.4953135102714	0.80802502856144
4.4906000299581	0.80710177147524
4.4858964237618	0.80617959547289
4.4812026606876	0.80525852068511
4.4765187098701	0.80433856706686
4.4718445405728	0.80341975439775
4.4671801221875	0.80250210228238
4.4625254242334	0.80158563015074
4.4578804163569	0.80067035725858
4.4532450683304	0.79975630268788
4.4486193500519	0.79884348534726
4.4440032315446	0.79793192397241
4.4393966829557	0.79702163712657
4.4347996745562	0.79611264320099
4.4302121767401	0.79520496041543
4.4256341600236	0.79429860681869
4.4210655950450	0.79339360028904
4.4165064525633	0.79248995853487
4.4119567034584	0.79158769909513
4.4074163187298	0.79068683933993
4.4028852694963	0.78978739647110
4.3983635269953	0.78888938752280
4.3938510625824	0.78799282936206
4.3893478477306	0.78709773868943
4.3848538540295	0.78620413203956
4.3803690531853	0.78531202578186
4.3758934170194	0.78442143612114
4.3714269174686	0.78353237909824
4.3669695265841	0.78264487059070
4.3625212165309	0.78175892631346
4.3580819595871	0.78087456181948
4.3536517281441	0.77999179250053
4.3492304947048	0.77911063358782
4.3448182318841	0.77823110015274
4.3404149124077	0.77735320710759
4.3360205091119	0.77647696920631
4.3316349949429	0.77560240104525
4.3272583429561	0.77472951706386
4.3228905263158	0.77385833154555
4.3185315182944	0.77298885861838
4.3141812922723	0.77212111225588
4.3098398217366	0.77125510627784
4.3055070802815	0.77039085435111
4.3011830416069	0.76952836999039
4.2968676795184	0.76866766655908
4.2925609679267	0.76780875727008
4.2882628808468	0.76695165518661
4.2839733923978	0.76609637322308
4.2796924768023	0.76524292414593
4.2754201083856	0.76439132057448
4.2711562615757	0.76354157498178
4.2669009109024	0.76269369969550
4.2626540309967	0.76184770689880
4.2584155965909	0.76100360863120
4.2541855825174	0.76016141678947
4.2499639637085	0.75932114312857
4.2457507151961	0.75848279926246
4.2415458121109	0.75764639666512
4.2373492296820	0.75681194667135
4.2331609432364	0.75597946047779
4.2289809281986	0.75514894914375
4.2248091600902	0.75432042359225
4.2206456145291	0.75349389461082
4.2164902672293	0.75266937285256
4.2123430940003	0.75184686883703
4.2082040707468	0.75102639295119
4.2040731734680	0.75020795545036
4.1999503782572	0.74939156645921
4.1958356613016	0.74857723597269
4.1917289988814	0.74776497385699
4.1876303673697	0.74695478985054
4.1835397432319	0.74614669356495
4.1794571030252	0.74534069448603
4.1753824233983	0.74453680197471
4.1713156810909	0.74373502526808
4.1672568529330	0.74293537348036
4.1632059158450	0.74213785560387
4.1591628468368	0.74134248051003
4.1551276230076	0.74054925695038
4.1511002215453	0.73975819355757
4.1470806197261	0.73896929884631
4.1430687949143	0.73818258121444
4.1390647245616	0.73739804894391
4.1350683862069	0.73661571020177
4.1310797574755	0.73583557304119
4.1270988160793	0.73505764540248
4.1231255398157	0.73428193511408
4.1191599065677	0.73350844989359
4.1152018943034	0.73273719734878
4.1112514810752	0.73196818497858
4.1073086450199	0.73120142017415
4.1033733643581	0.73043691021983
4.0994456173937	0.72967466229423
4.0955253825137	0.72891468347116
4.0916126381875	0.72815698072074
4.0877073629670	0.72740156091035
4.0838095354856	0.72664843080568
4.0799191344584	0.72589759707173
4.0760361386812	0.72514906627386
4.0721605270307	0.72440284487877
4.0682922784638	0.72365893925554
4.0644313720174	0.72291735567664
4.0605777868075	0.72217810031895
4.0567315020298	0.72144117926477
4.0528924969582	0.72070659850286
4.0490607509454	0.71997436392939
4.0452362434219	0.71924448134903
4.0414189538959	0.71851695647591
4.0376088619529	0.71779179493465
4.0338059472551	0.71706900226137
4.0300101895416	0.71634858390467
4.0262215686274	0.71563054522669
4.0224400644036	0.71491489150405
4.0186656568365	0.71420162792889
4.0148983259676	0.71349075960985
4.0111380519133	0.71278229157311
4.0073848148643	0.71207622876330
4.0036385950855	0.71137257604459
3.9998993729153	0.71067133820160
3.9961671287657	0.70997251994043
3.9924418431216	0.70927612588964
3.9887234965407	0.70858216060121
3.9850120696531	0.70789062855156
3.9813075431607	0.70720153414247
3.9776098978373	0.70651488170209
3.9739191145281	0.70583067548590
3.9702351741491	0.70514891967768
3.9665580576872	0.70446961839045
3.9628877461996	0.70379277566745
3.9592242208135	0.70311839548311
3.9555674627260	0.70244648174394
3.9519174532033	0.70177703828955
3.9482741735809	0.70111006889354
3.9446376052632	0.70044557726445
3.9410077297226	0.69978356704672
3.9373845285001	0.69912404182159
3.9337679832043	0.69846700510803
3.9301580755113	0.69781246036368
3.9265547871644	0.69716041098574
3.9229580999738	0.69651086031190
3.9193679958164	0.69586381162124
3.9157844566353	0.69521926813513
3.9122074644395	0.69457723301815
3.9086370013038	0.69393770937893
3.9050730493682	0.69330070027108
3.9015155908381	0.69266620869408
3.8979646079834	0.69203423759410
3.8944200831385	0.69140478986492
3.8908819987021	0.69077786834880
3.8873503371369	0.69015347583730
3.8838250809690	0.68953161507214
3.8803062127880	0.68891228874610
3.8767937152463	0.68829549950378
3.8732875710594	0.68768124994251
3.8697877630050	0.68706954261313
3.8662942739231	0.68646038002085
3.8628070867156	0.68585376462604
3.8593261843460	0.68524969884503
3.8558515498392	0.68464818505098
3.8523831662812	0.68404922557460
3.8489210168186	0.68345282270498
3.8454650846588	0.68285897869038
3.8420153530693	0.68226769573900
3.8385718053777	0.68167897601973
3.8351344249712	0.68109282166297
3.8317031952965	0.68050923476133
3.8282780998595	0.67992821737040
3.8248591222251	0.67934977150951
3.8214462460166	0.67877389916245
3.8180394549159	0.67820060227820
3.8146387326632	0.67762988277167
3.8112440630562	0.67706174252439
3.8078554299505	0.67649618338522
3.8044728172589	0.67593320717107
3.8010962089514	0.67537281566757
3.7977255890550	0.67481501062978
3.7943609416530	0.67425979378282
3.7910022508852	0.67370716682261
3.7876495009476	0.67315713141645
3.7843026760919	0.67260968920374
3.7809617606256	0.67206484179660
3.7776267389113	0.67152259078048
3.7742975953670	0.67098293771485
3.7709743144654	0.67044588413376
3.7676568807339	0.66991143154648
3.7643452787544	0.66937958143812
3.7610394931627	0.66885033527019
3.7577395086488	0.66832369448122
3.7544453099562	0.66779966048731
3.7511568818819	0.66727823468274
3.7478742092762	0.66675941844047
3.7445972770422	0.66624321311276
3.7413260701360	0.66572962003168
3.7380605735661	0.66521864050965
3.7348007723932	0.66471027583995
3.7315466517301	0.66420452729729
3.7282981967417	0.66370139613825
3.7250553926441	0.66320088360184
3.7218182247052	0.66270299090996
3.7185866782436	0.66220771926787
3.7153607386293	0.66171506986471
3.7121403912828	0.66122504387391
3.7089256216751	0.66073764245368
3.7057164153276	0.66025286674745
3.7025127578115	0.65977071788429
3.6993146347483	0.65929119697935
3.6961220318087	0.65881430513429
3.6929349347130	0.65834004343764
3.6897533292308	0.65786841296525
3.6865772011805	0.65739941478065
3.6834065364295	0.65693304993546
3.6802413208937	0.65646931946971
3.6770815405372	0.65600822441225
3.6739271813725	0.65554976578104
3.6707782294600	0.65509394458358
3.6676346709078	0.65464076181714
3.6644964918714	0.65419021846916
3.6613636785540	0.65374231551752
3.6582362172056	0.65329705393085
3.6551140941234	0.65285443466882
3.6519972956511	0.65241445868243
3.6488858081792	0.65197712691428
3.6457796181442	0.65154244029882
3.6426787120292	0.65111039976260
3.6395830763628	0.65068100622453
3.6364926977196	0.65025426059610
3.6334075627197	0.64983016378160
3.6303276580286	0.64940871667833
3.6272529703569	0.64898992017681
3.6241834864603	0.64857377516096
3.6211191931393	0.64816028250828
3.6180600772387	0.64774944309005
3.6150061256481	0.64734125777144
3.6119573253012	0.64693572741169
3.6089136631756	0.64653285286425
3.6058751262930	0.64613263497691
3.6028417017185	0.64573507459190
3.5998133765610	0.64534017254604
3.5967901379724	0.64494792967077
3.5937719731479	0.64455834679233
3.5907588693257	0.64417142473174
3.5877508137865	0.64378716430495
3.5847477938539	0.64340556632285
3.5817497968937	0.64302663159133
3.5787568103140	0.64265036091132
3.5757688215649	0.64227675507881
3.5727858181385	0.64190581488488
3.5698077875685	0.64153754111567
3.5668347174301	0.64117193455244
3.5638665953400	0.64080899597147
3.5609034089559	0.64044872614412
3.5579451459767	0.64009112583673
3.5549917941421	0.63973619581062
3.5520433412322	0.63938393682200
3.5490997750681	0.63903434962191
3.5461610835108	0.63868743495617
3.5432272544616	0.63834319356525
3.5402982758621	0.63800162618423
3.5373741356932	0.63766273354264
3.5344548219759	0.63732651636434
3.5315403227706	0.63699297536746
3.5286306261770	0.63666211126419
3.5257257203340	0.63633392476066
3.5228255934195	0.63600841655678
3.5199302336503	0.63568558734610
3.5170396292820	0.63536543781556
3.5141537686086	0.63504796864538
3.5112726399625	0.63473318050883
3.5083962317145	0.63442107407202
3.5055245322732	0.63411164999366
3.5026575300853	0.63380490892488
3.4997952136353	0.63350085150898
3.4969375714452	0.63319947838115
3.4940845920746	0.63290079016824
3.4912362641202	0.63260478748850
3.4883925762160	0.63231147095129
3.4855535170329	0.63202084115679
3.4827190752788	0.63173289869573
3.4798892396982	0.63144764414905
3.4770639990721	0.63116507808761
3.4742433422181	0.63088520107187
3.4714272579898	0.63060801365155
3.4686157352771	0.63033351636526
3.4658087630058	0.63006170974022
3.4630063301375	0.62979259429181
3.4602084256694	0.62952617052330
3.4574150386345	0.62926243892536
3.4546261581009	0.62900139997578
3.4518417731721	0.62874305413902
3.4490618729867	0.62848740186578
3.4462864467180	0.62823444359267
3.4435154835745	0.62798417974169
3.4407489727993	0.62773661071989
3.4379869036697	0.62749173691888
3.4352292654979	0.62724955871436
3.4324760476300	0.62701007646576
3.4297272394463	0.62677329051566
3.4269828303612	0.62653920118941
3.4242428098230	0.62630780879462
3.4215071673134	0.62607911362063
3.4187758923480	0.62585311593811
3.4160489744758	0.62562981599847
3.4133264032791	0.62540921403340
3.4106081683732	0.62519131025432
3.4078942594066	0.62497610485189
3.4051846660609	0.62476359799547
3.4024793780502	0.62455378983255
3.3997783851213	0.62434668048826
3.3970816770538	0.62414227006475
3.3943892436594	0.62394055864071
3.3917010747822	0.62374154627073
3.3890171602984	0.62354523298477
3.3863374901163	0.62335161878759
3.3836620541761	0.62316070365813
3.3809908424495	0.62297248754894
3.3783238449403	0.62278697038559
3.3756610516834	0.62260415206605
3.3730024527453	0.62242403246011
3.3703480382237	0.62224661140873
3.3676977982476	0.62207188872344
3.3650517229768	0.62189986418575
3.3624098026021	0.62173053754644
3.3597720273451	0.62156390852500
3.3571383874580	0.62139997680897
3.3545088732237	0.62123874205327
3.3518834749553	0.62108020387960
3.3492621829963	0.62092436187575
3.3466449877205	0.62077121559494
3.3440318795315	0.62062076455521
3.3414228488631	0.62047300823870
3.3388178861789	0.62032794609100
3.3362169819720	0.62018557752050
3.3336201267653	0.62004590189768
3.3310273111111	0.61990891855448
