#Parameters = {thARC=0; nARC=2.75; thsub=1; p=1; nSub=4.25}
#"Wavelength / um"	"T (745) [Real Part]"
#---------------------------------------
14.989622900000	0.61677983186019
14.937342202292	0.61681435273728
14.885424925521	0.61684786500514
14.833867293419	0.61688038299124
14.782665581854	0.61691192094233
14.731816117936	0.61694249302367
14.681315279138	0.61697211331814
14.631159492435	0.61700079582543
14.581345233463	0.61702855446126
14.531869025691	0.61705540305659
14.482727439614	0.61708135535688
14.433917091960	0.61710642502135
14.385434644914	0.61713062562224
14.337276805356	0.61715397064417
14.289440324118	0.61717647348341
14.241921995249	0.61719814744727
14.194718655303	0.61721900575343
14.147827182633	0.61723906152933
14.101244496707	0.61725832781161
14.054967557431	0.61727681754547
14.008993364486	0.61729454358419
13.963318956684	0.61731151868851
13.917941411328	0.61732775552617
13.872857843591	0.61734326667138
13.828065405904	0.61735806460435
13.783561287356	0.61737216171082
13.739342713107	0.61738557028162
13.695406943810	0.61739830251223
13.651751275046	0.61741037050240
13.608373036768	0.61742178625571
13.565269592760	0.61743256167926
13.522438340099	0.61744270858325
13.479876708633	0.61745223868071
13.437582160466	0.61746116358710
13.395552189455	0.61746949482008
13.353784320713	0.61747724379919
13.312276110124	0.61748442184557
13.271025143869	0.61749104018175
13.230029037952	0.61749710993135
13.189285437747	0.61750264211892
13.148792017544	0.61750764766972
13.108546480105	0.61751213740951
13.068546556234	0.61751612206440
13.028790004346	0.61751961226072
12.989274610052	0.61752261852482
12.949998185745	0.61752515128299
12.910958570198	0.61752722086135
12.872153628167	0.61752883748574
12.833581250000	0.61753001128166
12.795239351259	0.61753075227418
12.757125872340	0.61753107038793
12.719238778108	0.61753097544704
12.681576057530	0.61753047717511
12.644135723323	0.61752958519526
12.606915811606	0.61752830903005
12.569914381551	0.61752665810160
12.533129515050	0.61752464173155
12.496559316382	0.61752226914114
12.460201911887	0.61751954945130
12.424055449648	0.61751649168266
12.388118099174	0.61751310475571
12.352388051092	0.61750939749087
12.316863516845	0.61750537860859
12.281542728390	0.61750105672951
12.246423937908	0.61749644037457
12.211505417515	0.61749153796520
12.176785458976	0.61748635782345
12.142262373431	0.61748090817217
12.107934491115	0.61747519713523
12.073800161095	0.61746923273766
12.039857751004	0.61746302290594
12.006105646776	0.61745657546815
11.972542252396	0.61744989815423
11.939165989646	0.61744299859625
11.905975297855	0.61743588432863
11.872968633663	0.61742856278840
11.840144470774	0.61742104131553
11.807501299724	0.61741332715313
11.775037627651	0.61740542744783
11.742751978065	0.61739734925005
11.710642890625	0.61738909951429
11.678708920919	0.61738068509950
11.646948640249	0.61737211276939
11.615360635413	0.61736338919278
11.583943508501	0.61735452094396
11.552695876686	0.61734551450303
11.521616372022	0.61733637625629
11.490703641242	0.61732711249661
11.459956345566	0.61731772942383
11.429373160503	0.61730823314514
11.398952775665	0.61729862967549
11.368693894577	0.61728892493802
11.338595234493	0.61727912476444
11.308655526217	0.61726923489549
11.278873513920	0.61725926098138
11.249247954972	0.61724920858220
11.219777619760	0.61723908316839
11.190461291527	0.61722889012121
11.161297766195	0.61721863473317
11.132285852209	0.61720832220854
11.103424370370	0.61719795766380
11.074712153676	0.61718754612812
11.046148047163	0.61717709254387
11.017730907755	0.61716660176712
10.989459604106	0.61715607856810
10.961333016453	0.61714552763177
10.933350036470	0.61713495355829
10.905509567115	0.61712436086355
10.877810522496	0.61711375397969
10.850251827723	0.61710313725566
10.822832418773	0.61709251495772
10.795551242348	0.61708189126999
10.768407255747	0.61707127029502
10.741399426729	0.61706065605432
10.714526733381	0.61705005248889
10.687788163993	0.61703946345985
10.661182716927	0.61702889274894
10.634709400497	0.61701834405911
10.608367232838	0.61700782101511
10.582155241793	0.61699732716404
10.556072464789	0.61698686597595
10.530117948718	0.61697644084441
10.504290749825	0.61696605508713
10.478589933590	0.61695571194650
10.453014574616	0.61694541459025
10.427563756522	0.61693516611199
10.402236571825	0.61692496953185
10.377032121841	0.61691482779706
10.351949516575	0.61690474378258
10.326987874612	0.61689472029172
10.302146323024	0.61688476005670
10.277423997257	0.61687486573933
10.252820041040	0.61686503993161
10.228333606278	0.61685528515631
10.203963852961	0.61684560386767
10.179709949066	0.61683599845196
10.155571070461	0.61682647122813
10.131546400811	0.61681702444847
10.107635131490	0.61680766029918
10.083836461487	0.61679838090107
10.060149597315	0.61678918831015
10.036573752929	0.61678008451828
10.013108149633	0.61677107145382
9.9897520159947	0.61676215098226
9.9665045877660	0.61675332490686
9.9433651077944	0.61674459496930
9.9203328259431	0.61673596285030
9.8974069990096	0.61672743017031
9.8745868906456	0.61671899849011
9.8518717712783	0.61671066931148
9.8292609180328	0.61670244407784
9.8067536146549	0.61669432417490
9.7843491514360	0.61668631093130
9.7620468251384	0.61667840561929
9.7398459389214	0.61667060945531
9.7177458022690	0.61666292360073
9.6957457309185	0.61665534916243
9.6738450467893	0.61664788719346
9.6520430779137	0.61664053869371
9.6303391583681	0.61663330461057
9.6087326282051	0.61662618583953
9.5872228333866	0.61661918322486
9.5658091257179	0.61661229756027
9.5444908627826	0.61660552958954
9.5232674078780	0.61659888000715
9.5021381299525	0.61659234945898
9.4811024035421	0.61658593854289
9.4601596087094	0.61657964780943
9.4393091309824	0.61657347776243
9.4185503612944	0.61656742885967
9.3978826959248	0.61656150151352
9.3773055364404	0.61655569609159
9.3568182896380	0.61655001291735
9.3364203674868	0.61654445227079
9.3161111870727	0.61653901438903
9.2958901705426	0.61653369946699
9.2757567450495	0.61652850765802
9.2557103426984	0.61652343907450
9.2357504004929	0.61651849378850
9.2158763602828	0.61651367183243
9.1960876687117	0.61650897319962
9.1763837771656	0.61650439784498
9.1567641417227	0.61649994568562
9.1372282231027	0.61649561660148
9.1177754866180	0.61649141043593
9.0984054021244	0.61648732699642
9.0791174439733	0.61648336605505
9.0599110909640	0.61647952734926
9.0407858262967	0.61647581058235
9.0217411375263	0.61647221542419
9.0027765165165	0.61646874151174
8.9838914593947	0.61646538844971
8.9650854665072	0.61646215581117
8.9463580423754	0.61645904313811
8.9277086956522	0.61645604994205
8.9091369390788	0.61645317570468
8.8906422894425	0.61645041987839
8.8722242675348	0.61644778188691
8.8538823981099	0.61644526112589
8.8356162098438	0.61644285696345
8.8174252352941	0.61644056874082
8.7993090108600	0.61643839577286
8.7812670767428	0.61643633734870
8.7632989769073	0.61643439273226
8.7454042590432	0.61643256116284
8.7275824745269	0.61643084185571
8.7098331783847	0.61642923400264
8.6921559292549	0.61642773677249
8.6745502893519	0.61642634931176
8.6570158244297	0.61642507074512
8.6395521037464	0.61642390017600
8.6221587000288	0.61642283668714
8.6048351894374	0.61642187934109
8.5875811515325	0.61642102718080
8.5703961692396	0.61642027923013
8.5532798288160	0.61641963449441
8.5362317198178	0.61641909196095
8.5192514350668	0.61641865059957
8.5023385706183	0.61641830936314
8.4854927257288	0.61641806718808
8.4687135028249	0.61641792299490
8.4520005074711	0.61641787568871
8.4353533483399	0.61641792415969
8.4187716371806	0.61641806728367
8.4022549887892	0.61641830392255
8.3858030209790	0.61641863292488
8.3694153545505	0.61641905312628
8.3530916132627	0.61641956334999
8.3368314238042	0.61642016240731
8.3206344157646	0.61642084909812
8.3045002216066	0.61642162221133
8.2884284766381	0.61642248052539
8.2724188189845	0.61642342280873
8.2564708895621	0.61642444782021
8.2405843320506	0.61642555430965
8.2247587928669	0.61642674101821
8.2089939211391	0.61642800667892
8.1932893686800	0.61642935001706
8.1776447899618	0.61643076975066
8.1620598420909	0.61643226459089
8.1465341847826	0.61643383324257
8.1310674803363	0.61643547440452
8.1156593936113	0.61643718677006
8.1003095920022	0.61643896902739
8.0850177454153	0.61644081986003
8.0697835262450	0.61644273794723
8.0546066093498	0.61644472196438
8.0394866720300	0.61644677058342
8.0244233940043	0.61644888247326
8.0094164573871	0.61645105630014
7.9944655466667	0.61645329072806
7.9795703486825	0.61645558441914
7.9647305526036	0.61645793603405
7.9499458499072	0.61646034423234
7.9352159343568	0.61646280767283
7.9205405019815	0.61646532501403
7.9059192510549	0.61646789491441
7.8913518820742	0.61647051603288
7.8768380977404	0.61647318702903
7.8623776029373	0.61647590656360
7.8479701047120	0.61647867329873
7.8336153122550	0.61648148589835
7.8193129368805	0.61648434302853
7.8050626920073	0.61648724335780
7.7908642931393	0.61649018555746
7.7767174578470	0.61649316830196
7.7626219057483	0.61649619026917
7.7485773584906	0.61649925014072
7.7345835397317	0.61650234660230
7.7206401751223	0.61650547834399
7.7067469922879	0.61650864406055
7.6929037208109	0.61651184245170
7.6791100922131	0.61651507222244
7.6653658399386	0.61651833208336
7.6516706993364	0.61652162075084
7.6380244076433	0.61652493694743
7.6244267039674	0.61652827940206
7.6108773292714	0.61653164685033
7.5973760263558	0.61653503803480
7.5839225398432	0.61653845170520
7.5705166161616	0.61654188661872
7.5571580035291	0.61654534154027
7.5438464519376	0.61654881524271
7.5305817131374	0.61655230650709
7.5173635406219	0.61655581412289
7.5041916896120	0.61655933688828
7.4910659170415	0.61656287361031
7.4779859815415	0.61656642310516
7.4649516434263	0.61656998419834
7.4519626646781	0.61657355572492
7.4390188089330	0.61657713652975
7.4261198414664	0.61658072546764
7.4132655291790	0.61658432140358
7.4004556405826	0.61658792321292
7.3876899457861	0.61659152978158
7.3749682164822	0.61659514000623
7.3622902259332	0.61659875279448
7.3496557489581	0.61660236706503
7.3370645619187	0.61660598174788
7.3245164427071	0.61660959578450
7.3120111707317	0.61661320812795
7.2995485269053	0.61661681774308
7.2871282936315	0.61662042360669
7.2747502547925	0.61662402470765
7.2624141957364	0.61662762004708
7.2501199032648	0.61663120863847
7.2378671656205	0.61663478950781
7.2256557724753	0.61663836169377
7.2134855149182	0.61664192424777
7.2013561854432	0.61664547623416
7.1892675779376	0.61664901673029
7.1772194876706	0.61665254482667
7.1652117112811	0.61665605962705
7.1532440467669	0.61665956024854
7.1413162934731	0.61666304582173
7.1294282520809	0.61666651549075
7.1175797245964	0.61666996841341
7.1057705143399	0.61667340376126
7.0940004259347	0.61667682071968
7.0822692652965	0.61668021848797
7.0705768396226	0.61668359627943
7.0589229573817	0.61668695332144
7.0473074283028	0.61669028885549
7.0357300633654	0.61669360213732
7.0241906747891	0.61669689243689
7.0126890760234	0.61670015903851
7.0012250817375	0.61670340124089
6.9897985078107	0.61670661835712
6.9784091713222	0.61670980971481
6.9670568905415	0.61671297465607
6.9557414849188	0.61671611253755
6.9444627750753	0.61671922273052
6.9332205827937	0.61672230462084
6.9220147310090	0.61672535760903
6.9108450437990	0.61672838111029
6.8997113463751	0.61673137455448
6.8886134650735	0.61673433738617
6.8775512273457	0.61673726906467
6.8665244617499	0.61674016906398
6.8555329979419	0.61674303687284
6.8445766666667	0.61674587199470
6.8336552997493	0.61674867394776
6.8227687300865	0.61675144226491
6.8119167916383	0.61675417649376
6.8010993194192	0.61675687619661
6.7903161494904	0.61675954095043
6.7795671189507	0.61676217034684
6.7688520659291	0.61676476399210
6.7581708295762	0.61676732150706
6.7475232500563	0.61676984252716
6.7369091685393	0.61677232670236
6.7263284271932	0.61677477369712
6.7157808691756	0.61677718319037
6.7052663386267	0.61677955487545
6.6947846806610	0.61678188846005
6.6843357413601	0.61678418366622
6.6739193677649	0.61678644023024
6.6635354078684	0.61678865790259
6.6531837106081	0.61679083644794
6.6428641258586	0.61679297564502
6.6325765044248	0.61679507528657
6.6223206980340	0.61679713517931
6.6120965593295	0.61679915514382
6.6019039418630	0.61680113501450
6.5917427000879	0.61680307463948
6.5816126893524	0.61680497388054
6.5715137658922	0.61680683261302
6.5614457868243	0.61680865072576
6.5514086101399	0.61681042812098
6.5414020946978	0.61681216471423
6.5314261002179	0.61681386043425
6.5214804872743	0.61681551522290
6.5115651172893	0.61681712903508
6.5016798525266	0.61681870183859
6.4918245560849	0.61682023361405
6.4819990918919	0.61682172435479
6.4722033246978	0.61682317406676
6.4624371200690	0.61682458276839
6.4527003443823	0.61682595049049
6.4429928648184	0.61682727727615
6.4333145493562	0.61682856318061
6.4236652667667	0.61682980827112
6.4140448866068	0.61683101262687
6.4044532792138	0.61683217633883
6.3948903156997	0.61683329950963
6.3853558679446	0.61683438225343
6.3758498085921	0.61683542469583
6.3663720110427	0.61683642697367
6.3569223494487	0.61683738923495
6.3475006987084	0.61683831163869
6.3381069344609	0.61683919435477
6.3287409330800	0.61684003756382
6.3194025716695	0.61684084145706
6.3100917280572	0.61684160623617
6.3008082807902	0.61684233211314
6.2915521091291	0.61684301931011
6.2823230930427	0.61684366805929
6.2731211132036	0.61684427860272
6.2639460509820	0.61684485119219
6.2547977884415	0.61684538608905
6.2456762083333	0.61684588356409
6.2365811940919	0.61684634389736
6.2275126298297	0.61684676737804
6.2184704003319	0.61684715430426
6.2094543910522	0.61684750498296
6.2004644881075	0.61684781972972
6.1915005782734	0.61684809886862
6.1825625489792	0.61684834273205
6.1736502883031	0.61684855166059
6.1647636849681	0.61684872600281
6.1559026283368	0.61684886611512
6.1470670084068	0.61684897236162
6.1382567158067	0.61684904511391
6.1294716417910	0.61684908475094
6.1207116782360	0.61684909165884
6.1119767176351	0.61684906623078
6.1032666530945	0.61684900886673
6.0945813783289	0.61684891997337
6.0859207876573	0.61684879996388
6.0772847759984	0.61684864925778
6.0686732388664	0.61684846828076
6.0600860723671	0.61684825746449
6.0515231731934	0.61684801724649
6.0429844386212	0.61684774806993
6.0344697665056	0.61684745038345
6.0259790552764	0.61684712464101
6.0175122039342	0.61684677130172
6.0090691120465	0.61684639082963
6.0006496797438	0.61684598369360
5.9922538077154	0.61684555036710
5.9838813972056	0.61684509132805
5.9755323500100	0.61684460705864
5.9672065684713	0.61684409804516
5.9589039554760	0.61684356477783
5.9506244144502	0.61684300775061
5.9423678493558	0.61684242746105
5.9341341646873	0.61684182441008
5.9259232654675	0.61684119910190
5.9177350572444	0.61684055204373
5.9095694460871	0.61683988374570
5.9014263385827	0.61683919472065
5.8933056418321	0.61683848548394
5.8852072634472	0.61683775655333
5.8771311115468	0.61683700844875
5.8690770947533	0.61683624169216
5.8610451221896	0.61683545680739
5.8530351034752	0.61683465431994
5.8450469487229	0.61683383475682
5.8370805685358	0.61683299864641
5.8291358740035	0.61683214651823
5.8212127766990	0.61683127890284
5.8133111886756	0.61683039633162
5.8054310224632	0.61682949933662
5.7975721910656	0.61682858845043
5.7897346079567	0.61682766420595
5.7819181870781	0.61682672713627
5.7741228428351	0.61682577777449
5.7663484900942	0.61682481665357
5.7585950441798	0.61682384430614
5.7508624208709	0.61682286126437
5.7431505363985	0.61682186805981
5.7354593074421	0.61682086522320
5.7277886511272	0.61681985328433
5.7201384850219	0.61681883277190
5.7125087271341	0.61681780421333
5.7048992959087	0.61681676813463
5.6973101102242	0.61681572506024
5.6897410893908	0.61681467551287
5.6821921531463	0.61681362001336
5.6746632216544	0.61681255908051
5.6671542155009	0.61681149323097
5.6596650556919	0.61681042297905
5.6521956636501	0.61680934883660
5.6447459612126	0.61680827131283
5.6373158706281	0.61680719091423
5.6299053145540	0.61680610814437
5.6225142160540	0.61680502350378
5.6151424985952	0.61680393748980
5.6077900860456	0.61680285059648
5.6004569026714	0.61680176331439
5.5931428731343	0.61680067613051
5.5858479224893	0.61679958952812
5.5785719761816	0.61679850398662
5.5713149600446	0.61679741998144
5.5640768002970	0.61679633798388
5.5568574235403	0.61679525846103
5.5496567567568	0.61679418187557
5.5424747273063	0.61679310868573
5.5353112629247	0.61679203934512
5.5281662917204	0.61679097430260
5.5210397421731	0.61678991400220
5.5139315431304	0.61678885888297
5.5068416238060	0.61678780937889
5.4997699137773	0.61678676591875
5.4927163429828	0.61678572892601
5.4856808417200	0.61678469881874
5.4786633406433	0.61678367600949
5.4716637707611	0.61678266090516
5.4646820634342	0.61678165390695
5.4577181503732	0.61678065541020
5.4507719636364	0.61677966580433
5.4438434356274	0.61677868547274
5.4369324990932	0.61677771479269
5.4300390871219	0.61677675413522
5.4231631331404	0.61677580386509
5.4163045709124	0.61677486434062
5.4094633345363	0.61677393591366
5.4026393584430	0.61677301892950
5.3958325773938	0.61677211372676
5.3890429264785	0.61677122063733
5.3822703411131	0.61677033998627
5.3755147570378	0.61676947209176
5.3687761103152	0.61676861726501
5.3620543373278	0.61676777581018
5.3553493747767	0.61676694802434
5.3486611596789	0.61676613419736
5.3419896293656	0.61676533461188
5.3353347214807	0.61676454954320
5.3286963739780	0.61676377925929
5.3220745251198	0.61676302402066
5.3154691134752	0.61676228408034
5.3088800779175	0.61676155968382
5.3023073576229	0.61676085106899
5.2957508920685	0.61676015846609
5.2892106210303	0.61675948209767
5.2826864845815	0.61675882217854
5.2761784230905	0.61675817891572
5.2696863772192	0.61675755250840
5.2632102879213	0.61675694314791
5.2567500964405	0.61675635101769
5.2503057443082	0.61675577629321
5.2438771733427	0.61675521914200
5.2374643256464	0.61675467972357
5.2310671436050	0.61675415818942
5.2246855698850	0.61675365468299
5.2183195474326	0.61675316933963
5.2119690194715	0.61675270228661
5.2056339295016	0.61675225364309
5.1993142212973	0.61675182352007
5.1930098389052	0.61675141202044
5.1867207266436	0.61675101923891
5.1804468290997	0.61675064526202
5.1741880911288	0.61675029016815
5.1679444578521	0.61674995402751
5.1617158746556	0.61674963690211
5.1555022871883	0.61674933884578
5.1493036413604	0.61674905990420
5.1431198833419	0.61674880011484
5.1369509595613	0.61674855950704
5.1307968167037	0.61674833810195
5.1246574017094	0.61674813591259
5.1185326617722	0.61674795294387
5.1124225443383	0.61674778919254
5.1063269971044	0.61674764464729
5.1002459680163	0.61674751928873
5.0941794052676	0.61674741308940
5.0881272572980	0.61674732601381
5.0820894727920	0.61674725801851
5.0760660006773	0.61674720905203
5.0700567901235	0.61674717905499
5.0640617905405	0.61674716796010
5.0580809515775	0.61674717569220
5.0521142231210	0.61674720216830
5.0461615552937	0.61674724729763
5.0402228984533	0.61674731098167
5.0342982031906	0.61674739311420
5.0283874203287	0.61674749358135
5.0224905009214	0.61674761226164
5.0166073962517	0.61674774902605
5.0107380578305	0.61674790373805
5.0048824373957	0.61674807625368
4.9990404869101	0.61674826642160
4.9932121585610	0.61674847408314
4.9873974047579	0.61674869907236
4.9815961781323	0.61674894121615
4.9758084315353	0.61674920033425
4.9700341180371	0.61674947623934
4.9642731909256	0.61674976873712
4.9585256037049	0.61675007762636
4.9527913100942	0.61675040269899
4.9470702640264	0.61675074374019
4.9413624196473	0.61675110052842
4.9356677313138	0.61675147283556
4.9299861535932	0.61675186042694
4.9243176412615	0.61675226306147
4.9186621493027	0.61675268049169
4.9130196329072	0.61675311246388
4.9073900474709	0.61675355871814
4.9017733485939	0.61675401898848
4.8961694920790	0.61675449300291
4.8905784339315	0.61675498048356
4.8850001303569	0.61675548114675
4.8794345377604	0.61675599470310
4.8738816127459	0.61675652085762
4.8683413121143	0.61675705930983
4.8628135928629	0.61675760975384
4.8572984121841	0.61675817187850
4.8517957274640	0.61675874536744
4.8463054962819	0.61675932989923
4.8408276764088	0.61675992514749
4.8353622258065	0.61676053078096
4.8299091026261	0.61676114646366
4.8244682652076	0.61676177185497
4.8190396720784	0.61676240660979
4.8136232819525	0.61676305037860
4.8082190537289	0.61676370280762
4.8028269464915	0.61676436353891
4.7974469195071	0.61676503221053
4.7920789322251	0.61676570845658
4.7867229442759	0.61676639190744
4.7813789154705	0.61676708218980
4.7760468057989	0.61676777892683
4.7707265754297	0.61676848173828
4.7654181847083	0.61676919024068
4.7601215941569	0.61676990404737
4.7548367644726	0.61677062276870
4.7495636565272	0.61677134601216
4.7443022313657	0.61677207338248
4.7390524502055	0.61677280448179
4.7338142744355	0.61677353890976
4.7285876656151	0.61677427626371
4.7233725854735	0.61677501613880
4.7181689959081	0.61677575812809
4.7129768589844	0.61677650182276
4.7077961369347	0.61677724681220
4.7026267921569	0.61677799268418
4.6974687872140	0.61677873902497
4.6923220848333	0.61677948541948
4.6871866479049	0.61678023145146
4.6820624394815	0.61678097670356
4.6769494227769	0.61678172075753
4.6718475611657	0.61678246319437
4.6667568181818	0.61678320359443
4.6616771575183	0.61678394153761
4.6566085430258	0.61678467660348
4.6515509387122	0.61678540837143
4.6465043087415	0.61678613642081
4.6414686174330	0.61678686033112
4.6364438292607	0.61678757968210
4.6314299088522	0.61678829405392
4.6264268209877	0.61678900302733
4.6214345305997	0.61678970618377
4.6164530027718	0.61679040310559
4.6114822027380	0.61679109337614
4.6065220958820	0.61679177657993
4.6015726477360	0.61679245230281
4.5966338239804	0.61679312013210
4.5917055904426	0.61679377965676
4.5867879130967	0.61679443046749
4.5818807580621	0.61679507215696
4.5769840916031	0.61679570431989
4.5720978801281	0.61679632655324
4.5672220901889	0.61679693845636
4.5623566884797	0.61679753963111
4.5575016418364	0.61679812968205
4.5526569172361	0.61679870821657
4.5478224817961	0.61679927484504
4.5429983027731	0.61679982918096
4.5381843475628	0.61680037084112
4.5333805836988	0.61680089944573
4.5285869788520	0.61680141461859
4.5238035008299	0.61680191598722
4.5190301175761	0.61680240318302
4.5142667971691	0.61680287584140
4.5095135078219	0.61680333360195
4.5047702178813	0.61680377610857
4.5000368958271	0.61680420300961
4.4953135102714	0.61680461395804
4.4906000299581	0.61680500861157
4.4858964237618	0.61680538663278
4.4812026606876	0.61680574768931
4.4765187098701	0.61680609145396
4.4718445405728	0.61680641760483
4.4671801221875	0.61680672582548
4.4625254242334	0.61680701580507
4.4578804163569	0.61680728723847
4.4532450683304	0.61680753982643
4.4486193500519	0.61680777327567
4.4440032315446	0.61680798729906
4.4393966829557	0.61680818161573
4.4347996745562	0.61680835595121
4.4302121767401	0.61680851003754
4.4256341600236	0.61680864361342
4.4210655950450	0.61680875642434
4.4165064525633	0.61680884822268
4.4119567034584	0.61680891876787
4.4074163187298	0.61680896782647
4.4028852694963	0.61680899517233
4.3983635269953	0.61680900058669
4.3938510625824	0.61680898385831
4.3893478477306	0.61680894478357
4.3848538540295	0.61680888316661
4.3803690531853	0.61680879881941
4.3758934170194	0.61680869156193
4.3714269174686	0.61680856122221
4.3669695265841	0.61680840763646
4.3625212165309	0.61680823064922
4.3580819595871	0.61680803011339
4.3536517281441	0.61680780589038
4.3492304947048	0.61680755785021
4.3448182318841	0.61680728587159
4.3404149124077	0.61680698984202
4.3360205091119	0.61680666965789
4.3316349949429	0.61680632522458
4.3272583429561	0.61680595645651
4.3228905263158	0.61680556327729
4.3185315182944	0.61680514561974
4.3141812922723	0.61680470342603
4.3098398217366	0.61680423664771
4.3055070802815	0.61680374524584
4.3011830416069	0.61680322919101
4.2968676795184	0.61680268846346
4.2925609679267	0.61680212305311
4.2882628808468	0.61680153295968
4.2839733923978	0.61680091819270
4.2796924768023	0.61680027877161
4.2754201083856	0.61679961472580
4.2711562615757	0.61679892609469
4.2669009109024	0.61679821292776
4.2626540309967	0.61679747528462
4.2584155965909	0.61679671323504
4.2541855825174	0.61679592685902
4.2499639637085	0.61679511624684
4.2457507151961	0.61679428149905
4.2415458121109	0.61679342272657
4.2373492296820	0.61679254005069
4.2331609432364	0.61679163360309
4.2289809281986	0.61679070352593
4.2248091600902	0.61678974997180
4.2206456145291	0.61678877310379
4.2164902672293	0.61678777309550
4.2123430940003	0.61678675013105
4.2082040707468	0.61678570440511
4.2040731734680	0.61678463612287
4.1999503782572	0.61678354550011
4.1958356613016	0.61678243276315
4.1917289988814	0.61678129814887
4.1876303673697	0.61678014190472
4.1835397432319	0.61677896428869
4.1794571030252	0.61677776556931
4.1753824233983	0.61677654602566
4.1713156810909	0.61677530594729
4.1672568529330	0.61677404563429
4.1632059158450	0.61677276539719
4.1591628468368	0.61677146555698
4.1551276230076	0.61677014644504
4.1511002215453	0.61676880840314
4.1470806197261	0.61676745178341
4.1430687949143	0.61676607694825
4.1390647245616	0.61676468427032
4.1350683862069	0.61676327413250
4.1310797574755	0.61676184692781
4.1270988160793	0.61676040305938
4.1231255398157	0.61675894294036
4.1191599065677	0.61675746699390
4.1152018943034	0.61675597565303
4.1112514810752	0.61675446936063
4.1073086450199	0.61675294856934
4.1033733643581	0.61675141374149
4.0994456173937	0.61674986534899
4.0955253825137	0.61674830387327
4.0916126381875	0.61674672980520
4.0877073629670	0.61674514364494
4.0838095354856	0.61674354590193
4.0799191344584	0.61674193709468
4.0760361386812	0.61674031775076
4.0721605270307	0.61673868840663
4.0682922784638	0.61673704960757
4.0644313720174	0.61673540190749
4.0605777868075	0.61673374586890
4.0567315020298	0.61673208206270
4.0528924969582	0.61673041106812
4.0490607509454	0.61672873347252
4.0452362434219	0.61672704987129
4.0414189538959	0.61672536086772
4.0376088619529	0.61672366707279
4.0338059472551	0.61672196910509
4.0300101895416	0.61672026759062
4.0262215686274	0.61671856316264
4.0224400644036	0.61671685646152
4.0186656568365	0.61671514813455
4.0148983259676	0.61671343883578
4.0111380519133	0.61671172922583
4.0073848148643	0.61671001997173
4.0036385950855	0.61670831174673
3.9998993729153	0.61670660523007
3.9961671287657	0.61670490110685
3.9924418431216	0.61670320006780
3.9887234965407	0.61670150280905
3.9850120696531	0.61669981003198
3.9813075431607	0.61669812244296
3.9776098978373	0.61669644075316
3.9739191145281	0.61669476567833
3.9702351741491	0.61669309793855
3.9665580576872	0.61669143825804
3.9628877461996	0.61668978736489
3.9592242208135	0.61668814599086
3.9555674627260	0.61668651487109
3.9519174532033	0.61668489474392
3.9482741735809	0.61668328635056
3.9446376052632	0.61668169043490
3.9410077297226	0.61668010774323
3.9373845285001	0.61667853902397
3.9337679832043	0.61667698502741
3.9301580755113	0.61667544650541
3.9265547871644	0.61667392421119
3.9229580999738	0.61667241889897
3.9193679958164	0.61667093132375
3.9157844566353	0.61666946224097
3.9122074644395	0.61666801240627
3.9086370013038	0.61666658257513
3.9050730493682	0.61666517350261
3.9015155908381	0.61666378594303
3.8979646079834	0.61666242064968
3.8944200831385	0.61666107837447
3.8908819987021	0.61665975986762
3.8873503371369	0.61665846587736
3.8838250809690	0.61665719714958
3.8803062127880	0.61665595442749
3.8767937152463	0.61665473845132
3.8732875710594	0.61665354995795
3.8697877630050	0.61665238968056
3.8662942739231	0.61665125834829
3.8628070867156	0.61665015668591
3.8593261843460	0.61664908541342
3.8558515498392	0.61664804524573
3.8523831662812	0.61664703689226
3.8489210168186	0.61664606105659
3.8454650846588	0.61664511843608
3.8420153530693	0.61664420972150
3.8385718053777	0.61664333559662
3.8351344249712	0.61664249673787
3.8317031952965	0.61664169381392
3.8282780998595	0.61664092748528
3.8248591222251	0.61664019840391
3.8214462460166	0.61663950721284
3.8180394549159	0.61663885454573
3.8146387326632	0.61663824102649
3.8112440630562	0.61663766726882
3.8078554299505	0.61663713387585
3.8044728172589	0.61663664143970
3.8010962089514	0.61663619054101
3.7977255890550	0.61663578174859
3.7943609416530	0.61663541561891
3.7910022508852	0.61663509269573
3.7876495009476	0.61663481350959
3.7843026760919	0.61663457857743
3.7809617606256	0.61663438840212
3.7776267389113	0.61663424347199
3.7742975953670	0.61663414426039
3.7709743144654	0.61663409122525
3.7676568807339	0.61663408480858
3.7643452787544	0.61663412543603
3.7610394931627	0.61663421351641
3.7577395086488	0.61663434944125
3.7544453099562	0.61663453358427
3.7511568818819	0.61663476630093
3.7478742092762	0.61663504792795
3.7445972770422	0.61663537878283
3.7413260701360	0.61663575916335
3.7380605735661	0.61663618934706
3.7348007723932	0.61663666959083
3.7315466517301	0.61663720013031
3.7282981967417	0.61663778117944
3.7250553926441	0.61663841292998
3.7218182247052	0.61663909555093
3.7185866782436	0.61663982918810
3.7153607386293	0.61664061396354
3.7121403912828	0.61664144997504
3.7089256216751	0.61664233729562
3.7057164153276	0.61664327597300
3.7025127578115	0.61664426602908
3.6993146347483	0.61664530745942
3.6961220318087	0.61664640023268
3.6929349347130	0.61664754429011
3.6897533292308	0.61664873954504
3.6865772011805	0.61664998588228
3.6834065364295	0.61665128315764
3.6802413208937	0.61665263119737
3.6770815405372	0.61665402979757
3.6739271813725	0.61665547872373
3.6707782294600	0.61665697771011
3.6676346709078	0.61665852645921
3.6644964918714	0.61666012464123
3.6613636785540	0.61666177189349
3.6582362172056	0.61666346781991
3.6551140941234	0.61666521199040
3.6519972956511	0.61666700394035
3.6488858081792	0.61666884317004
3.6457796181442	0.61667072914405
3.6426787120292	0.61667266129077
3.6395830763628	0.61667463900175
3.6364926977196	0.61667666163119
3.6334075627197	0.61667872849531
3.6303276580286	0.61668083887185
3.6272529703569	0.61668299199945
3.6241834864603	0.61668518707706
3.6211191931393	0.61668742326340
3.6180600772387	0.61668969967640
3.6150061256481	0.61669201539255
3.6119573253012	0.61669436944637
3.6089136631756	0.61669676082984
3.6058751262930	0.61669918849180
3.6028417017185	0.61670165133734
3.5998133765610	0.61670414822726
3.5967901379724	0.61670667797750
3.5937719731479	0.61670923935849
3.5907588693257	0.61671183109461
3.5877508137865	0.61671445186362
3.5847477938539	0.61671710029603
3.5817497968937	0.61671977497455
3.5787568103140	0.61672247443349
3.5757688215649	0.61672519715817
3.5727858181385	0.61672794158435
3.5698077875685	0.61673070609762
3.5668347174301	0.61673348903285
3.5638665953400	0.61673628867356
3.5609034089559	0.61673910325137
3.5579451459767	0.61674193094542
3.5549917941421	0.61674476988174
3.5520433412322	0.61674761813270
3.5490997750681	0.61675047371644
3.5461610835108	0.61675333459627
3.5432272544616	0.61675619868007
3.5402982758621	0.61675906381974
3.5373741356932	0.61676192781062
3.5344548219759	0.61676478839088
3.5315403227706	0.61676764324098
3.5286306261770	0.61677048998308
3.5257257203340	0.61677332618044
3.5228255934195	0.61677614933692
3.5199302336503	0.61677895689631
3.5170396292820	0.61678174624183
3.5141537686086	0.61678451469557
3.5112726399625	0.61678725951785
3.5083962317145	0.61678997790674
3.5055245322732	0.61679266699746
3.5026575300853	0.61679532386180
3.4997952136353	0.61679794550761
3.4969375714452	0.61680052887822
3.4940845920746	0.61680307085188
3.4912362641202	0.61680556824122
3.4883925762160	0.61680801779273
3.4855535170329	0.61681041618615
3.4827190752788	0.61681276003400
3.4798892396982	0.61681504588102
3.4770639990721	0.61681727020359
3.4742433422181	0.61681942940927
3.4714272579898	0.61682151983622
3.4686157352771	0.61682353775273
3.4658087630058	0.61682547935662
3.4630063301375	0.61682734077480
3.4602084256694	0.61682911806271
3.4574150386345	0.61683080720383
3.4546261581009	0.61683240410919
3.4518417731721	0.61683390461683
3.4490618729867	0.61683530449135
3.4462864467180	0.61683659942337
3.4435154835745	0.61683778502908
3.4407489727993	0.61683885684976
3.4379869036697	0.61683981035128
3.4352292654979	0.61684064092364
3.4324760476300	0.61684134388050
3.4297272394463	0.61684191445872
3.4269828303612	0.61684234781790
3.4242428098230	0.61684263903996
3.4215071673134	0.61684278312863
3.4187758923480	0.61684277500908
3.4160489744758	0.61684260952745
3.4133264032791	0.61684228145041
3.4106081683732	0.61684178546479
3.4078942594066	0.61684111617712
3.4051846660609	0.61684026811322
3.4024793780502	0.61683923571785
3.3997783851213	0.61683801335424
3.3970816770538	0.61683659530379
3.3943892436594	0.61683497576560
3.3917010747822	0.61683314885616
3.3890171602984	0.61683110860895
3.3863374901163	0.61682884897411
3.3836620541761	0.61682636381805
3.3809908424495	0.61682364692315
3.3783238449403	0.61682069198739
3.3756610516834	0.61681749262404
3.3730024527453	0.61681404236133
3.3703480382237	0.61681033464216
3.3676977982476	0.61680636282377
3.3650517229768	0.61680212017745
3.3624098026021	0.61679759988829
3.3597720273451	0.61679279505486
3.3571383874580	0.61678769868895
3.3545088732237	0.61678230371534
3.3518834749553	0.61677660297152
3.3492621829963	0.61677058920746
3.3466449877205	0.61676425508542
3.3440318795315	0.61675759317963
3.3414228488631	0.61675059597621
3.3388178861789	0.61674325587285
3.3362169819720	0.61673556517871
3.3336201267653	0.61672751611420
3.3310273111111	0.61671910081080
