#Parameters = {thARC=1; nARC=3; thsub=1; p=1; nSub=4.25}
#"Wavelength / um"	"T (756) [Real Part]"
#---------------------------------------
14.989622900000	0.83859075378207
14.937342202292	0.83943833115165
14.885424925521	0.84027751002577
14.833867293419	0.84110815541345
14.782665581854	0.84193013318720
14.731816117936	0.84274331011872
14.681315279138	0.84354755391464
14.631159492435	0.84434273325238
14.581345233463	0.84512871781600
14.531869025691	0.84590537833213
14.482727439614	0.84667258660589
14.433917091960	0.84743021555679
14.385434644914	0.84817813925465
14.337276805356	0.84891623295540
14.289440324118	0.84964437313693
14.241921995249	0.85036243753470
14.194718655303	0.85107030517741
14.147827182633	0.85176785642239
14.101244496707	0.85245497299100
14.054967557431	0.85313153800371
14.008993364486	0.85379743601512
13.963318956684	0.85445255304868
13.917941411328	0.85509677663124
13.872857843591	0.85572999582735
13.828065405904	0.85635210127323
13.783561287356	0.85696298521053
13.739342713107	0.85756254151972
13.695406943810	0.85815066575316
13.651751275046	0.85872725516786
13.608373036768	0.85929220875777
13.565269592760	0.85984542728582
13.522438340099	0.86038681331535
13.479876708633	0.86091627124130
13.437582160466	0.86143370732083
13.395552189455	0.86193902970348
13.353784320713	0.86243214846087
13.312276110124	0.86291297561579
13.271025143869	0.86338142517090
13.230029037952	0.86383741313675
13.189285437747	0.86428085755926
13.148792017544	0.86471167854667
13.108546480105	0.86512979829577
13.068546556234	0.86553514111755
13.028790004346	0.86592763346225
12.989274610052	0.86630720394368
12.949998185745	0.86667378336281
12.910958570198	0.86702730473088
12.872153628167	0.86736770329148
12.833581250000	0.86769491654211
12.795239351259	0.86800888425497
12.757125872340	0.86830954849697
12.719238778108	0.86859685364886
12.681576057530	0.86887074642374
12.644135723323	0.86913117588464
12.606915811606	0.86937809346137
12.569914381551	0.86961145296644
12.533129515050	0.86983121061022
12.496559316382	0.87003732501524
12.460201911887	0.87022975722954
12.424055449648	0.87040847073929
12.388118099174	0.87057343148039
12.352388051092	0.87072460784924
12.316863516845	0.87086197071263
12.281542728390	0.87098549341666
12.246423937908	0.87109515179479
12.211505417515	0.87119092417496
12.176785458976	0.87127279138576
12.142262373431	0.87134073676171
12.107934491115	0.87139474614756
12.073800161095	0.87143480790164
12.039857751004	0.87146091289836
12.006105646776	0.87147305452961
11.972542252396	0.87147122870538
11.939165989646	0.87145543385328
11.905975297855	0.87142567091723
11.872968633663	0.87138194335513
11.840144470774	0.87132425713560
11.807501299724	0.87125262073381
11.775037627651	0.87116704512630
11.742751978065	0.87106754378493
11.710642890625	0.87095413266985
11.678708920919	0.87082683022155
11.646948640249	0.87068565735200
11.615360635413	0.87053063743485
11.583943508501	0.87036179629475
11.552695876686	0.87017916219570
11.521616372022	0.86998276582858
11.490703641242	0.86977264029776
11.459956345566	0.86954882110679
11.429373160503	0.86931134614329
11.398952775665	0.86906025566297
11.368693894577	0.86879559227272
11.338595234493	0.86851740091299
11.308655526217	0.86822572883925
11.278873513920	0.86792062560265
11.249247954972	0.86760214302998
11.219777619760	0.86727033520268
11.190461291527	0.86692525843524
11.161297766195	0.86656697125272
11.132285852209	0.86619553436765
11.103424370370	0.86581101065608
11.074712153676	0.86541346513304
11.046148047163	0.86500296492721
11.017730907755	0.86457957925500
10.989459604106	0.86414337939390
10.961333016453	0.86369443865528
10.933350036470	0.86323283235645
10.905509567115	0.86275863779225
10.877810522496	0.86227193420595
10.850251827723	0.86177280275964
10.822832418773	0.86126132650409
10.795551242348	0.86073759034803
10.768407255747	0.86020168102697
10.741399426729	0.85965368707152
10.714526733381	0.85909369877525
10.687788163993	0.85852180816208
10.661182716927	0.85793810895332
10.634709400497	0.85734269653421
10.608367232838	0.85673566792011
10.582155241793	0.85611712172242
10.556072464789	0.85548715811402
10.530117948718	0.85484587879446
10.504290749825	0.85419338695485
10.478589933590	0.85352978724250
10.453014574616	0.85285518572524
10.427563756522	0.85216968985554
10.402236571825	0.85147340843442
10.377032121841	0.85076645157517
10.351949516575	0.85004893066688
10.326987874612	0.84932095833782
10.302146323024	0.84858264841872
10.277423997257	0.84783411590588
10.252820041040	0.84707547692427
10.228333606278	0.84630684869047
10.203963852961	0.84552834947564
10.179709949066	0.84474009856840
10.155571070461	0.84394221623777
10.131546400811	0.84313482369598
10.107635131490	0.84231804306151
10.083836461487	0.84149199732200
10.060149597315	0.84065681029730
10.036573752929	0.83981260660260
10.013108149633	0.83895951161168
9.9897520159947	0.83809765142019
9.9665045877660	0.83722715280921
9.9433651077944	0.83634814320882
9.9203328259431	0.83546075066194
9.8974069990096	0.83456510378828
9.8745868906456	0.83366133174859
9.8518717712783	0.83274956420901
9.8292609180328	0.83182993130573
9.8067536146549	0.83090256360989
9.7843491514360	0.82996759209273
9.7620468251384	0.82902514809099
9.7398459389214	0.82807536327266
9.7177458022690	0.82711836960296
9.6957457309185	0.82615429931072
9.6738450467893	0.82518328485500
9.6520430779137	0.82420545889212
9.6303391583681	0.82322095424300
9.6087326282051	0.82222990386091
9.5872228333866	0.82123244079949
9.5658091257179	0.82022869818131
9.5444908627826	0.81921880916668
9.5232674078780	0.81820290692295
9.5021381299525	0.81718112459419
9.4811024035421	0.81615359527129
9.4601596087094	0.81512045196252
9.4393091309824	0.81408182756446
9.4185503612944	0.81303785483346
9.3978826959248	0.81198866635751
9.3773055364404	0.81093439452852
9.3568182896380	0.80987517151515
9.3364203674868	0.80881112923609
9.3161111870727	0.80774239933375
9.2958901705426	0.80666911314850
9.2757567450495	0.80559140169341
9.2557103426984	0.80450939562934
9.2357504004929	0.80342322524074
9.2158763602828	0.80233302041176
9.1960876687117	0.80123891060293
9.1763837771656	0.80014102482838
9.1567641417227	0.79903949163347
9.1372282231027	0.79793443907303
9.1177754866180	0.79682599469001
9.0984054021244	0.79571428549472
9.0791174439733	0.79459943794452
9.0599110909640	0.79348157792406
9.0407858262967	0.79236083072599
9.0217411375263	0.79123732103221
9.0027765165165	0.79011117289566
8.9838914593947	0.78898250972250
8.9650854665072	0.78785145425494
8.9463580423754	0.78671812855450
8.9277086956522	0.78558265398577
8.9091369390788	0.78444515120068
8.8906422894425	0.78330574012334
8.8722242675348	0.78216453993523
8.8538823981099	0.78102166906103
8.8356162098438	0.77987724515488
8.8174252352941	0.77873138508710
8.7993090108600	0.77758420493147
8.7812670767428	0.77643581995291
8.7632989769073	0.77528634459571
8.7454042590432	0.77413589247219
8.7275824745269	0.77298457635184
8.7098331783847	0.77183250815093
8.6921559292549	0.77067979892259
8.6745502893519	0.76952655884732
8.6570158244297	0.76837289722398
8.6395521037464	0.76721892246118
8.6221587000288	0.76606474206920
8.6048351894374	0.76491046265226
8.5875811515325	0.76375618990124
8.5703961692396	0.76260202858684
8.5532798288160	0.76144808255319
8.5362317198178	0.76029445471177
8.5192514350668	0.75914124703587
8.5023385706183	0.75798856055536
8.4854927257288	0.75683649535188
8.4687135028249	0.75568515055441
8.4520005074711	0.75453462433525
8.4353533483399	0.75338501390635
8.4187716371806	0.75223641551606
8.4022549887892	0.75108892444612
8.3858030209790	0.74994263500916
8.3694153545505	0.74879764054648
8.3530916132627	0.74765403342611
8.3368314238042	0.74651190504137
8.3206344157646	0.74537134580958
8.3045002216066	0.74423244517121
8.2884284766381	0.74309529158934
8.2724188189845	0.74195997254935
8.2564708895621	0.74082657455903
8.2405843320506	0.73969518314889
8.2247587928669	0.73856588287280
8.2089939211391	0.73743875730894
8.1932893686800	0.73631388906097
8.1776447899618	0.73519135975951
8.1620598420909	0.73407125006389
8.1465341847826	0.73295363966413
8.1310674803363	0.73183860728319
8.1156593936113	0.73072623067944
8.1003095920022	0.72961658664942
8.0850177454153	0.72850975103077
8.0697835262450	0.72740579870542
8.0546066093498	0.72630480360302
8.0394866720300	0.72520683870451
8.0244233940043	0.72411197604596
8.0094164573871	0.72302028672262
7.9944655466667	0.72193184089308
7.9795703486825	0.72084670778371
7.9647305526036	0.71976495569325
7.9499458499072	0.71868665199755
7.9352159343568	0.71761186315449
7.9205405019815	0.71654065470911
7.9059192510549	0.71547309129884
7.8913518820742	0.71440923665891
7.8768380977404	0.71334915362789
7.8623776029373	0.71229290415339
7.8479701047120	0.71124054929792
7.8336153122550	0.71019214924477
7.8193129368805	0.70914776330420
7.8050626920073	0.70810744991954
7.7908642931393	0.70707126667360
7.7767174578470	0.70603927029503
7.7626219057483	0.70501151666488
7.7485773584906	0.70398806082325
7.7345835397317	0.70296895697597
7.7206401751223	0.70195425850148
7.7067469922879	0.70094401795766
7.6929037208109	0.69993828708890
7.6791100922131	0.69893711683307
7.6653658399386	0.69794055732871
7.6516706993364	0.69694865792223
7.6380244076433	0.69596146717512
7.6244267039674	0.69497903287134
7.6108773292714	0.69400140202463
7.5973760263558	0.69302862088600
7.5839225398432	0.69206073495115
7.5705166161616	0.69109778896803
7.5571580035291	0.69013982694435
7.5438464519376	0.68918689215523
7.5305817131374	0.68823902715076
7.5173635406219	0.68729627376370
7.5041916896120	0.68635867311716
7.4910659170415	0.68542626563225
7.4779859815415	0.68449909103585
7.4649516434263	0.68357718836833
7.4519626646781	0.68266059599127
7.4390188089330	0.68174935159525
7.4261198414664	0.68084349220758
7.4132655291790	0.67994305420010
7.4004556405826	0.67904807329690
7.3876899457861	0.67815858458213
7.3749682164822	0.67727462250770
7.3622902259332	0.67639622090111
7.3496557489581	0.67552341297310
7.3370645619187	0.67465623132545
7.3245164427071	0.67379470795864
7.3120111707317	0.67293887427959
7.2995485269053	0.67208876110930
7.2871282936315	0.67124439869052
7.2747502547925	0.67040581669539
7.2624141957364	0.66957304423302
7.2501199032648	0.66874610985710
7.2378671656205	0.66792504157341
7.2256557724753	0.66710986684738
7.2134855149182	0.66630061261152
7.2013561854432	0.66549730527292
7.1892675779376	0.66469997072063
7.1772194876706	0.66390863433304
7.1652117112811	0.66312332098522
7.1532440467669	0.66234405505620
7.1413162934731	0.66157086043624
7.1294282520809	0.66080376053400
7.1175797245964	0.66004277828373
7.1057705143399	0.65928793615238
7.0940004259347	0.65853925614665
7.0822692652965	0.65779675982002
7.0705768396226	0.65706046827970
7.0589229573817	0.65633040219355
7.0473074283028	0.65560658179696
7.0357300633654	0.65488902689961
7.0241906747891	0.65417775689229
7.0126890760234	0.65347279075354
7.0012250817375	0.65277414705631
6.9897985078107	0.65208184397455
6.9784091713222	0.65139589928973
6.9670568905415	0.65071633039733
6.9557414849188	0.65004315431320
6.9444627750753	0.64937638767996
6.9332205827937	0.64871604677326
6.9220147310090	0.64806214750798
6.9108450437990	0.64741470544448
6.8997113463751	0.64677373579460
6.8886134650735	0.64613925342776
6.8775512273457	0.64551127287692
6.8665244617499	0.64488980834451
6.8555329979419	0.64427487370823
6.8445766666667	0.64366648252688
6.8336552997493	0.64306464804604
6.8227687300865	0.64246938320377
6.8119167916383	0.64188070063613
6.8010993194192	0.64129861268277
6.7903161494904	0.64072313139233
6.7795671189507	0.64015426852785
6.7688520659291	0.63959203557209
6.7581708295762	0.63903644373278
6.7475232500563	0.63848750394781
6.7369091685393	0.63794522689035
6.7263284271932	0.63740962297388
6.7157808691756	0.63688070235721
6.7052663386267	0.63635847494937
6.6947846806610	0.63584295041447
6.6843357413601	0.63533413817647
6.6739193677649	0.63483204742390
6.6635354078684	0.63433668711452
6.6531837106081	0.63384806597987
6.6428641258586	0.63336619252979
6.6325765044248	0.63289107505687
6.6223206980340	0.63242272164079
6.6120965593295	0.63196114015269
6.6019039418630	0.63150633825934
6.5917427000879	0.63105832342735
6.5816126893524	0.63061710292725
6.5715137658922	0.63018268383753
6.5614457868243	0.62975507304864
6.5514086101399	0.62933427726682
6.5414020946978	0.62892030301800
6.5314261002179	0.62851315665152
6.5214804872743	0.62811284434385
6.5115651172893	0.62771937210222
6.5016798525266	0.62733274576815
6.4918245560849	0.62695297102101
6.4819990918919	0.62658005338138
6.4722033246978	0.62621399821447
6.4624371200690	0.62585481073338
6.4527003443823	0.62550249600234
6.4429928648184	0.62515705893989
6.4333145493562	0.62481850432196
6.4236652667667	0.62448683678492
6.4140448866068	0.62416206082850
6.4044532792138	0.62384418081878
6.3948903156997	0.62353320099094
6.3853558679446	0.62322912545208
6.3758498085921	0.62293195818389
6.3663720110427	0.62264170304535
6.3569223494487	0.62235836377525
6.3475006987084	0.62208194399472
6.3381069344609	0.62181244720968
6.3287409330800	0.62154987681324
6.3194025716695	0.62129423608800
6.3100917280572	0.62104552820830
6.3008082807902	0.62080375624244
6.2915521091291	0.62056892315478
6.2823230930427	0.62034103180783
6.2731211132036	0.62012008496422
6.2639460509820	0.61990608528871
6.2547977884415	0.61969903534996
6.2456762083333	0.61949893762243
6.2365811940919	0.61930579448811
6.2275126298297	0.61911960823820
6.2184704003319	0.61894038107472
6.2094543910522	0.61876811511212
6.2004644881075	0.61860281237874
6.1915005782734	0.61844447481827
6.1825625489792	0.61829310429113
6.1736502883031	0.61814870257579
6.1647636849681	0.61801127137001
6.1559026283368	0.61788081229204
6.1470670084068	0.61775732688178
6.1382567158067	0.61764081660180
6.1294716417910	0.61753128283839
6.1207116782360	0.61742872690252
6.1119767176351	0.61733315003068
6.1032666530945	0.61724455338575
6.0945813783289	0.61716293805774
6.0859207876573	0.61708830506454
6.0772847759984	0.61702065535251
6.0686732388664	0.61695998979710
6.0600860723671	0.61690630920335
6.0515231731934	0.61685961430640
6.0429844386212	0.61681990577185
6.0344697665056	0.61678718419609
6.0259790552764	0.61676145010666
6.0175122039342	0.61674270396240
6.0090691120465	0.61673094615361
6.0006496797438	0.61672617700221
5.9922538077154	0.61672839676175
5.9838813972056	0.61673760561737
5.9755323500100	0.61675380368575
5.9672065684713	0.61677699101497
5.9589039554760	0.61680716758429
5.9506244144502	0.61684433330391
5.9423678493558	0.61688848801464
5.9341341646873	0.61693963148754
5.9259232654675	0.61699776342342
5.9177350572444	0.61706288345242
5.9095694460871	0.61713499113338
5.9014263385827	0.61721408595326
5.8933056418321	0.61730016732645
5.8852072634472	0.61739323459398
5.8771311115468	0.61749328702278
5.8690770947533	0.61760032380480
5.8610451221896	0.61771434405603
5.8530351034752	0.61783534681557
5.8450469487229	0.61796333104457
5.8370805685358	0.61809829562511
5.8291358740035	0.61824023935903
5.8212127766990	0.61838916096668
5.8133111886756	0.61854505908567
5.8054310224632	0.61870793226947
5.7975721910656	0.61887777898601
5.7897346079567	0.61905459761621
5.7819181870781	0.61923838645242
5.7741228428351	0.61942914369682
5.7663484900942	0.61962686745976
5.7585950441798	0.61983155575804
5.7508624208709	0.62004320651309
5.7431505363985	0.62026181754914
5.7354593074421	0.62048738659129
5.7277886511272	0.62071991126354
5.7201384850219	0.62095938908675
5.7125087271341	0.62120581747652
5.7048992959087	0.62145919374103
5.6973101102242	0.62171951507878
5.6897410893908	0.62198677857635
5.6821921531463	0.62226098120599
5.6746632216544	0.62254211982320
5.6671542155009	0.62283019116426
5.6596650556919	0.62312519184366
5.6521956636501	0.62342711835149
5.6447459612126	0.62373596705075
5.6373158706281	0.62405173417461
5.6299053145540	0.62437441582358
5.6225142160540	0.62470400796265
5.6151424985952	0.62504050641835
5.6077900860456	0.62538390687570
5.6004569026714	0.62573420487519
5.5931428731343	0.62609139580961
5.5858479224893	0.62645547492082
5.5785719761816	0.62682643729655
5.5713149600446	0.62720427786697
5.5640768002970	0.62758899140134
5.5568574235403	0.62798057250454
5.5496567567568	0.62837901561350
5.5424747273063	0.62878431499361
5.5353112629247	0.62919646473506
5.5281662917204	0.62961545874908
5.5210397421731	0.63004129076415
5.5139315431304	0.63047395432210
5.5068416238060	0.63091344277421
5.4997699137773	0.63135974927716
5.4927163429828	0.63181286678898
5.4856808417200	0.63227278806490
5.4786633406433	0.63273950565314
5.4716637707611	0.63321301189063
5.4646820634342	0.63369329889866
5.4577181503732	0.63418035857849
5.4507719636364	0.63467418260682
5.4438434356274	0.63517476243129
5.4369324990932	0.63568208926586
5.4300390871219	0.63619615408609
5.4231631331404	0.63671694762443
5.4163045709124	0.63724446036536
5.4094633345363	0.63777868254057
5.4026393584430	0.63831960412392
5.3958325773938	0.63886721482650
5.3890429264785	0.63942150409149
5.3822703411131	0.63998246108905
5.3755147570378	0.64055007471106
5.3687761103152	0.64112433356585
5.3620543373278	0.64170522597287
5.3553493747767	0.64229273995723
5.3486611596789	0.64288686324424
5.3419896293656	0.64348758325389
5.3353347214807	0.64409488709516
5.3286963739780	0.64470876156042
5.3220745251198	0.64532919311964
5.3154691134752	0.64595616791460
5.3088800779175	0.64658967175303
5.3023073576229	0.64722969010264
5.2957508920685	0.64787620808517
5.2892106210303	0.64852921047029
5.2826864845815	0.64918868166954
5.2761784230905	0.64985460573007
5.2696863772192	0.65052696632846
5.2632102879213	0.65120574676440
5.2567500964405	0.65189092995433
5.2503057443082	0.65258249842503
5.2438771733427	0.65328043430714
5.2374643256464	0.65398471932861
5.2310671436050	0.65469533480815
5.2246855698850	0.65541226164857
5.2183195474326	0.65613548033006
5.2119690194715	0.65686497090348
5.2056339295016	0.65760071298353
5.1993142212973	0.65834268574191
5.1930098389052	0.65909086790040
5.1867207266436	0.65984523772394
5.1804468290997	0.66060577301359
5.1741880911288	0.66137245109950
5.1679444578521	0.66214524883384
5.1617158746556	0.66292414258361
5.1555022871883	0.66370910822352
5.1493036413604	0.66450012112873
5.1431198833419	0.66529715616760
5.1369509595613	0.66610018769442
5.1307968167037	0.66690918954201
5.1246574017094	0.66772413501441
5.1185326617722	0.66854499687946
5.1124225443383	0.66937174736134
5.1063269971044	0.67020435813315
5.1002459680163	0.67104280030936
5.0941794052676	0.67188704443835
5.0881272572980	0.67273706049483
5.0820894727920	0.67359281787228
5.0760660006773	0.67445428537538
5.0700567901235	0.67532143121238
5.0640617905405	0.67619422298751
5.0580809515775	0.67707262769335
5.0521142231210	0.67795661170314
5.0461615552937	0.67884614076321
5.0402228984533	0.67974117998523
5.0342982031906	0.68064169383864
5.0283874203287	0.68154764614294
5.0224905009214	0.68245900006003
5.0166073962517	0.68337571808657
5.0107380578305	0.68429776204635
5.0048824373957	0.68522509308262
4.9990404869101	0.68615767165052
4.9932121585610	0.68709545750941
4.9873974047579	0.68803840971534
4.9815961781323	0.68898648661349
4.9758084315353	0.68993964583059
4.9700341180371	0.69089784426747
4.9642731909256	0.69186103809154
4.9585256037049	0.69282918272941
4.9527913100942	0.69380223285946
4.9470702640264	0.69478014240451
4.9413624196473	0.69576286452451
4.9356677313138	0.69675035160929
4.9299861535932	0.69774255527139
4.9243176412615	0.69873942633891
4.9186621493027	0.69974091484844
4.9130196329072	0.70074697003807
4.9073900474709	0.70175754034049
4.9017733485939	0.70277257337608
4.8961694920790	0.70379201594619
4.8905784339315	0.70481581402644
4.8850001303569	0.70584391276015
4.8794345377604	0.70687625645180
4.8738816127459	0.70791278856068
4.8683413121143	0.70895345169459
4.8628135928629	0.70999818760361
4.8572984121841	0.71104693717412
4.8517957274640	0.71209964042276
4.8463054962819	0.71315623649067
4.8408276764088	0.71421666363777
4.8353622258065	0.71528085923723
4.8299091026261	0.71634875977001
4.8244682652076	0.71742030081960
4.8190396720784	0.71849541706694
4.8136232819525	0.71957404228541
4.8082190537289	0.72065610933605
4.8028269464915	0.72174155016292
4.7974469195071	0.72283029578865
4.7920789322251	0.72392227631015
4.7867229442759	0.72501742089452
4.7813789154705	0.72611565777515
4.7760468057989	0.72721691424803
4.7707265754297	0.72832111666821
4.7654181847083	0.72942819044655
4.7601215941569	0.73053806004660
4.7548367644726	0.73165064898179
4.7495636565272	0.73276587981276
4.7443022313657	0.73388367414500
4.7390524502055	0.73500395262667
4.7338142744355	0.73612663494671
4.7285876656151	0.73725163983317
4.7233725854735	0.73837888505182
4.7181689959081	0.73950828740503
4.7129768589844	0.74063976273089
4.7077961369347	0.74177322590264
4.7026267921569	0.74290859082838
4.6974687872140	0.74404577045105
4.6923220848333	0.74518467674870
4.6871866479049	0.74632522073515
4.6820624394815	0.74746731246080
4.6769494227769	0.74861086101394
4.6718475611657	0.74975577452223
4.6667568181818	0.75090196015457
4.6616771575183	0.75204932412336
4.6566085430258	0.75319777168697
4.6515509387122	0.75434720715269
4.6465043087415	0.75549753387994
4.6414686174330	0.75664865428388
4.6364438292607	0.75780046983939
4.6314299088522	0.75895288108542
4.6264268209877	0.76010578762966
4.6214345305997	0.76125908815370
4.6164530027718	0.76241268041845
4.6114822027380	0.76356646127009
4.6065220958820	0.76472032664631
4.6015726477360	0.76587417158299
4.5966338239804	0.76702789022133
4.5917055904426	0.76818137581533
4.5867879130967	0.76933452073973
4.5818807580621	0.77048721649836
4.5769840916031	0.77163935373295
4.5720978801281	0.77279082223231
4.5672220901889	0.77394151094202
4.5623566884797	0.77509130797454
4.5575016418364	0.77624010061972
4.5526569172361	0.77738777535583
4.5478224817961	0.77853421786100
4.5429983027731	0.77967931302517
4.5381843475628	0.78082294496240
4.5333805836988	0.78196499702379
4.5285869788520	0.78310535181073
4.5238035008299	0.78424389118870
4.5190301175761	0.78538049630153
4.5142667971691	0.78651504758613
4.5095135078219	0.78764742478768
4.5047702178813	0.78877750697533
4.5000368958271	0.78990517255839
4.4953135102714	0.79103029930291
4.4906000299581	0.79215276434889
4.4858964237618	0.79327244422787
4.4812026606876	0.79438921488102
4.4765187098701	0.79550295167772
4.4718445405728	0.79661352943466
4.4671801221875	0.79772082243537
4.4625254242334	0.79882470445027
4.4578804163569	0.79992504875718
4.4532450683304	0.80102172816233
4.4486193500519	0.80211461502184
4.4440032315446	0.80320358126364
4.4393966829557	0.80428849840996
4.4347996745562	0.80536923760018
4.4302121767401	0.80644566961423
4.4256341600236	0.80751766489640
4.4210655950450	0.80858509357966
4.4165064525633	0.80964782551040
4.4119567034584	0.81070573027362
4.4074163187298	0.81175867721862
4.4028852694963	0.81280653548505
4.3983635269953	0.81384917402946
4.3938510625824	0.81488646165227
4.3893478477306	0.81591826702513
4.3848538540295	0.81694445871873
4.3803690531853	0.81796490523102
4.3758934170194	0.81897947501580
4.3714269174686	0.81998803651175
4.3669695265841	0.82099045817177
4.3625212165309	0.82198660849280
4.3580819595871	0.82297635604595
4.3536517281441	0.82395956950693
4.3492304947048	0.82493611768695
4.3448182318841	0.82590586956389
4.3404149124077	0.82686869431374
4.3360205091119	0.82782446134248
4.3316349949429	0.82877304031819
4.3272583429561	0.82971430120342
4.3228905263158	0.83064811428792
4.3185315182944	0.83157435022157
4.3141812922723	0.83249288004760
4.3098398217366	0.83340357523603
4.3055070802815	0.83430630771735
4.3011830416069	0.83520094991641
4.2968676795184	0.83608737478648
4.2925609679267	0.83696545584355
4.2882628808468	0.83783506720073
4.2839733923978	0.83869608360285
4.2796924768023	0.83954838046117
4.2754201083856	0.84039183388822
4.2711562615757	0.84122632073277
4.2669009109024	0.84205171861482
4.2626540309967	0.84286790596071
4.2584155965909	0.84367476203829
4.2541855825174	0.84447216699207
4.2499639637085	0.84526000187849
4.2457507151961	0.84603814870103
4.2415458121109	0.84680649044547
4.2373492296820	0.84756491111499
4.2331609432364	0.84831329576530
4.2289809281986	0.84905153053962
4.2248091600902	0.84977950270361
4.2206456145291	0.85049710068020
4.2164902672293	0.85120421408424
4.2123430940003	0.85190073375705
4.2082040707468	0.85258655180076
4.2040731734680	0.85326156161249
4.1999503782572	0.85392565791828
4.1958356613016	0.85457873680685
4.1917289988814	0.85522069576307
4.1876303673697	0.85585143370117
4.1835397432319	0.85647085099763
4.1794571030252	0.85707884952385
4.1753824233983	0.85767533267842
4.1713156810909	0.85826020541903
4.1672568529330	0.85883337429410
4.1632059158450	0.85939474747391
4.1591628468368	0.85994423478143
4.1551276230076	0.86048174772268
4.1511002215453	0.86100719951663
4.1470806197261	0.86152050512467
4.1430687949143	0.86202158127957
4.1390647245616	0.86251034651400
4.1350683862069	0.86298672118844
4.1310797574755	0.86345062751866
4.1270988160793	0.86390198960257
4.1231255398157	0.86434073344651
4.1191599065677	0.86476678699101
4.1152018943034	0.86518008013589
4.1112514810752	0.86558054476474
4.1073086450199	0.86596811476881
4.1033733643581	0.86634272607019
4.0994456173937	0.86670431664439
4.0955253825137	0.86705282654216
4.0916126381875	0.86738819791068
4.0877073629670	0.86771037501401
4.0838095354856	0.86801930425280
4.0799191344584	0.86831493418331
4.0760361386812	0.86859721553564
4.0721605270307	0.86886610123120
4.0682922784638	0.86912154639942
4.0644313720174	0.86936350839368
4.0605777868075	0.86959194680640
4.0567315020298	0.86980682348339
4.0528924969582	0.87000810253737
4.0490607509454	0.87019575036055
4.0452362434219	0.87036973563661
4.0414189538959	0.87053002935156
4.0376088619529	0.87067660480400
4.0338059472551	0.87080943761436
4.0300101895416	0.87092850573334
4.0262215686274	0.87103378944950
4.0224400644036	0.87112527139594
4.0186656568365	0.87120293655610
4.0148983259676	0.87126677226873
4.0111380519133	0.87131676823192
4.0073848148643	0.87135291650631
4.0036385950855	0.87137521151730
3.9998993729153	0.87138365005653
3.9961671287657	0.87137823128231
3.9924418431216	0.87135895671930
3.9887234965407	0.87132583025718
3.9850120696531	0.87127885814854
3.9813075431607	0.87121804900581
3.9776098978373	0.87114341379732
3.9739191145281	0.87105496584257
3.9702351741491	0.87095272080646
3.9665580576872	0.87083669669279
3.9628877461996	0.87070691383685
3.9592242208135	0.87056339489715
3.9555674627260	0.87040616484625
3.9519174532033	0.87023525096085
3.9482741735809	0.87005068281096
3.9446376052632	0.86985249224823
3.9410077297226	0.86964071339354
3.9373845285001	0.86941538262368
3.9337679832043	0.86917653855732
3.9301580755113	0.86892422204009
3.9265547871644	0.86865847612898
3.9229580999738	0.86837934607589
3.9193679958164	0.86808687931047
3.9157844566353	0.86778112542217
3.9122074644395	0.86746213614163
3.9086370013038	0.86712996532124
3.9050730493682	0.86678466891512
3.9015155908381	0.86642630495831
3.8979646079834	0.86605493354530
3.8944200831385	0.86567061680796
3.8908819987021	0.86527341889276
3.8873503371369	0.86486340593734
3.8838250809690	0.86444064604655
3.8803062127880	0.86400520926781
3.8767937152463	0.86355716756592
3.8732875710594	0.86309659479729
3.8697877630050	0.86262356668367
3.8662942739231	0.86213816078526
3.8628070867156	0.86164045647338
3.8593261843460	0.86113053490261
3.8558515498392	0.86060847898249
3.8523831662812	0.86007437334868
3.8489210168186	0.85952830433378
3.8454650846588	0.85897035993765
3.8420153530693	0.85840062979734
3.8385718053777	0.85781920515670
3.8351344249712	0.85722617883551
3.8317031952965	0.85662164519837
3.8282780998595	0.85600570012319
3.8248591222251	0.85537844096941
3.8214462460166	0.85473996654592
3.8180394549159	0.85409037707866
3.8146387326632	0.85342977417811
3.8112440630562	0.85275826080634
3.8078554299505	0.85207594124403
3.8044728172589	0.85138292105719
3.8010962089514	0.85067930706376
3.7977255890550	0.84996520730000
3.7943609416530	0.84924073098676
3.7910022508852	0.84850598849570
3.7876495009476	0.84776109131527
3.7843026760919	0.84700615201674
3.7809617606256	0.84624128422008
3.7776267389113	0.84546660255982
3.7742975953670	0.84468222265090
3.7709743144654	0.84388826105447
3.7676568807339	0.84308483524372
3.7643452787544	0.84227206356970
3.7610394931627	0.84145006522725
3.7577395086488	0.84061896022091
3.7544453099562	0.83977886933092
3.7511568818819	0.83892991407933
3.7478742092762	0.83807221669621
3.7445972770422	0.83720590008595
3.7413260701360	0.83633108779372
3.7380605735661	0.83544790397206
3.7348007723932	0.83455647334769
3.7315466517301	0.83365692118837
3.7282981967417	0.83274937327011
3.7250553926441	0.83183395584445
3.7218182247052	0.83091079560607
3.7185866782436	0.82998001966050
3.7153607386293	0.82904175549224
3.7121403912828	0.82809613093294
3.7089256216751	0.82714327413005
3.7057164153276	0.82618331351556
3.7025127578115	0.82521637777518
3.6993146347483	0.82424259581771
3.6961220318087	0.82326209674482
3.6929349347130	0.82227500982103
3.6897533292308	0.82128146444412
3.6865772011805	0.82028159011587
3.6834065364295	0.81927551641307
3.6802413208937	0.81826337295896
3.6770815405372	0.81724528939501
3.6739271813725	0.81622139535307
3.6707782294600	0.81519182042792
3.6676346709078	0.81415669415012
3.6644964918714	0.81311614595939
3.6613636785540	0.81207030517829
3.6582362172056	0.81101930098632
3.6551140941234	0.80996326239441
3.6519972956511	0.80890231821993
3.6488858081792	0.80783659706195
3.6457796181442	0.80676622727708
3.6426787120292	0.80569133695563
3.6395830763628	0.80461205389827
3.6364926977196	0.80352850559308
3.6334075627197	0.80244081919302
3.6303276580286	0.80134912149394
3.6272529703569	0.80025353891290
3.6241834864603	0.79915419746704
3.6211191931393	0.79805122275282
3.6180600772387	0.79694473992576
3.6150061256481	0.79583487368059
3.6119573253012	0.79472174823188
3.6089136631756	0.79360548729508
3.6058751262930	0.79248621406807
3.6028417017185	0.79136405121307
3.5998133765610	0.79023912083913
3.5967901379724	0.78911154448487
3.5937719731479	0.78798144310191
3.5907588693257	0.78684893703852
3.5877508137865	0.78571414602389
3.5847477938539	0.78457718915270
3.5817497968937	0.78343818487026
3.5787568103140	0.78229725095798
3.5757688215649	0.78115450451935
3.5727858181385	0.78001006196630
3.5698077875685	0.77886403900605
3.5668347174301	0.77771655062835
3.5638665953400	0.77656771109310
3.5609034089559	0.77541763391852
3.5579451459767	0.77426643186960
3.5549917941421	0.77311421694704
3.5520433412322	0.77196110037661
3.5490997750681	0.77080719259884
3.5461610835108	0.76965260325921
3.5432272544616	0.76849744119867
3.5402982758621	0.76734181444458
3.5373741356932	0.76618583020201
3.5344548219759	0.76502959484550
3.5315403227706	0.76387321391110
3.5286306261770	0.76271679208884
3.5257257203340	0.76156043321560
3.5228255934195	0.76040424026825
3.5199302336503	0.75924831535724
3.5170396292820	0.75809275972053
3.5141537686086	0.75693767371780
3.5112726399625	0.75578315682509
3.5083962317145	0.75462930762971
3.5055245322732	0.75347622382555
3.5026575300853	0.75232400220867
3.4997952136353	0.75117273867320
3.4969375714452	0.75002252820759
3.4940845920746	0.74887346489117
3.4912362641202	0.74772564189099
3.4883925762160	0.74657915145896
3.4855535170329	0.74543408492930
3.4827190752788	0.74429053271628
3.4798892396982	0.74314858431221
3.4770639990721	0.74200832828575
3.4742433422181	0.74086985228043
3.4714272579898	0.73973324301350
3.4686157352771	0.73859858627498
3.4658087630058	0.73746596692700
3.4630063301375	0.73633546890337
3.4602084256694	0.73520717520938
3.4574150386345	0.73408116792187
3.4546261581009	0.73295752818950
3.4518417731721	0.73183633623321
3.4490618729867	0.73071767134698
3.4462864467180	0.72960161189875
3.4435154835745	0.72848823533152
3.4407489727993	0.72737761816472
3.4379869036697	0.72626983599572
3.4352292654979	0.72516496350151
3.4324760476300	0.72406307444069
3.4297272394463	0.72296424165543
3.4269828303612	0.72186853707381
3.4242428098230	0.72077603171220
3.4215071673134	0.71968679567784
3.4187758923480	0.71860089817159
3.4160489744758	0.71751840749077
3.4133264032791	0.71643939103226
3.4106081683732	0.71536391529562
3.4078942594066	0.71429204588646
3.4051846660609	0.71322384751982
3.4024793780502	0.71215938402376
3.3997783851213	0.71109871834308
3.3970816770538	0.71004191254310
3.3943892436594	0.70898902781360
3.3917010747822	0.70794012447281
3.3890171602984	0.70689526197162
3.3863374901163	0.70585449889773
3.3836620541761	0.70481789298003
3.3809908424495	0.70378550109300
3.3783238449403	0.70275737926121
3.3756610516834	0.70173358266393
3.3730024527453	0.70071416563975
3.3703480382237	0.69969918169137
3.3676977982476	0.69868868349038
3.3650517229768	0.69768272288214
3.3624098026021	0.69668135089070
3.3597720273451	0.69568461772385
3.3571383874580	0.69469257277813
3.3545088732237	0.69370526464391
3.3518834749553	0.69272274111062
3.3492621829963	0.69174504917189
3.3466449877205	0.69077223503079
3.3440318795315	0.68980434410514
3.3414228488631	0.68884142103281
3.3388178861789	0.68788350967703
3.3362169819720	0.68693065313185
3.3336201267653	0.68598289372744
3.3310273111111	0.68504027303561
