#Parameters = {thARC=0.6; nARC=1.75; thsub=1; p=1; nSub=1.25}
#"Wavelength / um"	"T (76) [Real Part]"
#--------------------------------------
14.989622900000	0.95313008144189
14.937342202292	0.95300534931443
14.885424925521	0.95287862522223
14.833867293419	0.95274992346643
14.782665581854	0.95261925834549
14.731816117936	0.95248664415435
14.681315279138	0.95235209518360
14.631159492435	0.95221562571873
14.581345233463	0.95207725003926
14.531869025691	0.95193698241801
14.482727439614	0.95179483712025
14.433917091960	0.95165082840295
14.385434644914	0.95150497051400
14.337276805356	0.95135727769145
14.289440324118	0.95120776416270
14.241921995249	0.95105644414380
14.194718655303	0.95090333183864
14.147827182633	0.95074844143825
14.101244496707	0.95059178712003
14.054967557431	0.95043338304703
14.008993364486	0.95027324336721
13.963318956684	0.95011138221275
13.917941411328	0.94994781369927
13.872857843591	0.94978255192521
13.828065405904	0.94961561097102
13.783561287356	0.94944700489858
13.739342713107	0.94927674775042
13.695406943810	0.94910485354908
13.651751275046	0.94893133629642
13.608373036768	0.94875620997296
13.565269592760	0.94857948853720
13.522438340099	0.94840118592498
13.479876708633	0.94822131604882
13.437582160466	0.94803989279728
13.395552189455	0.94785693003432
13.353784320713	0.94767244159868
13.312276110124	0.94748644130323
13.271025143869	0.94729894293438
13.230029037952	0.94710996025146
13.189285437747	0.94691950698612
13.148792017544	0.94672759684172
13.108546480105	0.94653424349274
13.068546556234	0.94633946058423
13.028790004346	0.94614326173118
12.989274610052	0.94594566051799
12.949998185745	0.94574667049790
12.910958570198	0.94554630519241
12.872153628167	0.94534457809075
12.833581250000	0.94514150264933
12.795239351259	0.94493709229122
12.757125872340	0.94473136040559
12.719238778108	0.94452432034721
12.681576057530	0.94431598543591
12.644135723323	0.94410636895610
12.606915811606	0.94389548415626
12.569914381551	0.94368334424841
12.533129515050	0.94346996240766
12.496559316382	0.94325535177171
12.460201911887	0.94303952544038
12.424055449648	0.94282249647512
12.388118099174	0.94260427789858
12.352388051092	0.94238488269414
12.316863516845	0.94216432380542
12.281542728390	0.94194261413591
12.246423937908	0.94171976654848
12.211505417515	0.94149579386496
12.176785458976	0.94127070886574
12.142262373431	0.94104452428931
12.107934491115	0.94081725283190
12.073800161095	0.94058890714702
12.039857751004	0.94035949984513
12.006105646776	0.94012904349319
11.972542252396	0.93989755061428
11.939165989646	0.93966503368727
11.905975297855	0.93943150514641
11.872968633663	0.93919697738097
11.840144470774	0.93896146273487
11.807501299724	0.93872497350636
11.775037627651	0.93848752194765
11.742751978065	0.93824912026457
11.710642890625	0.93800978061625
11.678708920919	0.93776951511478
11.646948640249	0.93752833582489
11.615360635413	0.93728625476365
11.583943508501	0.93704328390014
11.552695876686	0.93679943515517
11.521616372022	0.93655472040096
11.490703641242	0.93630915146088
11.459956345566	0.93606274010911
11.429373160503	0.93581549807045
11.398952775665	0.93556743701997
11.368693894577	0.93531856858277
11.338595234493	0.93506890433374
11.308655526217	0.93481845579727
11.278873513920	0.93456723444704
11.249247954972	0.93431525170574
11.219777619760	0.93406251894488
11.190461291527	0.93380904748450
11.161297766195	0.93355484859299
11.132285852209	0.93329993348686
11.103424370370	0.93304431333054
11.074712153676	0.93278799923613
11.046148047163	0.93253100226325
11.017730907755	0.93227333341880
10.989459604106	0.93201500365681
10.961333016453	0.93175602387821
10.933350036470	0.93149640493071
10.905509567115	0.93123615760854
10.877810522496	0.93097529265239
10.850251827723	0.93071382074914
10.822832418773	0.93045175253179
10.795551242348	0.93018909857924
10.768407255747	0.92992586941618
10.741399426729	0.92966207551294
10.714526733381	0.92939772728537
10.687788163993	0.92913283509466
10.661182716927	0.92886740924727
10.634709400497	0.92860145999477
10.608367232838	0.92833499753376
10.582155241793	0.92806803200570
10.556072464789	0.92780057349688
10.530117948718	0.92753263203825
10.504290749825	0.92726421760538
10.478589933590	0.92699534011831
10.453014574616	0.92672600944154
10.427563756522	0.92645623538385
10.402236571825	0.92618602769833
10.377032121841	0.92591539608223
10.351949516575	0.92564435017691
10.326987874612	0.92537289956781
10.302146323024	0.92510105378435
10.277423997257	0.92482882229989
10.252820041040	0.92455621453172
10.228333606278	0.92428323984093
10.203963852961	0.92400990753245
10.179709949066	0.92373622685500
10.155571070461	0.92346220700100
10.131546400811	0.92318785710663
10.107635131490	0.92291318625174
10.083836461487	0.92263820345986
10.060149597315	0.92236291769819
10.036573752929	0.92208733787758
10.013108149633	0.92181147285253
9.9897520159947	0.92153533142117
9.9665045877660	0.92125892232528
9.9433651077944	0.92098225425033
9.9203328259431	0.92070533582539
9.8974069990096	0.92042817562328
9.8745868906456	0.92015078216045
9.8518717712783	0.91987316389713
9.8292609180328	0.91959532923725
9.8067536146549	0.91931728652853
9.7843491514360	0.91903904406252
9.7620468251384	0.91876061007458
9.7398459389214	0.91848199274398
9.7177458022690	0.91820320019391
9.6957457309185	0.91792424049155
9.6738450467893	0.91764512164811
9.6520430779137	0.91736585161888
9.6303391583681	0.91708643830330
9.6087326282051	0.91680688954501
9.5872228333866	0.91652721313194
9.5658091257179	0.91624741679633
9.5444908627826	0.91596750821488
9.5232674078780	0.91568749500874
9.5021381299525	0.91540738474364
9.4811024035421	0.91512718492996
9.4601596087094	0.91484690302282
9.4393091309824	0.91456654642217
9.4185503612944	0.91428612247286
9.3978826959248	0.91400563846474
9.3773055364404	0.91372510163280
9.3568182896380	0.91344451915720
9.3364203674868	0.91316389816344
9.3161111870727	0.91288324572241
9.2958901705426	0.91260256885055
9.2757567450495	0.91232187450991
9.2557103426984	0.91204116960832
9.2357504004929	0.91176046099947
9.2158763602828	0.91147975548301
9.1960876687117	0.91119905980475
9.1763837771656	0.91091838065670
9.1567641417227	0.91063772467726
9.1372282231027	0.91035709845131
9.1177754866180	0.91007650851036
9.0984054021244	0.90979596133269
9.0791174439733	0.90951546334350
9.0599110909640	0.90923502091499
9.0407858262967	0.90895464036659
9.0217411375263	0.90867432796505
9.0027765165165	0.90839408992457
8.9838914593947	0.90811393240703
8.9650854665072	0.90783386152205
8.9463580423754	0.90755388332721
8.9277086956522	0.90727400382818
8.9091369390788	0.90699422897886
8.8906422894425	0.90671456468158
8.8722242675348	0.90643501678726
8.8538823981099	0.90615559109553
8.8356162098438	0.90587629335496
8.8174252352941	0.90559712926316
8.7993090108600	0.90531810446701
8.7812670767428	0.90503922456282
8.7632989769073	0.90476049509647
8.7454042590432	0.90448192156363
8.7275824745269	0.90420350940991
8.7098331783847	0.90392526403107
8.6921559292549	0.90364719077316
8.6745502893519	0.90336929493274
8.6570158244297	0.90309158175704
8.6395521037464	0.90281405644419
8.6221587000288	0.90253672414335
8.6048351894374	0.90225958995493
8.5875811515325	0.90198265893080
8.5703961692396	0.90170593607444
8.5532798288160	0.90142942634119
8.5362317198178	0.90115313463840
8.5192514350668	0.90087706582563
8.5023385706183	0.90060122471490
8.4854927257288	0.90032561607083
8.4687135028249	0.90005024461087
8.4520005074711	0.89977511500551
8.4353533483399	0.89950023187847
8.4187716371806	0.89922559980692
8.4022549887892	0.89895122332168
8.3858030209790	0.89867710690742
8.3694153545505	0.89840325500289
8.3530916132627	0.89812967200111
8.3368314238042	0.89785636224962
8.3206344157646	0.89758333005063
8.3045002216066	0.89731057966129
8.2884284766381	0.89703811529391
8.2724188189845	0.89676594111611
8.2564708895621	0.89649406125111
8.2405843320506	0.89622247977792
8.2247587928669	0.89595120073156
8.2089939211391	0.89568022810328
8.1932893686800	0.89540956584077
8.1776447899618	0.89513921784843
8.1620598420909	0.89486918798753
8.1465341847826	0.89459948007647
8.1310674803363	0.89433009789101
8.1156593936113	0.89406104516448
8.1003095920022	0.89379232558802
8.0850177454153	0.89352394281079
8.0697835262450	0.89325590044021
8.0546066093498	0.89298820204220
8.0394866720300	0.89272085114138
8.0244233940043	0.89245385122133
8.0094164573871	0.89218720572481
7.9944655466667	0.89192091805399
7.9795703486825	0.89165499157068
7.9647305526036	0.89138942959657
7.9499458499072	0.89112423541345
7.9352159343568	0.89085941226349
7.9205405019815	0.89059496334939
7.9059192510549	0.89033089183470
7.8913518820742	0.89006720084400
7.8768380977404	0.88980389346317
7.8623776029373	0.88954097273960
7.8479701047120	0.88927844168246
7.8336153122550	0.88901630326289
7.8193129368805	0.88875456041428
7.8050626920073	0.88849321603250
7.7908642931393	0.88823227297611
7.7767174578470	0.88797173406664
7.7626219057483	0.88771160208881
7.7485773584906	0.88745187979075
7.7345835397317	0.88719256988427
7.7206401751223	0.88693367504509
7.7067469922879	0.88667519791308
7.6929037208109	0.88641714109250
7.6791100922131	0.88615950715222
7.6653658399386	0.88590229862601
7.6516706993364	0.88564551801274
7.6380244076433	0.88538916777662
7.6244267039674	0.88513325034747
7.6108773292714	0.88487776812094
7.5973760263558	0.88462272345876
7.5839225398432	0.88436811868897
7.5705166161616	0.88411395610617
7.5571580035291	0.88386023797178
7.5438464519376	0.88360696651425
7.5305817131374	0.88335414392930
7.5173635406219	0.88310177238021
7.5041916896120	0.88284985399801
7.4910659170415	0.88259839088173
7.4779859815415	0.88234738509866
7.4649516434263	0.88209683868461
7.4519626646781	0.88184675364409
7.4390188089330	0.88159713195060
7.4261198414664	0.88134797554686
7.4132655291790	0.88109928634505
7.4004556405826	0.88085106622705
7.3876899457861	0.88060331704467
7.3749682164822	0.88035604061992
7.3622902259332	0.88010923874523
7.3496557489581	0.87986291318368
7.3370645619187	0.87961706566927
7.3245164427071	0.87937169790714
7.3120111707317	0.87912681157381
7.2995485269053	0.87888240831743
7.2871282936315	0.87863848975801
7.2747502547925	0.87839505748766
7.2624141957364	0.87815211307083
7.2501199032648	0.87790965804455
7.2378671656205	0.87766769391869
7.2256557724753	0.87742622217614
7.2134855149182	0.87718524427311
7.2013561854432	0.87694476163934
7.1892675779376	0.87670477567832
7.1772194876706	0.87646528776758
7.1652117112811	0.87622629925884
7.1532440467669	0.87598781147835
7.1413162934731	0.87574982572705
7.1294282520809	0.87551234328081
7.1175797245964	0.87527536539073
7.1057705143399	0.87503889328328
7.0940004259347	0.87480292816061
7.0822692652965	0.87456747120074
7.0705768396226	0.87433252355783
7.0589229573817	0.87409808636236
7.0473074283028	0.87386416072143
7.0357300633654	0.87363074771891
7.0241906747891	0.87339784841576
7.0126890760234	0.87316546385019
7.0012250817375	0.87293359503792
6.9897985078107	0.87270224297241
6.9784091713222	0.87247140862510
6.9670568905415	0.87224109294560
6.9557414849188	0.87201129686196
6.9444627750753	0.87178202128086
6.9332205827937	0.87155326708789
6.9220147310090	0.87132503514772
6.9108450437990	0.87109732630434
6.8997113463751	0.87087014138133
6.8886134650735	0.87064348118202
6.8775512273457	0.87041734648975
6.8665244617499	0.87019173806809
6.8555329979419	0.86996665666107
6.8445766666667	0.86974210299337
6.8336552997493	0.86951807777058
6.8227687300865	0.86929458167941
6.8119167916383	0.86907161538789
6.8010993194192	0.86884917954561
6.7903161494904	0.86862727478394
6.7795671189507	0.86840590171625
6.7688520659291	0.86818506093809
6.7581708295762	0.86796475302746
6.7475232500563	0.86774497854502
6.7369091685393	0.86752573803425
6.7263284271932	0.86730703202173
6.7157808691756	0.86708886101732
6.7052663386267	0.86687122551439
6.6947846806610	0.86665412599002
6.6843357413601	0.86643756290522
6.6739193677649	0.86622153670512
6.6635354078684	0.86600604781924
6.6531837106081	0.86579109666161
6.6428641258586	0.86557668363106
6.6325765044248	0.86536280911140
6.6223206980340	0.86514947347159
6.6120965593295	0.86493667706602
6.6019039418630	0.86472442023465
6.5917427000879	0.86451270330326
6.5816126893524	0.86430152658363
6.5715137658922	0.86409089037374
6.5614457868243	0.86388079495799
6.5514086101399	0.86367124060742
6.5414020946978	0.86346222757984
6.5314261002179	0.86325375612012
6.5214804872743	0.86304582646032
6.5115651172893	0.86283843881992
6.5016798525266	0.86263159340604
6.4918245560849	0.86242529041356
6.4819990918919	0.86221953002543
6.4722033246978	0.86201431241274
6.4624371200690	0.86180963773503
6.4527003443823	0.86160550614040
6.4429928648184	0.86140191776574
6.4333145493562	0.86119887273692
6.4236652667667	0.86099637116899
6.4140448866068	0.86079441316633
6.4044532792138	0.86059299882290
6.3948903156997	0.86039212822236
6.3853558679446	0.86019180143833
6.3758498085921	0.85999201853451
6.3663720110427	0.85979277956492
6.3569223494487	0.85959408457406
6.3475006987084	0.85939593359707
6.3381069344609	0.85919832665997
6.3287409330800	0.85900126377979
6.3194025716695	0.85880474496480
6.3100917280572	0.85860877021463
6.3008082807902	0.85841333952050
6.2915521091291	0.85821845286539
6.2823230930427	0.85802411022420
6.2731211132036	0.85783031156393
6.2639460509820	0.85763705684388
6.2547977884415	0.85744434601578
6.2456762083333	0.85725217902403
6.2365811940919	0.85706055580580
6.2275126298297	0.85686947629126
6.2184704003319	0.85667894040371
6.2094543910522	0.85648894805978
6.2004644881075	0.85629949916958
6.1915005782734	0.85611059363689
6.1825625489792	0.85592223135929
6.1736502883031	0.85573441222838
6.1647636849681	0.85554713612989
6.1559026283368	0.85536040294388
6.1470670084068	0.85517421254489
6.1382567158067	0.85498856480212
6.1294716417910	0.85480345957954
6.1207116782360	0.85461889673614
6.1119767176351	0.85443487612600
6.1032666530945	0.85425139759850
6.0945813783289	0.85406846099846
6.0859207876573	0.85388606616630
6.0772847759984	0.85370421293820
6.0686732388664	0.85352290114626
6.0600860723671	0.85334213061863
6.0515231731934	0.85316190117968
6.0429844386212	0.85298221265016
6.0344697665056	0.85280306484731
6.0259790552764	0.85262445758509
6.0175122039342	0.85244639067423
6.0090691120465	0.85226886392245
6.0006496797438	0.85209187713458
5.9922538077154	0.85191543011271
5.9838813972056	0.85173952265633
5.9755323500100	0.85156415456247
5.9672065684713	0.85138932562585
5.9589039554760	0.85121503563904
5.9506244144502	0.85104128439256
5.9423678493558	0.85086807167504
5.9341341646873	0.85069539727338
5.9259232654675	0.85052326097285
5.9177350572444	0.85035166255725
5.9095694460871	0.85018060180902
5.9014263385827	0.85001007850943
5.8933056418321	0.84984009243864
5.8852072634472	0.84967064337590
5.8771311115468	0.84950173109961
5.8690770947533	0.84933335538754
5.8610451221896	0.84916551601686
5.8530351034752	0.84899821276436
5.8450469487229	0.84883144540651
5.8370805685358	0.84866521371961
5.8291358740035	0.84849951747993
5.8212127766990	0.84833435646382
5.8133111886756	0.84816973044780
5.8054310224632	0.84800563920877
5.7975721910656	0.84784208252402
5.7897346079567	0.84767906017145
5.7819181870781	0.84751657192961
5.7741228428351	0.84735461757788
5.7663484900942	0.84719319689653
5.7585950441798	0.84703230966689
5.7508624208709	0.84687195567143
5.7431505363985	0.84671213469387
5.7354593074421	0.84655284651931
5.7277886511272	0.84639409093435
5.7201384850219	0.84623586772716
5.7125087271341	0.84607817668765
5.7048992959087	0.84592101760751
5.6973101102242	0.84576439028036
5.6897410893908	0.84560829450187
5.6821921531463	0.84545273006980
5.6746632216544	0.84529769678418
5.6671542155009	0.84514319444735
5.6596650556919	0.84498922286413
5.6521956636501	0.84483578184184
5.6447459612126	0.84468287119045
5.6373158706281	0.84453049072269
5.6299053145540	0.84437864025410
5.6225142160540	0.84422731960318
5.6151424985952	0.84407652859142
5.6077900860456	0.84392626704348
5.6004569026714	0.84377653478719
5.5931428731343	0.84362733165372
5.5858479224893	0.84347865747763
5.5785719761816	0.84333051209697
5.5713149600446	0.84318289535336
5.5640768002970	0.84303580709209
5.5568574235403	0.84288924716220
5.5496567567568	0.84274321541659
5.5424747273063	0.84259771171206
5.5353112629247	0.84245273590942
5.5281662917204	0.84230828787357
5.5210397421731	0.84216436747359
5.5139315431304	0.84202097458280
5.5068416238060	0.84187810907887
5.4997699137773	0.84173577084384
5.4927163429828	0.84159395976429
5.4856808417200	0.84145267573131
5.4786633406433	0.84131191864066
5.4716637707611	0.84117168839281
5.4646820634342	0.84103198489299
5.4577181503732	0.84089280805131
5.4507719636364	0.84075415778280
5.4438434356274	0.84061603400748
5.4369324990932	0.84047843665045
5.4300390871219	0.84034136564192
5.4231631331404	0.84020482091732
5.4163045709124	0.84006880241734
5.4094633345363	0.83993331008799
5.4026393584430	0.83979834388067
5.3958325773938	0.83966390375226
5.3890429264785	0.83952998966513
5.3822703411131	0.83939660158722
5.3755147570378	0.83926373949214
5.3687761103152	0.83913140335915
5.3620543373278	0.83899959317330
5.3553493747767	0.83886830892541
5.3486611596789	0.83873755061218
5.3419896293656	0.83860731823621
5.3353347214807	0.83847761180610
5.3286963739780	0.83834843133642
5.3220745251198	0.83821977684784
5.3154691134752	0.83809164836713
5.3088800779175	0.83796404592725
5.3023073576229	0.83783696956736
5.2957508920685	0.83771041933286
5.2892106210303	0.83758439527550
5.2826864845815	0.83745889745333
5.2761784230905	0.83733392593082
5.2696863772192	0.83720948077888
5.2632102879213	0.83708556207488
5.2567500964405	0.83696216990271
5.2503057443082	0.83683930435282
5.2438771733427	0.83671696552223
5.2374643256464	0.83659515351462
5.2310671436050	0.83647386844031
5.2246855698850	0.83635311041634
5.2183195474326	0.83623287956645
5.2119690194715	0.83611317602119
5.2056339295016	0.83599399991786
5.1993142212973	0.83587535140063
5.1930098389052	0.83575723062050
5.1867207266436	0.83563963773535
5.1804468290997	0.83552257291001
5.1741880911288	0.83540603631619
5.1679444578521	0.83529002813262
5.1617158746556	0.83517454854499
5.1555022871883	0.83505959774601
5.1493036413604	0.83494517593541
5.1431198833419	0.83483128332000
5.1369509595613	0.83471792011363
5.1307968167037	0.83460508653728
5.1246574017094	0.83449278281902
5.1185326617722	0.83438100919405
5.1124225443383	0.83426976590473
5.1063269971044	0.83415905320056
5.1002459680163	0.83404887133823
5.0941794052676	0.83393922058160
5.0881272572980	0.83383010120175
5.0820894727920	0.83372151347696
5.0760660006773	0.83361345769271
5.0700567901235	0.83350593414174
5.0640617905405	0.83339894312401
5.0580809515775	0.83329248494671
5.0521142231210	0.83318655992431
5.0461615552937	0.83308116837851
5.0402228984533	0.83297631063827
5.0342982031906	0.83287198703982
5.0283874203287	0.83276819792663
5.0224905009214	0.83266494364945
5.0166073962517	0.83256222456630
5.0107380578305	0.83246004104244
5.0048824373957	0.83235839345040
4.9990404869101	0.83225728216995
4.9932121585610	0.83215670758815
4.9873974047579	0.83205667009925
4.9815961781323	0.83195717010479
4.9758084315353	0.83185820801350
4.9700341180371	0.83175978424138
4.9642731909256	0.83166189921160
4.9585256037049	0.83156455335456
4.9527913100942	0.83146774710785
4.9470702640264	0.83137148091623
4.9413624196473	0.83127575523164
4.9356677313138	0.83118057051318
4.9299861535932	0.83108592722707
4.9243176412615	0.83099182584666
4.9186621493027	0.83089826685241
4.9130196329072	0.83080525073187
4.9073900474709	0.83071277797964
4.9017733485939	0.83062084909740
4.8961694920790	0.83052946459382
4.8905784339315	0.83043862498462
4.8850001303569	0.83034833079246
4.8794345377604	0.83025858254699
4.8738816127459	0.83016938078478
4.8683413121143	0.83008072604930
4.8628135928629	0.82999261889093
4.8572984121841	0.82990505986689
4.8517957274640	0.82981804954121
4.8463054962819	0.82973158848473
4.8408276764088	0.82964567727507
4.8353622258065	0.82956031649656
4.8299091026261	0.82947550674026
4.8244682652076	0.82939124860386
4.8190396720784	0.82930754269172
4.8136232819525	0.82922438961478
4.8082190537289	0.82914178999056
4.8028269464915	0.82905974444310
4.7974469195071	0.82897825360291
4.7920789322251	0.82889731810697
4.7867229442759	0.82881693859867
4.7813789154705	0.82873711572776
4.7760468057989	0.82865785015033
4.7707265754297	0.82857914252874
4.7654181847083	0.82850099353160
4.7601215941569	0.82842340383372
4.7548367644726	0.82834637411606
4.7495636565272	0.82826990506568
4.7443022313657	0.82819399737570
4.7390524502055	0.82811865174526
4.7338142744355	0.82804386887946
4.7285876656151	0.82796964948930
4.7233725854735	0.82789599429166
4.7181689959081	0.82782290400922
4.7129768589844	0.82775037937041
4.7077961369347	0.82767842110937
4.7026267921569	0.82760702996591
4.6974687872140	0.82753620668540
4.6923220848333	0.82746595201878
4.6871866479049	0.82739626672245
4.6820624394815	0.82732715155825
4.6769494227769	0.82725860729337
4.6718475611657	0.82719063470032
4.6667568181818	0.82712323455685
4.6616771575183	0.82705640764591
4.6566085430258	0.82699015475554
4.6515509387122	0.82692447667887
4.6465043087415	0.82685937421402
4.6414686174330	0.82679484816403
4.6364438292607	0.82673089933680
4.6314299088522	0.82666752854507
4.6264268209877	0.82660473660626
4.6214345305997	0.82654252434250
4.6164530027718	0.82648089258048
4.6114822027380	0.82641984215143
4.6065220958820	0.82635937389105
4.6015726477360	0.82629948863939
4.5966338239804	0.82624018724085
4.5917055904426	0.82618147054404
4.5867879130967	0.82612333940175
4.5818807580621	0.82606579467084
4.5769840916031	0.82600883721222
4.5720978801281	0.82595246789070
4.5672220901889	0.82589668757498
4.5623566884797	0.82584149713752
4.5575016418364	0.82578689745451
4.5526569172361	0.82573288940573
4.5478224817961	0.82567947387454
4.5429983027731	0.82562665174774
4.5381843475628	0.82557442391552
4.5333805836988	0.82552279127137
4.5285869788520	0.82547175471198
4.5238035008299	0.82542131513718
4.5190301175761	0.82537147344986
4.5142667971691	0.82532223055584
4.5095135078219	0.82527358736383
4.5047702178813	0.82522554478532
4.5000368958271	0.82517810373450
4.4953135102714	0.82513126512816
4.4906000299581	0.82508502988561
4.4858964237618	0.82503939892860
4.4812026606876	0.82499437318118
4.4765187098701	0.82494995356969
4.4718445405728	0.82490614102258
4.4671801221875	0.82486293647037
4.4625254242334	0.82482034084555
4.4578804163569	0.82477835508246
4.4532450683304	0.82473698011723
4.4486193500519	0.82469621688765
4.4440032315446	0.82465606633309
4.4393966829557	0.82461652939440
4.4347996745562	0.82457760701379
4.4302121767401	0.82453930013479
4.4256341600236	0.82450160970206
4.4210655950450	0.82446453666137
4.4165064525633	0.82442808195945
4.4119567034584	0.82439224654393
4.4074163187298	0.82435703136316
4.4028852694963	0.82432243736620
4.3983635269953	0.82428846550264
4.3938510625824	0.82425511672256
4.3893478477306	0.82422239197634
4.3848538540295	0.82419029221464
4.3803690531853	0.82415881838824
4.3758934170194	0.82412797144795
4.3714269174686	0.82409775234449
4.3669695265841	0.82406816202838
4.3625212165309	0.82403920144984
4.3580819595871	0.82401087155869
4.3536517281441	0.82398317330421
4.3492304947048	0.82395610763503
4.3448182318841	0.82392967549904
4.3404149124077	0.82390387784325
4.3360205091119	0.82387871561371
4.3316349949429	0.82385418975534
4.3272583429561	0.82383030121187
4.3228905263158	0.82380705092570
4.3185315182944	0.82378443983776
4.3141812922723	0.82376246888744
4.3098398217366	0.82374113901242
4.3055070802815	0.82372045114859
4.3011830416069	0.82370040622992
4.2968676795184	0.82368100518832
4.2925609679267	0.82366224895354
4.2882628808468	0.82364413845304
4.2839733923978	0.82362667461187
4.2796924768023	0.82360985835254
4.2754201083856	0.82359369059491
4.2711562615757	0.82357817225604
4.2669009109024	0.82356330425010
4.2626540309967	0.82354908748821
4.2584155965909	0.82353552287834
4.2541855825174	0.82352261132515
4.2499639637085	0.82351035372989
4.2457507151961	0.82349875099029
4.2415458121109	0.82348780400038
4.2373492296820	0.82347751365038
4.2331609432364	0.82346788082658
4.2289809281986	0.82345890641123
4.2248091600902	0.82345059128234
4.2206456145291	0.82344293631362
4.2164902672293	0.82343594237430
4.2123430940003	0.82342961032902
4.2082040707468	0.82342394103770
4.2040731734680	0.82341893535537
4.1999503782572	0.82341459413209
4.1958356613016	0.82341091821275
4.1917289988814	0.82340790843699
4.1876303673697	0.82340556563904
4.1835397432319	0.82340389064757
4.1794571030252	0.82340288428556
4.1753824233983	0.82340254737019
4.1713156810909	0.82340288071266
4.1672568529330	0.82340388511805
4.1632059158450	0.82340556138522
4.1591628468368	0.82340791030664
4.1551276230076	0.82341093266824
4.1511002215453	0.82341462924929
4.1470806197261	0.82341900082224
4.1430687949143	0.82342404815259
4.1390647245616	0.82342977199874
4.1350683862069	0.82343617311183
4.1310797574755	0.82344325223563
4.1270988160793	0.82345101010636
4.1231255398157	0.82345944745257
4.1191599065677	0.82346856499498
4.1152018943034	0.82347836344632
4.1112514810752	0.82348884351121
4.1073086450199	0.82350000588599
4.1033733643581	0.82351185125858
4.0994456173937	0.82352438030835
4.0955253825137	0.82353759370591
4.0916126381875	0.82355149211304
4.0877073629670	0.82356607618247
4.0838095354856	0.82358134655776
4.0799191344584	0.82359730387316
4.0760361386812	0.82361394875344
4.0721605270307	0.82363128181372
4.0682922784638	0.82364930365936
4.0644313720174	0.82366801488576
4.0605777868075	0.82368741607824
4.0567315020298	0.82370750781187
4.0528924969582	0.82372829065132
4.0490607509454	0.82374976515069
4.0452362434219	0.82377193185338
4.0414189538959	0.82379479129189
4.0376088619529	0.82381834398772
4.0338059472551	0.82384259045117
4.0300101895416	0.82386753118119
4.0262215686274	0.82389316666523
4.0224400644036	0.82391949737905
4.0186656568365	0.82394652378664
4.0148983259676	0.82397424633994
4.0111380519133	0.82400266547880
4.0073848148643	0.82403178163072
4.0036385950855	0.82406159521076
3.9998993729153	0.82409210662134
3.9961671287657	0.82412331625208
3.9924418431216	0.82415522447965
3.9887234965407	0.82418783166760
3.9850120696531	0.82422113816621
3.9813075431607	0.82425514431228
3.9776098978373	0.82428985042904
3.9739191145281	0.82432525682589
3.9702351741491	0.82436136379834
3.9665580576872	0.82439817162775
3.9628877461996	0.82443568058124
3.9592242208135	0.82447389091146
3.9555674627260	0.82451280285646
3.9519174532033	0.82455241663952
3.9482741735809	0.82459273246897
3.9446376052632	0.82463375053803
3.9410077297226	0.82467547102463
3.9373845285001	0.82471789409125
3.9337679832043	0.82476101988477
3.9301580755113	0.82480484853625
3.9265547871644	0.82484938016081
3.9229580999738	0.82489461485744
3.9193679958164	0.82494055270882
3.9157844566353	0.82498719378115
3.9122074644395	0.82503453812401
3.9086370013038	0.82508258577013
3.9050730493682	0.82513133673529
3.9015155908381	0.82518079101808
3.8979646079834	0.82523094859975
3.8944200831385	0.82528180944407
3.8908819987021	0.82533337349711
3.8873503371369	0.82538564068709
3.8838250809690	0.82543861092420
3.8803062127880	0.82549228410041
3.8767937152463	0.82554666008934
3.8732875710594	0.82560173874604
3.8697877630050	0.82565751990681
3.8662942739231	0.82571400338909
3.8628070867156	0.82577118899119
3.8593261843460	0.82582907649220
3.8558515498392	0.82588766565175
3.8523831662812	0.82594695620987
3.8489210168186	0.82600694788680
3.8454650846588	0.82606764038281
3.8420153530693	0.82612903337802
3.8385718053777	0.82619112653225
3.8351344249712	0.82625391948479
3.8317031952965	0.82631741185427
3.8282780998595	0.82638160323847
3.8248591222251	0.82644649321411
3.8214462460166	0.82651208133672
3.8180394549159	0.82657836714041
3.8146387326632	0.82664535013774
3.8112440630562	0.82671302981950
3.8078554299505	0.82678140565455
3.8044728172589	0.82685047708965
3.8010962089514	0.82692024354923
3.7977255890550	0.82699070443529
3.7943609416530	0.82706185912716
3.7910022508852	0.82713370698130
3.7876495009476	0.82720624733121
3.7843026760919	0.82727947948714
3.7809617606256	0.82735340273600
3.7776267389113	0.82742801634112
3.7742975953670	0.82750331954209
3.7709743144654	0.82757931155457
3.7676568807339	0.82765599157013
3.7643452787544	0.82773335875605
3.7610394931627	0.82781141225512
3.7577395086488	0.82789015118550
3.7544453099562	0.82796957464050
3.7511568818819	0.82804968168845
3.7478742092762	0.82813047137242
3.7445972770422	0.82821194271016
3.7413260701360	0.82829409469383
3.7380605735661	0.82837692628983
3.7348007723932	0.82846043643866
3.7315466517301	0.82854462405469
3.7282981967417	0.82862948802600
3.7250553926441	0.82871502721421
3.7218182247052	0.82880124045427
3.7185866782436	0.82888812655427
3.7153607386293	0.82897568429531
3.7121403912828	0.82906391243126
3.7089256216751	0.82915280968861
3.7057164153276	0.82924237476627
3.7025127578115	0.82933260633542
3.6993146347483	0.82942350303927
3.6961220318087	0.82951506349293
3.6929349347130	0.82960728628321
3.6897533292308	0.82970016996843
3.6865772011805	0.82979371307826
3.6834065364295	0.82988791411348
3.6802413208937	0.82998277154589
3.6770815405372	0.83007828381806
3.6739271813725	0.83017444934315
3.6707782294600	0.83027126650477
3.6676346709078	0.83036873365675
3.6644964918714	0.83046684912301
3.6613636785540	0.83056561119733
3.6582362172056	0.83066501814320
3.6551140941234	0.83076506819362
3.6519972956511	0.83086575955094
3.6488858081792	0.83096709038665
3.6457796181442	0.83106905884125
3.6426787120292	0.83117166302401
3.6395830763628	0.83127490101284
3.6364926977196	0.83137877085407
3.6334075627197	0.83148327056229
3.6303276580286	0.83158839812020
3.6272529703569	0.83169415147838
3.6241834864603	0.83180052855512
3.6211191931393	0.83190752723629
3.6180600772387	0.83201514537512
3.6150061256481	0.83212338079201
3.6119573253012	0.83223223127439
3.6089136631756	0.83234169457654
3.6058751262930	0.83245176841939
3.6028417017185	0.83256245049034
3.5998133765610	0.83267373844313
3.5967901379724	0.83278562989761
3.5937719731479	0.83289812243962
3.5907588693257	0.83301121362075
3.5877508137865	0.83312490095824
3.5847477938539	0.83323918193473
3.5817497968937	0.83335405399817
3.5787568103140	0.83346951456157
3.5757688215649	0.83358556100288
3.5727858181385	0.83370219066480
3.5698077875685	0.83381940085461
3.5668347174301	0.83393718884398
3.5638665953400	0.83405555186887
3.5609034089559	0.83417448712925
3.5579451459767	0.83429399178904
3.5549917941421	0.83441406297589
3.5520433412322	0.83453469778099
3.5490997750681	0.83465589325895
3.5461610835108	0.83477764642763
3.5432272544616	0.83489995426794
3.5402982758621	0.83502281372369
3.5373741356932	0.83514622170146
3.5344548219759	0.83527017507038
3.5315403227706	0.83539467066202
3.5286306261770	0.83551970527018
3.5257257203340	0.83564527565078
3.5228255934195	0.83577137852164
3.5199302336503	0.83589801056240
3.5170396292820	0.83602516841427
3.5141537686086	0.83615284867993
3.5112726399625	0.83628104792339
3.5083962317145	0.83640976266977
3.5055245322732	0.83653898940519
3.5026575300853	0.83666872457661
3.4997952136353	0.83679896459167
3.4969375714452	0.83692970581854
3.4940845920746	0.83706094458576
3.4912362641202	0.83719267718211
3.4883925762160	0.83732489985644
3.4855535170329	0.83745760881754
3.4827190752788	0.83759080023397
3.4798892396982	0.83772447023394
3.4770639990721	0.83785861490512
3.4742433422181	0.83799323029457
3.4714272579898	0.83812831240852
3.4686157352771	0.83826385721228
3.4658087630058	0.83839986063006
3.4630063301375	0.83853631854488
3.4602084256694	0.83867322679838
3.4574150386345	0.83881058119070
3.4546261581009	0.83894837748037
3.4518417731721	0.83908661138415
3.4490618729867	0.83922527857688
3.4462864467180	0.83936437469138
3.4435154835745	0.83950389531832
3.4407489727993	0.83964383600606
3.4379869036697	0.83978419226054
3.4352292654979	0.83992495954515
3.4324760476300	0.84006613328063
3.4297272394463	0.84020770884489
3.4269828303612	0.84034968157294
3.4242428098230	0.84049204675674
3.4215071673134	0.84063479964508
3.4187758923480	0.84077793544350
3.4160489744758	0.84092144931410
3.4133264032791	0.84106533637551
3.4106081683732	0.84120959170270
3.4078942594066	0.84135421032693
3.4051846660609	0.84149918723559
3.4024793780502	0.84164451737212
3.3997783851213	0.84179019563591
3.3970816770538	0.84193621688215
3.3943892436594	0.84208257592178
3.3917010747822	0.84222926752136
3.3890171602984	0.84237628640297
3.3863374901163	0.84252362724412
3.3836620541761	0.84267128467764
3.3809908424495	0.84281925329160
3.3783238449403	0.84296752762921
3.3756610516834	0.84311610218874
3.3730024527453	0.84326497142339
3.3703480382237	0.84341412974126
3.3676977982476	0.84356357150524
3.3650517229768	0.84371329103290
3.3624098026021	0.84386328259645
3.3597720273451	0.84401354042263
3.3571383874580	0.84416405869267
3.3545088732237	0.84431483154217
3.3518834749553	0.84446585306104
3.3492621829963	0.84461711729345
3.3466449877205	0.84476861823775
3.3440318795315	0.84492034984639
3.3414228488631	0.84507230602587
3.3388178861789	0.84522448063668
3.3362169819720	0.84537686749321
3.3336201267653	0.84552946036375
3.3310273111111	0.84568225297036
