#Parameters = {thARC=0.6; nARC=1.5; thsub=1; p=1; nSub=4.5}
#"Wavelength / um"	"T (772) [Real Part]"
#---------------------------------------
14.989622900000	0.62298703067051
14.937342202292	0.62318195814403
14.885424925521	0.62337758051003
14.833867293419	0.62357389684674
14.782665581854	0.62377090623812
14.731816117936	0.62396860777393
14.681315279138	0.62416700054973
14.631159492435	0.62436608366693
14.581345233463	0.62456585623281
14.531869025691	0.62476631736052
14.482727439614	0.62496746616915
14.433917091960	0.62516930178371
14.385434644914	0.62537182333516
14.337276805356	0.62557502996040
14.289440324118	0.62577892080234
14.241921995249	0.62598349500983
14.194718655303	0.62618875173774
14.147827182633	0.62639469014691
14.101244496707	0.62660130940420
14.054967557431	0.62680860868244
14.008993364486	0.62701658716045
13.963318956684	0.62722524402305
13.917941411328	0.62743457846103
13.872857843591	0.62764458967116
13.828065405904	0.62785527685614
13.783561287356	0.62806663922464
13.739342713107	0.62827867599126
13.695406943810	0.62849138637647
13.651751275046	0.62870476960667
13.608373036768	0.62891882491411
13.565269592760	0.62913355153687
13.522438340099	0.62934894871886
13.479876708633	0.62956501570976
13.437582160466	0.62978175176502
13.395552189455	0.62999915614579
13.353784320713	0.63021722811892
13.312276110124	0.63043596695690
13.271025143869	0.63065537193784
13.230029037952	0.63087544234541
13.189285437747	0.63109617746880
13.148792017544	0.63131757660269
13.108546480105	0.63153963904720
13.068546556234	0.63176236410781
13.028790004346	0.63198575109536
12.989274610052	0.63220979932597
12.949998185745	0.63243450812097
12.910958570198	0.63265987680688
12.872153628167	0.63288590471534
12.833581250000	0.63311259118304
12.795239351259	0.63333993555165
12.757125872340	0.63356793716781
12.719238778108	0.63379659538299
12.681576057530	0.63402590955350
12.644135723323	0.63425587904036
12.606915811606	0.63448650320926
12.569914381551	0.63471778143052
12.533129515050	0.63494971307894
12.496559316382	0.63518229753380
12.460201911887	0.63541553417875
12.424055449648	0.63564942240175
12.388118099174	0.63588396159498
12.352388051092	0.63611915115476
12.316863516845	0.63635499048148
12.281542728390	0.63659147897952
12.246423937908	0.63682861605714
12.211505417515	0.63706640112644
12.176785458976	0.63730483360324
12.142262373431	0.63754391290701
12.107934491115	0.63778363846077
12.073800161095	0.63802400969101
12.039857751004	0.63826502602761
12.006105646776	0.63850668690372
11.972542252396	0.63874899175570
11.939165989646	0.63899194002300
11.905975297855	0.63923553114808
11.872968633663	0.63947976457632
11.840144470774	0.63972463975591
11.807501299724	0.63997015613775
11.775037627651	0.64021631317538
11.742751978065	0.64046311032484
11.710642890625	0.64071054704462
11.678708920919	0.64095862279550
11.646948640249	0.64120733704051
11.615360635413	0.64145668924477
11.583943508501	0.64170667887543
11.552695876686	0.64195730540155
11.521616372022	0.64220856829399
11.490703641242	0.64246046702533
11.459956345566	0.64271300106971
11.429373160503	0.64296616990279
11.398952775665	0.64321997300161
11.368693894577	0.64347440984447
11.338595234493	0.64372947991084
11.308655526217	0.64398518268125
11.278873513920	0.64424151763719
11.249247954972	0.64449848426098
11.219777619760	0.64475608203566
11.190461291527	0.64501431044490
11.161297766195	0.64527316897289
11.132285852209	0.64553265710418
11.103424370370	0.64579277432364
11.074712153676	0.64605352011630
11.046148047163	0.64631489396725
11.017730907755	0.64657689536153
10.989459604106	0.64683952378402
10.961333016453	0.64710277871933
10.933350036470	0.64736665965165
10.905509567115	0.64763116606470
10.877810522496	0.64789629744158
10.850251827723	0.64816205326464
10.822832418773	0.64842843301540
10.795551242348	0.64869543617442
10.768407255747	0.64896306222119
10.741399426729	0.64923131063403
10.714526733381	0.64950018088993
10.687788163993	0.64976967246450
10.661182716927	0.65003978483180
10.634709400497	0.65031051746426
10.608367232838	0.65058186983257
10.582155241793	0.65085384140553
10.556072464789	0.65112643164999
10.530117948718	0.65139964003067
10.504290749825	0.65167346601011
10.478589933590	0.65194790904853
10.453014574616	0.65222296860372
10.427563756522	0.65249864413091
10.402236571825	0.65277493508270
10.377032121841	0.65305184090890
10.351949516575	0.65332936105645
10.326987874612	0.65360749496932
10.302146323024	0.65388624208834
10.277423997257	0.65416560185116
10.252820041040	0.65444557369211
10.228333606278	0.65472615704206
10.203963852961	0.65500735132838
10.179709949066	0.65528915597476
10.155571070461	0.65557157040114
10.131546400811	0.65585459402361
10.107635131490	0.65613822625428
10.083836461487	0.65642246650117
10.060149597315	0.65670731416813
10.036573752929	0.65699276865471
10.013108149633	0.65727882935606
9.9897520159947	0.65756549566285
9.9665045877660	0.65785276696112
9.9433651077944	0.65814064263222
9.9203328259431	0.65842912205267
9.8974069990096	0.65871820459410
9.8745868906456	0.65900788962310
9.8518717712783	0.65929817650117
9.8292609180328	0.65958906458458
9.8067536146549	0.65988055322427
9.7843491514360	0.66017264176581
9.7620468251384	0.66046532954921
9.7398459389214	0.66075861590889
9.7177458022690	0.66105250017359
9.6957457309185	0.66134698166621
9.6738450467893	0.66164205970377
9.6520430779137	0.66193773359730
9.6303391583681	0.66223400265175
9.6087326282051	0.66253086616590
9.5872228333866	0.66282832343224
9.5658091257179	0.66312637373693
9.5444908627826	0.66342501635967
9.5232674078780	0.66372425057361
9.5021381299525	0.66402407564530
9.4811024035421	0.66432449083457
9.4601596087094	0.66462549539444
9.4393091309824	0.66492708857107
9.4185503612944	0.66522926960363
9.3978826959248	0.66553203772425
9.3773055364404	0.66583539215792
9.3568182896380	0.66613933212243
9.3364203674868	0.66644385682827
9.3161111870727	0.66674896547854
9.2958901705426	0.66705465726890
9.2757567450495	0.66736093138747
9.2557103426984	0.66766778701478
9.2357504004929	0.66797522332366
9.2158763602828	0.66828323947920
9.1960876687117	0.66859183463863
9.1763837771656	0.66890100795130
9.1567641417227	0.66921075855858
9.1372282231027	0.66952108559380
9.1177754866180	0.66983198818216
9.0984054021244	0.67014346544070
9.0791174439733	0.67045551647818
9.0599110909640	0.67076814039507
9.0407858262967	0.67108133628346
9.0217411375263	0.67139510322697
9.0027765165165	0.67170944030074
8.9838914593947	0.67202434657132
8.9650854665072	0.67233982109665
8.9463580423754	0.67265586292595
8.9277086956522	0.67297247109972
8.9091369390788	0.67328964464965
8.8906422894425	0.67360738259856
8.8722242675348	0.67392568396036
8.8538823981099	0.67424454773998
8.8356162098438	0.67456397293333
8.8174252352941	0.67488395852725
8.7993090108600	0.67520450349945
8.7812670767428	0.67552560681846
8.7632989769073	0.67584726744359
8.7454042590432	0.67616948432487
8.7275824745269	0.67649225640303
8.7098331783847	0.67681558260943
8.6921559292549	0.67713946186600
8.6745502893519	0.67746389308526
8.6570158244297	0.67778887517020
8.6395521037464	0.67811440701429
8.6221587000288	0.67844048750145
8.6048351894374	0.67876711550596
8.5875811515325	0.67909428989246
8.5703961692396	0.67942200951591
8.5532798288160	0.67975027322156
8.5362317198178	0.68007907984489
8.5192514350668	0.68040842821159
8.5023385706183	0.68073831713756
8.4854927257288	0.68106874542882
8.4687135028249	0.68139971188152
8.4520005074711	0.68173121528192
8.4353533483399	0.68206325440632
8.4187716371806	0.68239582802108
8.4022549887892	0.68272893488256
8.3858030209790	0.68306257373712
8.3694153545505	0.68339674332106
8.3530916132627	0.68373144236066
8.3368314238042	0.68406666957210
8.3206344157646	0.68440242366147
8.3045002216066	0.68473870332473
8.2884284766381	0.68507550724772
8.2724188189845	0.68541283410613
8.2564708895621	0.68575068256547
8.2405843320506	0.68608905128107
8.2247587928669	0.68642793889807
8.2089939211391	0.68676734405138
8.1932893686800	0.68710726536572
8.1776447899618	0.68744770145554
8.1620598420909	0.68778865092508
8.1465341847826	0.68813011236830
8.1310674803363	0.68847208436892
8.1156593936113	0.68881456550037
8.1003095920022	0.68915755432582
8.0850177454153	0.68950104939816
8.0697835262450	0.68984504925999
8.0546066093498	0.69018955244361
8.0394866720300	0.69053455747106
8.0244233940043	0.69088006285406
8.0094164573871	0.69122606709403
7.9944655466667	0.69157256868212
7.9795703486825	0.69191956609916
7.9647305526036	0.69226705781571
7.9499458499072	0.69261504229204
7.9352159343568	0.69296351797810
7.9205405019815	0.69331248331359
7.9059192510549	0.69366193672792
7.8913518820742	0.69401187664023
7.8768380977404	0.69436230145938
7.8623776029373	0.69471320958399
7.8479701047120	0.69506459940240
7.8336153122550	0.69541646929274
7.8193129368805	0.69576881762288
7.8050626920073	0.69612164275048
7.7908642931393	0.69647494302296
7.7767174578470	0.69682871677758
7.7626219057483	0.69718296234136
7.7485773584906	0.69753767803117
7.7345835397317	0.69789286215371
7.7206401751223	0.69824851300553
7.7067469922879	0.69860462887304
7.6929037208109	0.69896120803251
7.6791100922131	0.69931824875013
7.6653658399386	0.69967574928198
7.6516706993364	0.70003370787408
7.6380244076433	0.70039212276237
7.6244267039674	0.70075099217278
7.6108773292714	0.70111031432120
7.5973760263558	0.70147008741351
7.5839225398432	0.70183030964562
7.5705166161616	0.70219097920348
7.5571580035291	0.70255209426307
7.5438464519376	0.70291365299049
7.5305817131374	0.70327565354189
7.5173635406219	0.70363809406358
7.5041916896120	0.70400097269197
7.4910659170415	0.70436428755367
7.4779859815415	0.70472803676545
7.4649516434263	0.70509221843430
7.4519626646781	0.70545683065743
7.4390188089330	0.70582187152232
7.4261198414664	0.70618733910672
7.4132655291790	0.70655323147868
7.4004556405826	0.70691954669657
7.3876899457861	0.70728628280913
7.3749682164822	0.70765343785545
7.3622902259332	0.70802100986506
7.3496557489581	0.70838899685786
7.3370645619187	0.70875739684425
7.3245164427071	0.70912620782509
7.3120111707317	0.70949542779173
7.2995485269053	0.70986505472607
7.2871282936315	0.71023508660055
7.2747502547925	0.71060552137819
7.2624141957364	0.71097635701262
7.2501199032648	0.71134759144811
7.2378671656205	0.71171922261958
7.2256557724753	0.71209124845263
7.2134855149182	0.71246366686360
7.2013561854432	0.71283647575953
7.1892675779376	0.71320967303824
7.1772194876706	0.71358325658837
7.1652117112811	0.71395722428933
7.1532440467669	0.71433157401140
7.1413162934731	0.71470630361575
7.1294282520809	0.71508141095440
7.1175797245964	0.71545689387033
7.1057705143399	0.71583275019746
7.0940004259347	0.71620897776067
7.0822692652965	0.71658557437588
7.0705768396226	0.71696253784999
7.0589229573817	0.71733986598098
7.0473074283028	0.71771755655792
7.0357300633654	0.71809560736094
7.0241906747891	0.71847401616135
7.0126890760234	0.71885278072157
7.0012250817375	0.71923189879523
6.9897985078107	0.71961136812715
6.9784091713222	0.71999118645337
6.9670568905415	0.72037135150119
6.9557414849188	0.72075186098919
6.9444627750753	0.72113271262724
6.9332205827937	0.72151390411652
6.9220147310090	0.72189543314957
6.9108450437990	0.72227729741031
6.8997113463751	0.72265949457401
6.8886134650735	0.72304202230738
6.8775512273457	0.72342487826855
6.8665244617499	0.72380806010711
6.8555329979419	0.72419156546413
6.8445766666667	0.72457539197214
6.8336552997493	0.72495953725524
6.8227687300865	0.72534399892901
6.8119167916383	0.72572877460062
6.8010993194192	0.72611386186878
6.7903161494904	0.72649925832383
6.7795671189507	0.72688496154767
6.7688520659291	0.72727096911388
6.7581708295762	0.72765727858762
6.7475232500563	0.72804388752577
6.7369091685393	0.72843079347684
6.7263284271932	0.72881799398104
6.7157808691756	0.72920548657030
6.7052663386267	0.72959326876826
6.6947846806610	0.72998133809029
6.6843357413601	0.73036969204351
6.6739193677649	0.73075832812680
6.6635354078684	0.73114724383081
6.6531837106081	0.73153643663797
6.6428641258586	0.73192590402252
6.6325765044248	0.73231564345048
6.6223206980340	0.73270565237972
6.6120965593295	0.73309592825991
6.6019039418630	0.73348646853255
6.5917427000879	0.73387727063100
6.5816126893524	0.73426833198047
6.5715137658922	0.73465964999802
6.5614457868243	0.73505122209257
6.5514086101399	0.73544304566493
6.5414020946978	0.73583511810775
6.5314261002179	0.73622743680560
6.5214804872743	0.73661999913492
6.5115651172893	0.73701280246402
6.5016798525266	0.73740584415313
6.4918245560849	0.73779912155435
6.4819990918919	0.73819263201169
6.4722033246978	0.73858637286106
6.4624371200690	0.73898034143025
6.4527003443823	0.73937453503896
6.4429928648184	0.73976895099877
6.4333145493562	0.74016358661318
6.4236652667667	0.74055843917756
6.4140448866068	0.74095350597918
6.4044532792138	0.74134878429718
6.3948903156997	0.74174427140260
6.3853558679446	0.74213996455837
6.3758498085921	0.74253586101925
6.3663720110427	0.74293195803190
6.3569223494487	0.74332825283483
6.3475006987084	0.74372474265840
6.3381069344609	0.74412142472482
6.3287409330800	0.74451829624813
6.3194025716695	0.74491535443421
6.3100917280572	0.74531259648073
6.3008082807902	0.74571001957720
6.2915521091291	0.74610762090491
6.2823230930427	0.74650539763694
6.2731211132036	0.74690334693813
6.2639460509820	0.74730146596509
6.2547977884415	0.74769975186619
6.2456762083333	0.74809820178150
6.2365811940919	0.74849681284284
6.2275126298297	0.74889558217372
6.2184704003319	0.74929450688934
6.2094543910522	0.74969358409657
6.2004644881075	0.75009281089393
6.1915005782734	0.75049218437158
6.1825625489792	0.75089170161131
6.1736502883031	0.75129135968650
6.1647636849681	0.75169115566212
6.1559026283368	0.75209108659468
6.1470670084068	0.75249114953227
6.1382567158067	0.75289134151448
6.1294716417910	0.75329165957239
6.1207116782360	0.75369210072858
6.1119767176351	0.75409266199709
6.1032666530945	0.75449334038337
6.0945813783289	0.75489413288430
6.0859207876573	0.75529503648816
6.0772847759984	0.75569604817457
6.0686732388664	0.75609716491450
6.0600860723671	0.75649838367025
6.0515231731934	0.75689970139539
6.0429844386212	0.75730111503476
6.0344697665056	0.75770262152446
6.0259790552764	0.75810421779177
6.0175122039342	0.75850590075519
6.0090691120465	0.75890766732436
6.0006496797438	0.75930951440004
5.9922538077154	0.75971143887413
5.9838813972056	0.76011343762959
5.9755323500100	0.76051550754041
5.9672065684713	0.76091764547163
5.9589039554760	0.76131984827926
5.9506244144502	0.76172211281029
5.9423678493558	0.76212443590262
5.9341341646873	0.76252681438508
5.9259232654675	0.76292924507735
5.9177350572444	0.76333172478998
5.9095694460871	0.76373425032430
5.9014263385827	0.76413681847245
5.8933056418321	0.76453942601732
5.8852072634472	0.76494206973251
5.8771311115468	0.76534474638233
5.8690770947533	0.76574745272172
5.8610451221896	0.76615018549629
5.8530351034752	0.76655294144223
5.8450469487229	0.76695571728628
5.8370805685358	0.76735850974576
5.8291358740035	0.76776131552845
5.8212127766990	0.76816413133265
5.8133111886756	0.76856695384706
5.8054310224632	0.76896977975083
5.7975721910656	0.76937260571347
5.7897346079567	0.76977542839486
5.7819181870781	0.77017824444519
5.7741228428351	0.77058105050493
5.7663484900942	0.77098384320483
5.7585950441798	0.77138661916586
5.7508624208709	0.77178937499919
5.7431505363985	0.77219210730616
5.7354593074421	0.77259481267825
5.7277886511272	0.77299748769705
5.7201384850219	0.77340012893424
5.7125087271341	0.77380273295152
5.7048992959087	0.77420529630066
5.6973101102242	0.77460781552338
5.6897410893908	0.77501028715141
5.6821921531463	0.77541270770638
5.6746632216544	0.77581507369984
5.6671542155009	0.77621738163325
5.6596650556919	0.77661962799791
5.6521956636501	0.77702180927493
5.6447459612126	0.77742392193527
5.6373158706281	0.77782596243963
5.6299053145540	0.77822792723849
5.6225142160540	0.77862981277206
5.6151424985952	0.77903161547024
5.6077900860456	0.77943333175264
5.6004569026714	0.77983495802851
5.5931428731343	0.78023649069675
5.5858479224893	0.78063792614587
5.5785719761816	0.78103926075400
5.5713149600446	0.78144049088883
5.5640768002970	0.78184161290759
5.5568574235403	0.78224262315709
5.5496567567568	0.78264351797363
5.5424747273063	0.78304429368303
5.5353112629247	0.78344494660058
5.5281662917204	0.78384547303107
5.5210397421731	0.78424586926871
5.5139315431304	0.78464613159717
5.5068416238060	0.78504625628956
5.4997699137773	0.78544623960839
5.4927163429828	0.78584607780559
5.4856808417200	0.78624576712246
5.4786633406433	0.78664530378970
5.4716637707611	0.78704468402738
5.4646820634342	0.78744390404495
5.4577181503732	0.78784296004120
5.4507719636364	0.78824184820429
5.4438434356274	0.78864056471173
5.4369324990932	0.78903910573035
5.4300390871219	0.78943746741636
5.4231631331404	0.78983564591529
5.4163045709124	0.79023363736200
5.4094633345363	0.79063143788071
5.4026393584430	0.79102904358498
5.3958325773938	0.79142645057771
5.3890429264785	0.79182365495114
5.3822703411131	0.79222065278689
5.3755147570378	0.79261744015590
5.3687761103152	0.79301401311851
5.3620543373278	0.79341036772444
5.3553493747767	0.79380650001276
5.3486611596789	0.79420240601197
5.3419896293656	0.79459808173998
5.3353347214807	0.79499352320411
5.3286963739780	0.79538872640111
5.3220745251198	0.79578368731721
5.3154691134752	0.79617840192811
5.3088800779175	0.79657286619898
5.3023073576229	0.79696707608454
5.2957508920685	0.79736102752900
5.2892106210303	0.79775471646618
5.2826864845815	0.79814813881944
5.2761784230905	0.79854129050177
5.2696863772192	0.79893416741581
5.2632102879213	0.79932676545384
5.2567500964405	0.79971908049786
5.2503057443082	0.80011110841959
5.2438771733427	0.80050284508052
5.2374643256464	0.80089428633194
5.2310671436050	0.80128542801497
5.2246855698850	0.80167626596062
5.2183195474326	0.80206679598979
5.2119690194715	0.80245701391336
5.2056339295016	0.80284691553221
5.1993142212973	0.80323649663724
5.1930098389052	0.80362575300948
5.1867207266436	0.80401468042006
5.1804468290997	0.80440327463033
5.1741880911288	0.80479153139186
5.1679444578521	0.80517944644652
5.1617158746556	0.80556701552654
5.1555022871883	0.80595423435453
5.1493036413604	0.80634109864359
5.1431198833419	0.80672760409732
5.1369509595613	0.80711374640992
5.1307968167037	0.80749952126622
5.1246574017094	0.80788492434177
5.1185326617722	0.80826995130290
5.1124225443383	0.80865459780680
5.1063269971044	0.80903885950153
5.1002459680163	0.80942273202619
5.0941794052676	0.80980621101091
5.0881272572980	0.81018929207697
5.0820894727920	0.81057197083685
5.0760660006773	0.81095424289434
5.0700567901235	0.81133610384458
5.0640617905405	0.81171754927419
5.0580809515775	0.81209857476130
5.0521142231210	0.81247917587569
5.0461615552937	0.81285934817883
5.0402228984533	0.81323908722399
5.0342982031906	0.81361838855636
5.0283874203287	0.81399724771308
5.0224905009214	0.81437566022338
5.0166073962517	0.81475362160867
5.0107380578305	0.81513112738262
5.0048824373957	0.81550817305128
4.9990404869101	0.81588475411318
4.9932121585610	0.81626086605941
4.9873974047579	0.81663650437374
4.9815961781323	0.81701166453274
4.9758084315353	0.81738634200588
4.9700341180371	0.81776053225561
4.9642731909256	0.81813423073752
4.9585256037049	0.81850743290042
4.9527913100942	0.81888013418647
4.9470702640264	0.81925233003130
4.9413624196473	0.81962401586409
4.9356677313138	0.81999518710777
4.9299861535932	0.82036583917904
4.9243176412615	0.82073596748860
4.9186621493027	0.82110556744117
4.9130196329072	0.82147463443570
4.9073900474709	0.82184316386546
4.9017733485939	0.82221115111819
4.8961694920790	0.82257859157618
4.8905784339315	0.82294548061648
4.8850001303569	0.82331181361098
4.8794345377604	0.82367758592656
4.8738816127459	0.82404279292525
4.8683413121143	0.82440742996432
4.8628135928629	0.82477149239648
4.8572984121841	0.82513497556997
4.8517957274640	0.82549787482875
4.8463054962819	0.82586018551260
4.8408276764088	0.82622190295732
4.8353622258065	0.82658302249481
4.8299091026261	0.82694353945329
4.8244682652076	0.82730344915740
4.8190396720784	0.82766274692840
4.8136232819525	0.82802142808426
4.8082190537289	0.82837948793987
4.8028269464915	0.82873692180718
4.7974469195071	0.82909372499536
4.7920789322251	0.82944989281093
4.7867229442759	0.82980542055799
4.7813789154705	0.83016030353829
4.7760468057989	0.83051453705147
4.7707265754297	0.83086811639520
4.7654181847083	0.83122103686531
4.7601215941569	0.83157329375603
4.7548367644726	0.83192488236007
4.7495636565272	0.83227579796886
4.7443022313657	0.83262603587269
4.7390524502055	0.83297559136089
4.7338142744355	0.83332445972199
4.7285876656151	0.83367263624389
4.7233725854735	0.83402011621407
4.7181689959081	0.83436689491970
4.7129768589844	0.83471296764790
4.7077961369347	0.83505832968583
4.7026267921569	0.83540297632094
4.6974687872140	0.83574690284111
4.6923220848333	0.83609010453482
4.6871866479049	0.83643257669136
4.6820624394815	0.83677431460102
4.6769494227769	0.83711531355520
4.6718475611657	0.83745556884670
4.6667568181818	0.83779507576979
4.6616771575183	0.83813382962050
4.6566085430258	0.83847182569670
4.6515509387122	0.83880905929840
4.6465043087415	0.83914552572781
4.6414686174330	0.83948122028964
4.6364438292607	0.83981613829122
4.6314299088522	0.84015027504268
4.6264268209877	0.84048362585719
4.6214345305997	0.84081618605112
4.6164530027718	0.84114795094420
4.6114822027380	0.84147891585975
4.6065220958820	0.84180907612486
4.6015726477360	0.84213842707056
4.5966338239804	0.84246696403202
4.5917055904426	0.84279468234877
4.5867879130967	0.84312157736481
4.5818807580621	0.84344764442889
4.5769840916031	0.84377287889466
4.5720978801281	0.84409727612083
4.5672220901889	0.84442083147142
4.5623566884797	0.84474354031590
4.5575016418364	0.84506539802941
4.5526569172361	0.84538639999294
4.5478224817961	0.84570654159350
4.5429983027731	0.84602581822437
4.5381843475628	0.84634422528520
4.5333805836988	0.84666175818227
4.5285869788520	0.84697841232865
4.5238035008299	0.84729418314441
4.5190301175761	0.84760906605678
4.5142667971691	0.84792305650033
4.5095135078219	0.84823614991721
4.5047702178813	0.84854834175730
4.5000368958271	0.84885962747837
4.4953135102714	0.84917000254635
4.4906000299581	0.84947946243540
4.4858964237618	0.84978800262822
4.4812026606876	0.85009561861613
4.4765187098701	0.85040230589930
4.4718445405728	0.85070805998696
4.4671801221875	0.85101287639751
4.4625254242334	0.85131675065877
4.4578804163569	0.85161967830813
4.4532450683304	0.85192165489272
4.4486193500519	0.85222267596963
4.4440032315446	0.85252273710602
4.4393966829557	0.85282183387938
4.4347996745562	0.85311996187765
4.4302121767401	0.85341711669940
4.4256341600236	0.85371329395404
4.4210655950450	0.85400848926193
4.4165064525633	0.85430269825464
4.4119567034584	0.85459591657503
4.4074163187298	0.85488813987748
4.4028852694963	0.85517936382805
4.3983635269953	0.85546958410462
4.3938510625824	0.85575879639709
4.3893478477306	0.85604699640753
4.3848538540295	0.85633417985033
4.3803690531853	0.85662034245241
4.3758934170194	0.85690547995330
4.3714269174686	0.85718958810540
4.3669695265841	0.85747266267405
4.3625212165309	0.85775469943775
4.3580819595871	0.85803569418826
4.3536517281441	0.85831564273082
4.3492304947048	0.85859454088423
4.3448182318841	0.85887238448107
4.3404149124077	0.85914916936779
4.3360205091119	0.85942489140491
4.3316349949429	0.85969954646711
4.3272583429561	0.85997313044344
4.3228905263158	0.86024563923740
4.3185315182944	0.86051706876712
4.3141812922723	0.86078741496549
4.3098398217366	0.86105667378030
4.3055070802815	0.86132484117437
4.3011830416069	0.86159191312567
4.2968676795184	0.86185788562748
4.2925609679267	0.86212275468853
4.2882628808468	0.86238651633308
4.2839733923978	0.86264916660107
4.2796924768023	0.86291070154828
4.2754201083856	0.86317111724639
4.2711562615757	0.86343040978315
4.2669009109024	0.86368857526247
4.2626540309967	0.86394560980457
4.2584155965909	0.86420150954605
4.2541855825174	0.86445627064004
4.2499639637085	0.86470988925629
4.2457507151961	0.86496236158129
4.2415458121109	0.86521368381837
4.2373492296820	0.86546385218782
4.2331609432364	0.86571286292697
4.2289809281986	0.86596071229029
4.2248091600902	0.86620739654954
4.2206456145291	0.86645291199377
4.2164902672293	0.86669725492952
4.2123430940003	0.86694042168085
4.2082040707468	0.86718240858942
4.2040731734680	0.86742321201462
4.1999503782572	0.86766282833365
4.1958356613016	0.86790125394156
4.1917289988814	0.86813848525138
4.1876303673697	0.86837451869419
4.1835397432319	0.86860935071916
4.1794571030252	0.86884297779369
4.1753824233983	0.86907539640341
4.1713156810909	0.86930660305230
4.1672568529330	0.86953659426277
4.1632059158450	0.86976536657566
4.1591628468368	0.86999291655036
4.1551276230076	0.87021924076488
4.1511002215453	0.87044433581586
4.1470806197261	0.87066819831867
4.1430687949143	0.87089082490743
4.1390647245616	0.87111221223510
4.1350683862069	0.87133235697352
4.1310797574755	0.87155125581343
4.1270988160793	0.87176890546456
4.1231255398157	0.87198530265566
4.1191599065677	0.87220044413450
4.1152018943034	0.87241432666800
4.1112514810752	0.87262694704216
4.1073086450199	0.87283830206220
4.1033733643581	0.87304838855253
4.0994456173937	0.87325720335677
4.0955253825137	0.87346474333785
4.0916126381875	0.87367100537798
4.0877073629670	0.87387598637868
4.0838095354856	0.87407968326083
4.0799191344584	0.87428209296468
4.0760361386812	0.87448321244985
4.0721605270307	0.87468303869538
4.0682922784638	0.87488156869974
4.0644313720174	0.87507879948081
4.0605777868075	0.87527472807593
4.0567315020298	0.87546935154191
4.0528924969582	0.87566266695502
4.0490607509454	0.87585467141099
4.0452362434219	0.87604536202504
4.0414189538959	0.87623473593188
4.0376088619529	0.87642279028569
4.0338059472551	0.87660952226013
4.0300101895416	0.87679492904834
4.0262215686274	0.87697900786296
4.0224400644036	0.87716175593607
4.0186656568365	0.87734317051923
4.0148983259676	0.87752324888345
4.0111380519133	0.87770198831919
4.0073848148643	0.87787938613633
4.0036385950855	0.87805543966419
3.9998993729153	0.87823014625148
3.9961671287657	0.87840350326631
3.9924418431216	0.87857550809615
3.9887234965407	0.87874615814783
3.9850120696531	0.87891545084751
3.9813075431607	0.87908338364067
3.9776098978373	0.87924995399206
3.9739191145281	0.87941515938572
3.9702351741491	0.87957899732490
3.9665580576872	0.87974146533208
3.9628877461996	0.87990256094893
3.9592242208135	0.88006228173627
3.9555674627260	0.88022062527405
3.9519174532033	0.88037758916132
3.9482741735809	0.88053317101619
3.9446376052632	0.88068736847581
3.9410077297226	0.88084017919633
3.9373845285001	0.88099160085287
3.9337679832043	0.88114163113948
3.9301580755113	0.88129026776910
3.9265547871644	0.88143750847356
3.9229580999738	0.88158335100348
3.9193679958164	0.88172779312828
3.9157844566353	0.88187083263615
3.9122074644395	0.88201246733398
3.9086370013038	0.88215269504732
3.9050730493682	0.88229151362038
3.9015155908381	0.88242892091594
3.8979646079834	0.88256491481537
3.8944200831385	0.88269949321852
3.8908819987021	0.88283265404374
3.8873503371369	0.88296439522783
3.8838250809690	0.88309471472595
3.8803062127880	0.88322361051164
3.8767937152463	0.88335108057677
3.8732875710594	0.88347712293145
3.8697877630050	0.88360173560407
3.8662942739231	0.88372491664118
3.8628070867156	0.88384666410752
3.8593261843460	0.88396697608592
3.8558515498392	0.88408585067732
3.8523831662812	0.88420328600068
3.8489210168186	0.88431928019297
3.8454650846588	0.88443383140913
3.8420153530693	0.88454693782203
3.8385718053777	0.88465859762243
3.8351344249712	0.88476880901896
3.8317031952965	0.88487757023806
3.8282780998595	0.88498487952396
3.8248591222251	0.88509073513866
3.8214462460166	0.88519513536188
3.8180394549159	0.88529807849101
3.8146387326632	0.88539956284114
3.8112440630562	0.88549958674496
3.8078554299505	0.88559814855280
3.8044728172589	0.88569524663254
3.8010962089514	0.88579087936961
3.7977255890550	0.88588504516700
3.7943609416530	0.88597774244518
3.7910022508852	0.88606896964210
3.7876495009476	0.88615872521320
3.7843026760919	0.88624700763133
3.7809617606256	0.88633381538679
3.7776267389113	0.88641914698729
3.7742975953670	0.88650300095794
3.7709743144654	0.88658537584122
3.7676568807339	0.88666627019700
3.7643452787544	0.88674568260252
3.7610394931627	0.88682361165237
3.7577395086488	0.88690005595849
3.7544453099562	0.88697501415020
3.7511568818819	0.88704848487413
3.7478742092762	0.88712046679431
3.7445972770422	0.88719095859210
3.7413260701360	0.88725995896621
3.7380605735661	0.88732746663276
3.7348007723932	0.88739348032521
3.7315466517301	0.88745799879445
3.7282981967417	0.88752102080874
3.7250553926441	0.88758254515381
3.7218182247052	0.88764257063280
3.7185866782436	0.88770109606633
3.7153607386293	0.88775812029253
3.7121403912828	0.88781364216702
3.7089256216751	0.88786766056300
3.7057164153276	0.88792017437123
3.7025127578115	0.88797118250012
3.6993146347483	0.88802068387572
3.6961220318087	0.88806867744178
3.6929349347130	0.88811516215981
3.6897533292308	0.88816013700909
3.6865772011805	0.88820360098678
3.6834065364295	0.88824555310789
3.6802413208937	0.88828599240543
3.6770815405372	0.88832491793039
3.6739271813725	0.88836232875186
3.6707782294600	0.88839822395704
3.6676346709078	0.88843260265138
3.6644964918714	0.88846546395859
3.6613636785540	0.88849680702074
3.6582362172056	0.88852663099835
3.6551140941234	0.88855493507044
3.6519972956511	0.88858171843467
3.6488858081792	0.88860698030735
3.6457796181442	0.88863071992362
3.6426787120292	0.88865293653749
3.6395830763628	0.88867362942194
3.6364926977196	0.88869279786906
3.6334075627197	0.88871044119011
3.6303276580286	0.88872655871567
3.6272529703569	0.88874114979573
3.6241834864603	0.88875421379983
3.6211191931393	0.88876575011714
3.6180600772387	0.88877575815664
3.6150061256481	0.88878423734718
3.6119573253012	0.88879118713769
3.6089136631756	0.88879660699726
3.6058751262930	0.88880049641529
3.6028417017185	0.88880285490165
3.5998133765610	0.88880368198680
3.5967901379724	0.88880297722199
3.5937719731479	0.88880074017934
3.5907588693257	0.88879697045207
3.5877508137865	0.88879166765460
3.5847477938539	0.88878483142279
3.5817497968937	0.88877646141402
3.5787568103140	0.88876655730744
3.5757688215649	0.88875511880410
3.5727858181385	0.88874214562716
3.5698077875685	0.88872763752204
3.5668347174301	0.88871159425666
3.5638665953400	0.88869401562156
3.5609034089559	0.88867490143018
3.5579451459767	0.88865425151898
3.5549917941421	0.88863206574770
3.5520433412322	0.88860834399954
3.5490997750681	0.88858308618138
3.5461610835108	0.88855629222397
3.5432272544616	0.88852796208220
3.5402982758621	0.88849809573526
3.5373741356932	0.88846669318692
3.5344548219759	0.88843375446570
3.5315403227706	0.88839927962518
3.5286306261770	0.88836326874414
3.5257257203340	0.88832572192689
3.5228255934195	0.88828663930344
3.5199302336503	0.88824602102981
3.5170396292820	0.88820386728822
3.5141537686086	0.88816017828738
3.5112726399625	0.88811495426273
3.5083962317145	0.88806819547673
3.5055245322732	0.88801990221906
3.5026575300853	0.88797007480694
3.4997952136353	0.88791871358539
3.4969375714452	0.88786581892750
3.4940845920746	0.88781139123466
3.4912362641202	0.88775543093692
3.4883925762160	0.88769793849321
3.4855535170329	0.88763891439164
3.4827190752788	0.88757835914979
3.4798892396982	0.88751627331500
3.4770639990721	0.88745265746467
3.4742433422181	0.88738751220651
3.4714272579898	0.88732083817892
3.4686157352771	0.88725263605120
3.4658087630058	0.88718290652392
3.4630063301375	0.88711165032918
3.4602084256694	0.88703886823097
3.4574150386345	0.88696456102540
3.4546261581009	0.88688872954109
3.4518417731721	0.88681137463943
3.4490618729867	0.88673249721493
3.4462864467180	0.88665209819552
3.4435154835745	0.88657017854288
3.4407489727993	0.88648673925272
3.4379869036697	0.88640178135518
3.4352292654979	0.88631530591508
3.4324760476300	0.88622731403230
3.4297272394463	0.88613780684206
3.4269828303612	0.88604678551529
3.4242428098230	0.88595425125894
3.4215071673134	0.88586020531630
3.4187758923480	0.88576464896736
3.4160489744758	0.88566758352913
3.4133264032791	0.88556901035595
3.4106081683732	0.88546893083987
3.4078942594066	0.88536734641095
3.4051846660609	0.88526425853760
3.4024793780502	0.88515966872695
3.3997783851213	0.88505357852513
3.3970816770538	0.88494598951765
3.3943892436594	0.88483690332972
3.3917010747822	0.88472632162658
3.3890171602984	0.88461424611386
3.3863374901163	0.88450067853790
3.3836620541761	0.88438562068607
3.3809908424495	0.88426907438715
3.3783238449403	0.88415104151161
3.3756610516834	0.88403152397200
3.3730024527453	0.88391052372323
3.3703480382237	0.88378804276293
3.3676977982476	0.88366408313179
3.3650517229768	0.88353864691388
3.3624098026021	0.88341173623696
3.3597720273451	0.88328335327283
3.3571383874580	0.88315350023765
3.3545088732237	0.88302217939228
3.3518834749553	0.88288939304255
3.3492621829963	0.88275514353963
3.3466449877205	0.88261943328034
3.3440318795315	0.88248226470746
3.3414228488631	0.88234364031002
3.3388178861789	0.88220356262365
3.3362169819720	0.88206203423086
3.3336201267653	0.88191905776135
3.3310273111111	0.88177463589234
