#Parameters = {thARC=0.2; nARC=2; thsub=1; p=1; nSub=4.5}
#"Wavelength / um"	"T (782) [Real Part]"
#---------------------------------------
14.989622900000	0.60179358958495
14.937342202292	0.60184094334089
14.885424925521	0.60188846990845
14.833867293419	0.60193616911199
14.782665581854	0.60198404077886
14.731816117936	0.60203208473942
14.681315279138	0.60208030082698
14.631159492435	0.60212868887785
14.581345233463	0.60217724873127
14.531869025691	0.60222598022942
14.482727439614	0.60227488321742
14.433917091960	0.60232395754328
14.385434644914	0.60237320305792
14.337276805356	0.60242261961514
14.289440324118	0.60247220707159
14.241921995249	0.60252196528680
14.194718655303	0.60257189412310
14.147827182633	0.60262199344564
14.101244496707	0.60267226312240
14.054967557431	0.60272270302412
14.008993364486	0.60277331302429
13.963318956684	0.60282409299917
13.917941411328	0.60287504282774
13.872857843591	0.60292616239170
13.828065405904	0.60297745157542
13.783561287356	0.60302891026598
13.739342713107	0.60308053835307
13.695406943810	0.60313233572904
13.651751275046	0.60318430228885
13.608373036768	0.60323643793006
13.565269592760	0.60328874255279
13.522438340099	0.60334121605973
13.479876708633	0.60339385835608
13.437582160466	0.60344666934958
13.395552189455	0.60349964895045
13.353784320713	0.60355279707136
13.312276110124	0.60360611362745
13.271025143869	0.60365959853630
13.230029037952	0.60371325171785
13.189285437747	0.60376707309445
13.148792017544	0.60382106259082
13.108546480105	0.60387522013399
13.068546556234	0.60392954565332
13.028790004346	0.60398403908046
12.989274610052	0.60403870034932
12.949998185745	0.60409352939607
12.910958570198	0.60414852615908
12.872153628167	0.60420369057894
12.833581250000	0.60425902259840
12.795239351259	0.60431452216237
12.757125872340	0.60437018921787
12.719238778108	0.60442602371405
12.681576057530	0.60448202560210
12.644135723323	0.60453819483531
12.606915811606	0.60459453136896
12.569914381551	0.60465103516035
12.533129515050	0.60470770616877
12.496559316382	0.60476454435545
12.460201911887	0.60482154968357
12.424055449648	0.60487872211819
12.388118099174	0.60493606162628
12.352388051092	0.60499356817665
12.316863516845	0.60505124173993
12.281542728390	0.60510908228859
12.246423937908	0.60516708979686
12.211505417515	0.60522526424072
12.176785458976	0.60528360559789
12.142262373431	0.60534211384780
12.107934491115	0.60540078897156
12.073800161095	0.60545963095193
12.039857751004	0.60551863977329
12.006105646776	0.60557781542165
11.972542252396	0.60563715788458
11.939165989646	0.60569666715122
11.905975297855	0.60575634321221
11.872968633663	0.60581618605972
11.840144470774	0.60587619568740
11.807501299724	0.60593637209033
11.775037627651	0.60599671526503
11.742751978065	0.60605722520944
11.710642890625	0.60611790192284
11.678708920919	0.60617874540590
11.646948640249	0.60623975566060
11.615360635413	0.60630093269020
11.583943508501	0.60636227649929
11.552695876686	0.60642378709366
11.521616372022	0.60648546448035
11.490703641242	0.60654730866761
11.459956345566	0.60660931966485
11.429373160503	0.60667149748264
11.398952775665	0.60673384213269
11.368693894577	0.60679635362780
11.338595234493	0.60685903198185
11.308655526217	0.60692187720977
11.278873513920	0.60698488932754
11.249247954972	0.60704806835213
11.219777619760	0.60711141430150
11.190461291527	0.60717492719457
11.161297766195	0.60723860705118
11.132285852209	0.60730245389210
11.103424370370	0.60736646773898
11.074712153676	0.60743064861433
11.046148047163	0.60749499654151
11.017730907755	0.60755951154468
10.989459604106	0.60762419364881
10.961333016453	0.60768904287964
10.933350036470	0.60775405926366
10.905509567115	0.60781924282807
10.877810522496	0.60788459360079
10.850251827723	0.60795011161041
10.822832418773	0.60801579688620
10.795551242348	0.60808164945803
10.768407255747	0.60814766935641
10.741399426729	0.60821385661245
10.714526733381	0.60828021125781
10.687788163993	0.60834673332470
10.661182716927	0.60841342284588
10.634709400497	0.60848027985460
10.608367232838	0.60854730438460
10.582155241793	0.60861449647009
10.556072464789	0.60868185614572
10.530117948718	0.60874938344656
10.504290749825	0.60881707840811
10.478589933590	0.60888494106621
10.453014574616	0.60895297145712
10.427563756522	0.60902116961739
10.402236571825	0.60908953558394
10.377032121841	0.60915806939398
10.351949516575	0.60922677108499
10.326987874612	0.60929564069474
10.302146323024	0.60936467826126
10.277423997257	0.60943388382278
10.252820041040	0.60950325741777
10.228333606278	0.60957279908488
10.203963852961	0.60964250886295
10.179709949066	0.60971238679098
10.155571070461	0.60978243290809
10.131546400811	0.60985264725355
10.107635131490	0.60992302986674
10.083836461487	0.60999358078711
10.060149597315	0.61006430005421
10.036573752929	0.61013518770765
10.013108149633	0.61020624378705
9.9897520159947	0.61027746833209
9.9665045877660	0.61034886138246
9.9433651077944	0.61042042297783
9.9203328259431	0.61049215315787
9.8974069990096	0.61056405196220
9.8745868906456	0.61063611943041
9.8518717712783	0.61070835560201
9.8292609180328	0.61078076051645
9.8067536146549	0.61085333421308
9.7843491514360	0.61092607673115
9.7620468251384	0.61099898810979
9.7398459389214	0.61107206838800
9.7177458022690	0.61114531760464
9.6957457309185	0.61121873579841
9.6738450467893	0.61129232300785
9.6520430779137	0.61136607927129
9.6303391583681	0.61144000462692
9.6087326282051	0.61151409911267
9.5872228333866	0.61158836276629
9.5658091257179	0.61166279562529
9.5444908627826	0.61173739772695
9.5232674078780	0.61181216910827
9.5021381299525	0.61188710980604
9.4811024035421	0.61196221985675
9.4601596087094	0.61203749929660
9.4393091309824	0.61211294816152
9.4185503612944	0.61218856648714
9.3978826959248	0.61226435430878
9.3773055364404	0.61234031166143
9.3568182896380	0.61241643857976
9.3364203674868	0.61249273509811
9.3161111870727	0.61256920125048
9.2958901705426	0.61264583707050
9.2757567450495	0.61272264259146
9.2557103426984	0.61279961784628
9.2357504004929	0.61287676286750
9.2158763602828	0.61295407768727
9.1960876687117	0.61303156233736
9.1763837771656	0.61310921684917
9.1567641417227	0.61318704125365
9.1372282231027	0.61326503558137
9.1177754866180	0.61334319986250
9.0984054021244	0.61342153412677
9.0791174439733	0.61350003840348
9.0599110909640	0.61357871272152
9.0407858262967	0.61365755710934
9.0217411375263	0.61373657159494
9.0027765165165	0.61381575620588
8.9838914593947	0.61389511096929
8.9650854665072	0.61397463591182
8.9463580423754	0.61405433105967
8.9277086956522	0.61413419643861
8.9091369390788	0.61421423207390
8.8906422894425	0.61429443799038
8.8722242675348	0.61437481421239
8.8538823981099	0.61445536076380
8.8356162098438	0.61453607766803
8.8174252352941	0.61461696494799
8.7993090108600	0.61469802262615
8.7812670767428	0.61477925072446
8.7632989769073	0.61486064926442
8.7454042590432	0.61494221826703
8.7275824745269	0.61502395775281
8.7098331783847	0.61510586774180
8.6921559292549	0.61518794825355
8.6745502893519	0.61527019930712
8.6570158244297	0.61535262092109
8.6395521037464	0.61543521311355
8.6221587000288	0.61551797590210
8.6048351894374	0.61560090930387
8.5875811515325	0.61568401333549
8.5703961692396	0.61576728801310
8.5532798288160	0.61585073335237
8.5362317198178	0.61593434936847
8.5192514350668	0.61601813607612
8.5023385706183	0.61610209348952
8.4854927257288	0.61618622162241
8.4687135028249	0.61627052048807
8.4520005074711	0.61635499009928
8.4353533483399	0.61643963046835
8.4187716371806	0.61652444160714
8.4022549887892	0.61660942352702
8.3858030209790	0.61669457623890
8.3694153545505	0.61677989975325
8.3530916132627	0.61686539408004
8.3368314238042	0.61695105922884
8.3206344157646	0.61703689520871
8.3045002216066	0.61712290202829
8.2884284766381	0.61720907969579
8.2724188189845	0.61729542821895
8.2564708895621	0.61738194760509
8.2405843320506	0.61746863786110
8.2247587928669	0.61755549899342
8.2089939211391	0.61764253100809
8.1932893686800	0.61772973391073
8.1776447899618	0.61781710770652
8.1620598420909	0.61790465240027
8.1465341847826	0.61799236799635
8.1310674803363	0.61808025449876
8.1156593936113	0.61816831191107
8.1003095920022	0.61825654023651
8.0850177454153	0.61834493947788
8.0697835262450	0.61843350963763
8.0546066093498	0.61852225071784
8.0394866720300	0.61861116272021
8.0244233940043	0.61870024564610
8.0094164573871	0.61878949949649
7.9944655466667	0.61887892427205
7.9795703486825	0.61896851997307
7.9647305526036	0.61905828659953
7.9499458499072	0.61914822415108
7.9352159343568	0.61923833262706
7.9205405019815	0.61932861202646
7.9059192510549	0.61941906234800
7.8913518820742	0.61950968359010
7.8768380977404	0.61960047575085
7.8623776029373	0.61969143882810
7.8479701047120	0.61978257281939
7.8336153122550	0.61987387772200
7.8193129368805	0.61996535353294
7.8050626920073	0.62005700024899
7.7908642931393	0.62014881786665
7.7767174578470	0.62024080638218
7.7626219057483	0.62033296579163
7.7485773584906	0.62042529609080
7.7345835397317	0.62051779727530
7.7206401751223	0.62061046934049
7.7067469922879	0.62070331228156
7.6929037208109	0.62079632609350
7.6791100922131	0.62088951077111
7.6653658399386	0.62098286630900
7.6516706993364	0.62107639270162
7.6380244076433	0.62117008994327
7.6244267039674	0.62126395802808
7.6108773292714	0.62135799695002
7.5973760263558	0.62145220670297
7.5839225398432	0.62154658728062
7.5705166161616	0.62164113867659
7.5571580035291	0.62173586088435
7.5438464519376	0.62183075389729
7.5305817131374	0.62192581770868
7.5173635406219	0.62202105231173
7.5041916896120	0.62211645769955
7.4910659170415	0.62221203386518
7.4779859815415	0.62230778080160
7.4649516434263	0.62240369850174
7.4519626646781	0.62249978695846
7.4390188089330	0.62259604616461
7.4261198414664	0.62269247611299
7.4132655291790	0.62278907679639
7.4004556405826	0.62288584820759
7.3876899457861	0.62298279033933
7.3749682164822	0.62307990318440
7.3622902259332	0.62317718673557
7.3496557489581	0.62327464098563
7.3370645619187	0.62337226592741
7.3245164427071	0.62347006155377
7.3120111707317	0.62356802785760
7.2995485269053	0.62366616483186
7.2871282936315	0.62376447246957
7.2747502547925	0.62386295076378
7.2624141957364	0.62396159970767
7.2501199032648	0.62406041929446
7.2378671656205	0.62415940951748
7.2256557724753	0.62425857037014
7.2134855149182	0.62435790184598
7.2013561854432	0.62445740393864
7.1892675779376	0.62455707664188
7.1772194876706	0.62465691994959
7.1652117112811	0.62475693385579
7.1532440467669	0.62485711835466
7.1413162934731	0.62495747344051
7.1294282520809	0.62505799910782
7.1175797245964	0.62515869535123
7.1057705143399	0.62525956216555
7.0940004259347	0.62536059954578
7.0822692652965	0.62546180748708
7.0705768396226	0.62556318598482
7.0589229573817	0.62566473503458
7.0473074283028	0.62576645463212
7.0357300633654	0.62586834477343
7.0241906747891	0.62597040545472
7.0126890760234	0.62607263667240
7.0012250817375	0.62617503842314
6.9897985078107	0.62627761070383
6.9784091713222	0.62638035351162
6.9670568905415	0.62648326684388
6.9557414849188	0.62658635069826
6.9444627750753	0.62668960507266
6.9332205827937	0.62679302996525
6.9220147310090	0.62689662537446
6.9108450437990	0.62700039129903
6.8997113463751	0.62710432773793
6.8886134650735	0.62720843469047
6.8775512273457	0.62731271215621
6.8665244617499	0.62741716013504
6.8555329979419	0.62752177862712
6.8445766666667	0.62762656763295
6.8336552997493	0.62773152715330
6.8227687300865	0.62783665718930
6.8119167916383	0.62794195774238
6.8010993194192	0.62804742881427
6.7903161494904	0.62815307040707
6.7795671189507	0.62825888252319
6.7688520659291	0.62836486516536
6.7581708295762	0.62847101833667
6.7475232500563	0.62857734204056
6.7369091685393	0.62868383628078
6.7263284271932	0.62879050106147
6.7157808691756	0.62889733638709
6.7052663386267	0.62900434226246
6.6947846806610	0.62911151869278
6.6843357413601	0.62921886568358
6.6739193677649	0.62932638324077
6.6635354078684	0.62943407137061
6.6531837106081	0.62954193007974
6.6428641258586	0.62964995937516
6.6325765044248	0.62975815926424
6.6223206980340	0.62986652975473
6.6120965593295	0.62997507085474
6.6019039418630	0.63008378257277
6.5917427000879	0.63019266491769
6.5816126893524	0.63030171789873
6.5715137658922	0.63041094152551
6.5614457868243	0.63052033580805
6.5514086101399	0.63062990075671
6.5414020946978	0.63073963638226
6.5314261002179	0.63084954269583
6.5214804872743	0.63095961970894
6.5115651172893	0.63106986743348
6.5016798525266	0.63118028588173
6.4918245560849	0.63129087506634
6.4819990918919	0.63140163500035
6.4722033246978	0.63151256569717
6.4624371200690	0.63162366717058
6.4527003443823	0.63173493943474
6.4429928648184	0.63184638250419
6.4333145493562	0.63195799639385
6.4236652667667	0.63206978111898
6.4140448866068	0.63218173669525
6.4044532792138	0.63229386313867
6.3948903156997	0.63240616046562
6.3853558679446	0.63251862869285
6.3758498085921	0.63263126783748
6.3663720110427	0.63274407791697
6.3569223494487	0.63285705894915
6.3475006987084	0.63297021095219
6.3381069344609	0.63308353394462
6.3287409330800	0.63319702794533
6.3194025716695	0.63331069297352
6.3100917280572	0.63342452904875
6.3008082807902	0.63353853619094
6.2915521091291	0.63365271442030
6.2823230930427	0.63376706375739
6.2731211132036	0.63388158422310
6.2639460509820	0.63399627583864
6.2547977884415	0.63411113862553
6.2456762083333	0.63422617260559
6.2365811940919	0.63434137780098
6.2275126298297	0.63445675423413
6.2184704003319	0.63457230192778
6.2094543910522	0.63468802090497
6.2004644881075	0.63480391118902
6.1915005782734	0.63491997280352
6.1825625489792	0.63503620577235
6.1736502883031	0.63515261011967
6.1647636849681	0.63526918586987
6.1559026283368	0.63538593304762
6.1470670084068	0.63550285167786
6.1382567158067	0.63561994178573
6.1294716417910	0.63573720339666
6.1207116782360	0.63585463653626
6.1119767176351	0.63597224123041
6.1032666530945	0.63609001750519
6.0945813783289	0.63620796538689
6.0859207876573	0.63632608490200
6.0772847759984	0.63644437607723
6.0686732388664	0.63656283893945
6.0600860723671	0.63668147351573
6.0515231731934	0.63680027983332
6.0429844386212	0.63691925791962
6.0344697665056	0.63703840780220
6.0259790552764	0.63715772950877
6.0175122039342	0.63727722306720
6.0090691120465	0.63739688850549
6.0006496797438	0.63751672585174
5.9922538077154	0.63763673513421
5.9838813972056	0.63775691638123
5.9755323500100	0.63787726962126
5.9672065684713	0.63799779488284
5.9589039554760	0.63811849219457
5.9506244144502	0.63823936158516
5.9423678493558	0.63836040308337
5.9341341646873	0.63848161671801
5.9259232654675	0.63860300251793
5.9177350572444	0.63872456051203
5.9095694460871	0.63884629072923
5.9014263385827	0.63896819319847
5.8933056418321	0.63909026794869
5.8852072634472	0.63921251500884
5.8771311115468	0.63933493440784
5.8690770947533	0.63945752617459
5.8610451221896	0.63958029033798
5.8530351034752	0.63970322692683
5.8450469487229	0.63982633596992
5.8370805685358	0.63994961749596
5.8291358740035	0.64007307153360
5.8212127766990	0.64019669811139
5.8133111886756	0.64032049725780
5.8054310224632	0.64044446900117
5.7975721910656	0.64056861336976
5.7897346079567	0.64069293039167
5.7819181870781	0.64081742009489
5.7741228428351	0.64094208250724
5.7663484900942	0.64106691765639
5.7585950441798	0.64119192556985
5.7508624208709	0.64131710627494
5.7431505363985	0.64144245979878
5.7354593074421	0.64156798616831
5.7277886511272	0.64169368541024
5.7201384850219	0.64181955755105
5.7125087271341	0.64194560261701
5.7048992959087	0.64207182063412
5.6973101102242	0.64219821162812
5.6897410893908	0.64232477562451
5.6821921531463	0.64245151264848
5.6746632216544	0.64257842272494
5.6671542155009	0.64270550587850
5.6596650556919	0.64283276213346
5.6521956636501	0.64296019151378
5.6447459612126	0.64308779404311
5.6373158706281	0.64321556974472
5.6299053145540	0.64334351864154
5.6225142160540	0.64347164075614
5.6151424985952	0.64359993611069
5.6077900860456	0.64372840472699
5.6004569026714	0.64385704662641
5.5931428731343	0.64398586182994
5.5858479224893	0.64411485035810
5.5785719761816	0.64424401223102
5.5713149600446	0.64437334746836
5.5640768002970	0.64450285608932
5.5568574235403	0.64463253811263
5.5496567567568	0.64476239355657
5.5424747273063	0.64489242243888
5.5353112629247	0.64502262477684
5.5281662917204	0.64515300058719
5.5210397421731	0.64528354988617
5.5139315431304	0.64541427268948
5.5068416238060	0.64554516901225
5.4997699137773	0.64567623886909
5.4927163429828	0.64580748227403
5.4856808417200	0.64593889924053
5.4786633406433	0.64607048978145
5.4716637707611	0.64620225390906
5.4646820634342	0.64633419163504
5.4577181503732	0.64646630297043
5.4507719636364	0.64659858792565
5.4438434356274	0.64673104651049
5.4369324990932	0.64686367873410
5.4300390871219	0.64699648460496
5.4231631331404	0.64712946413087
5.4163045709124	0.64726261731900
5.4094633345363	0.64739594417580
5.4026393584430	0.64752944470702
5.3958325773938	0.64766311891774
5.3890429264785	0.64779696681230
5.3822703411131	0.64793098839433
5.3755147570378	0.64806518366673
5.3687761103152	0.64819955263166
5.3620543373278	0.64833409529052
5.3553493747767	0.64846881164397
5.3486611596789	0.64860370169190
5.3419896293656	0.64873876543344
5.3353347214807	0.64887400286691
5.3286963739780	0.64900941398986
5.3220745251198	0.64914499879906
5.3154691134752	0.64928075729043
5.3088800779175	0.64941668945914
5.3023073576229	0.64955279529947
5.2957508920685	0.64968907480494
5.2892106210303	0.64982552796820
5.2826864845815	0.64996215478106
5.2761784230905	0.65009895523450
5.2696863772192	0.65023592931864
5.2632102879213	0.65037307702273
5.2567500964405	0.65051039833516
5.2503057443082	0.65064789324346
5.2438771733427	0.65078556173426
5.2374643256464	0.65092340379334
5.2310671436050	0.65106141940555
5.2246855698850	0.65119960855488
5.2183195474326	0.65133797122439
5.2119690194715	0.65147650739627
5.2056339295016	0.65161521705178
5.1993142212973	0.65175410017127
5.1930098389052	0.65189315673417
5.1867207266436	0.65203238671899
5.1804468290997	0.65217179010332
5.1741880911288	0.65231136686381
5.1679444578521	0.65245111697619
5.1617158746556	0.65259104041524
5.1555022871883	0.65273113715482
5.1493036413604	0.65287140716782
5.1431198833419	0.65301185042621
5.1369509595613	0.65315246690100
5.1307968167037	0.65329325656225
5.1246574017094	0.65343421937909
5.1185326617722	0.65357535531966
5.1124225443383	0.65371666435117
5.1063269971044	0.65385814643988
5.1002459680163	0.65399980155107
5.0941794052676	0.65414162964908
5.0881272572980	0.65428363069729
5.0820894727920	0.65442580465811
5.0760660006773	0.65456815149300
5.0700567901235	0.65471067116247
5.0640617905405	0.65485336362606
5.0580809515775	0.65499622884235
5.0521142231210	0.65513926676896
5.0461615552937	0.65528247736258
5.0402228984533	0.65542586057892
5.0342982031906	0.65556941637274
5.0283874203287	0.65571314469787
5.0224905009214	0.65585704550716
5.0166073962517	0.65600111875254
5.0107380578305	0.65614536438498
5.0048824373957	0.65628978235453
4.9990404869101	0.65643437261028
4.9932121585610	0.65657913510039
4.9873974047579	0.65672406977209
4.9815961781323	0.65686917657171
4.9758084315353	0.65701445544462
4.9700341180371	0.65715990633528
4.9642731909256	0.65730552918726
4.9585256037049	0.65745132394320
4.9527913100942	0.65759729054484
4.9470702640264	0.65774342893303
4.9413624196473	0.65788973904773
4.9356677313138	0.65803622082800
4.9299861535932	0.65818287421203
4.9243176412615	0.65832969913714
4.9186621493027	0.65847669553978
4.9130196329072	0.65862386335555
4.9073900474709	0.65877120251918
4.9017733485939	0.65891871296457
4.8961694920790	0.65906639462478
4.8905784339315	0.65921424743205
4.8850001303569	0.65936227131780
4.8794345377604	0.65951046621262
4.8738816127459	0.65965883204632
4.8683413121143	0.65980736874791
4.8628135928629	0.65995607624562
4.8572984121841	0.66010495446691
4.8517957274640	0.66025400333845
4.8463054962819	0.66040322278620
4.8408276764088	0.66055261273536
4.8353622258065	0.66070217311038
4.8299091026261	0.66085190383501
4.8244682652076	0.66100180483230
4.8190396720784	0.66115187602457
4.8136232819525	0.66130211733349
4.8082190537289	0.66145252868004
4.8028269464915	0.66160310998453
4.7974469195071	0.66175386116664
4.7920789322251	0.66190478214541
4.7867229442759	0.66205587283924
4.7813789154705	0.66220713316595
4.7760468057989	0.66235856304275
4.7707265754297	0.66251016238626
4.7654181847083	0.66266193111255
4.7601215941569	0.66281386913712
4.7548367644726	0.66296597637496
4.7495636565272	0.66311825274049
4.7443022313657	0.66327069814768
4.7390524502055	0.66342331250995
4.7338142744355	0.66357609574029
4.7285876656151	0.66372904775120
4.7233725854735	0.66388216845473
4.7181689959081	0.66403545776254
4.7129768589844	0.66418891558582
4.7077961369347	0.66434254183542
4.7026267921569	0.66449633642177
4.6974687872140	0.66465029925496
4.6923220848333	0.66480443024472
4.6871866479049	0.66495872930047
4.6820624394815	0.66511319633131
4.6769494227769	0.66526783124604
4.6718475611657	0.66542263395321
4.6667568181818	0.66557760436111
4.6616771575183	0.66573274237776
4.6566085430258	0.66588804791101
4.6515509387122	0.66604352086848
4.6465043087415	0.66619916115763
4.6414686174330	0.66635496868574
4.6364438292607	0.66651094335996
4.6314299088522	0.66666708508733
4.6264268209877	0.66682339377476
4.6214345305997	0.66697986932912
4.6164530027718	0.66713651165717
4.6114822027380	0.66729332066568
4.6065220958820	0.66745029626135
4.6015726477360	0.66760743835093
4.5966338239804	0.66776474684115
4.5917055904426	0.66792222163880
4.5867879130967	0.66807986265074
4.5818807580621	0.66823766978390
4.5769840916031	0.66839564294532
4.5720978801281	0.66855378204218
4.5672220901889	0.66871208698180
4.5623566884797	0.66887055767165
4.5575016418364	0.66902919401942
4.5526569172361	0.66918799593302
4.5478224817961	0.66934696332056
4.5429983027731	0.66950609609044
4.5381843475628	0.66966539415133
4.5333805836988	0.66982485741220
4.5285869788520	0.66998448578235
4.5238035008299	0.67014427917142
4.5190301175761	0.67030423748943
4.5142667971691	0.67046436064679
4.5095135078219	0.67062464855432
4.5047702178813	0.67078510112327
4.5000368958271	0.67094571826538
4.4953135102714	0.67110649989284
4.4906000299581	0.67126744591837
4.4858964237618	0.67142855625520
4.4812026606876	0.67158983081713
4.4765187098701	0.67175126951851
4.4718445405728	0.67191287227432
4.4671801221875	0.67207463900013
4.4625254242334	0.67223656961217
4.4578804163569	0.67239866402733
4.4532450683304	0.67256092216320
4.4486193500519	0.67272334393805
4.4440032315446	0.67288592927093
4.4393966829557	0.67304867808161
4.4347996745562	0.67321159029066
4.4302121767401	0.67337466581945
4.4256341600236	0.67353790459015
4.4210655950450	0.67370130652582
4.4165064525633	0.67386487155037
4.4119567034584	0.67402859958858
4.4074163187298	0.67419249056619
4.4028852694963	0.67435654440985
4.3983635269953	0.67452076104716
4.3938510625824	0.67468514040673
4.3893478477306	0.67484968241815
4.3848538540295	0.67501438701205
4.3803690531853	0.67517925412009
4.3758934170194	0.67534428367502
4.3714269174686	0.67550947561066
4.3669695265841	0.67567482986196
4.3625212165309	0.67584034636499
4.3580819595871	0.67600602505697
4.3536517281441	0.67617186587630
4.3492304947048	0.67633786876258
4.3448182318841	0.67650403365662
4.3404149124077	0.67667036050046
4.3360205091119	0.67683684923740
4.3316349949429	0.67700349981203
4.3272583429561	0.67717031217021
4.3228905263158	0.67733728625912
4.3185315182944	0.67750442202729
4.3141812922723	0.67767171942459
4.3098398217366	0.67783917840226
4.3055070802815	0.67800679891293
4.3011830416069	0.67817458091065
4.2968676795184	0.67834252435087
4.2925609679267	0.67851062919051
4.2882628808468	0.67867889538794
4.2839733923978	0.67884732290301
4.2796924768023	0.67901591169705
4.2754201083856	0.67918466173292
4.2711562615757	0.67935357297500
4.2669009109024	0.67952264538921
4.2626540309967	0.67969187894303
4.2584155965909	0.67986127360551
4.2541855825174	0.68003082934730
4.2499639637085	0.68020054614064
4.2457507151961	0.68037042395939
4.2415458121109	0.68054046277903
4.2373492296820	0.68071066257670
4.2331609432364	0.68088102333119
4.2289809281986	0.68105154502296
4.2248091600902	0.68122222763414
4.2206456145291	0.68139307114856
4.2164902672293	0.68156407555176
4.2123430940003	0.68173524083097
4.2082040707468	0.68190656697518
4.2040731734680	0.68207805397508
4.1999503782572	0.68224970182312
4.1958356613016	0.68242151051350
4.1917289988814	0.68259348004218
4.1876303673697	0.68276561040689
4.1835397432319	0.68293790160714
4.1794571030252	0.68311035364420
4.1753824233983	0.68328296652115
4.1713156810909	0.68345574024288
4.1672568529330	0.68362867481603
4.1632059158450	0.68380177024910
4.1591628468368	0.68397502655237
4.1551276230076	0.68414844373793
4.1511002215453	0.68432202181970
4.1470806197261	0.68449576081341
4.1430687949143	0.68466966073661
4.1390647245616	0.68484372160868
4.1350683862069	0.68501794345081
4.1310797574755	0.68519232628602
4.1270988160793	0.68536687013916
4.1231255398157	0.68554157503687
4.1191599065677	0.68571644100766
4.1152018943034	0.68589146808180
4.1112514810752	0.68606665629142
4.1073086450199	0.68624200567043
4.1033733643581	0.68641751625456
4.0994456173937	0.68659318808134
4.0955253825137	0.68676902119008
4.0916126381875	0.68694501562190
4.0877073629670	0.68712117141968
4.0838095354856	0.68729748862809
4.0799191344584	0.68747396729356
4.0760361386812	0.68765060746426
4.0721605270307	0.68782740919012
4.0682922784638	0.68800437252280
4.0644313720174	0.68818149751569
4.0605777868075	0.68835878422388
4.0567315020298	0.68853623270416
4.0528924969582	0.68871384301500
4.0490607509454	0.68889161521654
4.0452362434219	0.68906954937058
4.0414189538959	0.68924764554055
4.0376088619529	0.68942590379150
4.0338059472551	0.68960432419008
4.0300101895416	0.68978290680452
4.0262215686274	0.68996165170463
4.0224400644036	0.69014055896174
4.0186656568365	0.69031962864871
4.0148983259676	0.69049886083992
4.0111380519133	0.69067825561119
4.0073848148643	0.69085781303982
4.0036385950855	0.69103753320453
3.9998993729153	0.69121741618543
3.9961671287657	0.69139746206403
3.9924418431216	0.69157767092317
3.9887234965407	0.69175804284702
3.9850120696531	0.69193857792103
3.9813075431607	0.69211927623192
3.9776098978373	0.69230013786765
3.9739191145281	0.69248116291734
3.9702351741491	0.69266235147132
3.9665580576872	0.69284370362102
3.9628877461996	0.69302521945899
3.9592242208135	0.69320689907881
3.9555674627260	0.69338874257511
3.9519174532033	0.69357075004350
3.9482741735809	0.69375292158054
3.9446376052632	0.69393525728367
3.9410077297226	0.69411775725123
3.9373845285001	0.69430042158238
3.9337679832043	0.69448325037705
3.9301580755113	0.69466624373591
3.9265547871644	0.69484940176035
3.9229580999738	0.69503272455236
3.9193679958164	0.69521621221458
3.9157844566353	0.69539986485017
3.9122074644395	0.69558368256282
3.9086370013038	0.69576766545667
3.9050730493682	0.69595181363624
3.9015155908381	0.69613612720644
3.8979646079834	0.69632060627246
3.8944200831385	0.69650525093973
3.8908819987021	0.69669006131388
3.8873503371369	0.69687503750068
3.8838250809690	0.69706017960597
3.8803062127880	0.69724548773562
3.8767937152463	0.69743096199544
3.8732875710594	0.69761660249115
3.8697877630050	0.69780240932831
3.8662942739231	0.69798838261226
3.8628070867156	0.69817452244805
3.8593261843460	0.69836082894037
3.8558515498392	0.69854730219349
3.8523831662812	0.69873394231121
3.8489210168186	0.69892074939676
3.8454650846588	0.69910772355276
3.8420153530693	0.69929486488113
3.8385718053777	0.69948217348302
3.8351344249712	0.69966964945876
3.8317031952965	0.69985729290776
3.8282780998595	0.70004510392844
3.8248591222251	0.70023308261818
3.8214462460166	0.70042122907319
3.8180394549159	0.70060954338849
3.8146387326632	0.70079802565781
3.8112440630562	0.70098667597347
3.8078554299505	0.70117549442638
3.8044728172589	0.70136448110588
3.8010962089514	0.70155363609970
3.7977255890550	0.70174295949385
3.7943609416530	0.70193245137257
3.7910022508852	0.70212211181821
3.7876495009476	0.70231194091113
3.7843026760919	0.70250193872968
3.7809617606256	0.70269210535002
3.7776267389113	0.70288244084609
3.7742975953670	0.70307294528950
3.7709743144654	0.70326361874943
3.7676568807339	0.70345446129255
3.7643452787544	0.70364547298289
3.7610394931627	0.70383665388181
3.7577395086488	0.70402800404782
3.7544453099562	0.70421952353654
3.7511568818819	0.70441121240058
3.7478742092762	0.70460307068942
3.7445972770422	0.70479509844936
3.7413260701360	0.70498729572336
3.7380605735661	0.70517966255095
3.7348007723932	0.70537219896817
3.7315466517301	0.70556490500738
3.7282981967417	0.70575778069722
3.7250553926441	0.70595082606249
3.7218182247052	0.70614404112402
3.7185866782436	0.70633742589855
3.7153607386293	0.70653098039865
3.7121403912828	0.70672470463261
3.7089256216751	0.70691859860428
3.7057164153276	0.70711266231299
3.7025127578115	0.70730689575344
3.6993146347483	0.70750129891556
3.6961220318087	0.70769587178440
3.6929349347130	0.70789061434000
3.6897533292308	0.70808552655732
3.6865772011805	0.70828060840603
3.6834065364295	0.70847585985047
3.6802413208937	0.70867128084949
3.6770815405372	0.70886687135632
3.6739271813725	0.70906263131846
3.6707782294600	0.70925856067755
3.6676346709078	0.70945465936923
3.6644964918714	0.70965092732304
3.6613636785540	0.70984736446226
3.6582362172056	0.71004397070380
3.6551140941234	0.71024074595806
3.6519972956511	0.71043769012881
3.6488858081792	0.71063480311302
3.6457796181442	0.71083208480079
3.6426787120292	0.71102953507516
3.6395830763628	0.71122715381200
3.6364926977196	0.71142494087986
3.6334075627197	0.71162289613985
3.6303276580286	0.71182101944549
3.6272529703569	0.71201931064258
3.6241834864603	0.71221776956904
3.6211191931393	0.71241639605481
3.6180600772387	0.71261518992167
3.6150061256481	0.71281415098310
3.6119573253012	0.71301327904416
3.6089136631756	0.71321257390134
3.6058751262930	0.71341203534242
3.6028417017185	0.71361166314629
3.5998133765610	0.71381145708286
3.5967901379724	0.71401141691287
3.5937719731479	0.71421154238777
3.5907588693257	0.71441183324954
3.5877508137865	0.71461228923059
3.5847477938539	0.71481291005357
3.5817497968937	0.71501369543124
3.5787568103140	0.71521464506632
3.5757688215649	0.71541575865133
3.5727858181385	0.71561703586844
3.5698077875685	0.71581847638934
3.5668347174301	0.71602007987506
3.5638665953400	0.71622184597583
3.5609034089559	0.71642377433092
3.5579451459767	0.71662586456852
3.5549917941421	0.71682811630551
3.5520433412322	0.71703052914741
3.5490997750681	0.71723310268814
3.5461610835108	0.71743583650990
3.5432272544616	0.71763873018300
3.5402982758621	0.71784178326575
3.5373741356932	0.71804499530422
3.5344548219759	0.71824836583218
3.5315403227706	0.71845189437086
3.5286306261770	0.71865558042886
3.5257257203340	0.71885942350194
3.5228255934195	0.71906342307289
3.5199302336503	0.71926757861138
3.5170396292820	0.71947188957378
3.5141537686086	0.71967635540303
3.5112726399625	0.71988097552844
3.5083962317145	0.72008574936558
3.5055245322732	0.72029067631610
3.5026575300853	0.72049575576757
3.4997952136353	0.72070098709331
3.4969375714452	0.72090636965228
3.4940845920746	0.72111190278887
3.4912362641202	0.72131758583277
3.4883925762160	0.72152341809879
3.4855535170329	0.72172939888674
3.4827190752788	0.72193552748124
3.4798892396982	0.72214180315159
3.4770639990721	0.72234822515156
3.4742433422181	0.72255479271933
3.4714272579898	0.72276150507721
3.4686157352771	0.72296836143161
3.4658087630058	0.72317536097278
3.4630063301375	0.72338250287472
3.4602084256694	0.72358978629500
3.4574150386345	0.72379721037462
3.4546261581009	0.72400477423782
3.4518417731721	0.72421247699199
3.4490618729867	0.72442031772744
3.4462864467180	0.72462829551733
3.4435154835745	0.72483640941744
3.4407489727993	0.72504465846607
3.4379869036697	0.72525304168389
3.4352292654979	0.72546155807376
3.4324760476300	0.72567020662058
3.4297272394463	0.72587898629120
3.4269828303612	0.72608789603419
3.4242428098230	0.72629693477977
3.4215071673134	0.72650610143959
3.4187758923480	0.72671539490666
3.4160489744758	0.72692481405514
3.4133264032791	0.72713435774026
3.4106081683732	0.72734402479810
3.4078942594066	0.72755381404554
3.4051846660609	0.72776372428005
3.4024793780502	0.72797375427956
3.3997783851213	0.72818390280238
3.3970816770538	0.72839416858697
3.3943892436594	0.72860455035190
3.3917010747822	0.72881504679565
3.3890171602984	0.72902565659649
3.3863374901163	0.72923637841236
3.3836620541761	0.72944721088077
3.3809908424495	0.72965815261859
3.3783238449403	0.72986920222199
3.3756610516834	0.73008035826631
3.3730024527453	0.73029161930589
3.3703480382237	0.73050298387401
3.3676977982476	0.73071445048271
3.3650517229768	0.73092601762270
3.3624098026021	0.73113768376325
3.3597720273451	0.73134944735204
3.3571383874580	0.73156130681511
3.3545088732237	0.73177326055665
3.3518834749553	0.73198530695898
3.3492621829963	0.73219744438238
3.3466449877205	0.73240967116503
3.3440318795315	0.73262198562287
3.3414228488631	0.73283438604950
3.3388178861789	0.73304687071609
3.3362169819720	0.73325943787128
3.3336201267653	0.73347208574108
3.3310273111111	0.73368481252877
