#Parameters = {thARC=0.6; nARC=2; thsub=1; p=1; nSub=4.5}
#"Wavelength / um"	"T (784) [Real Part]"
#---------------------------------------
14.989622900000	0.65650761529206
14.937342202292	0.65694027914199
14.885424925521	0.65737457379063
14.833867293419	0.65781049725085
14.782665581854	0.65824804752470
14.731816117936	0.65868722260359
14.681315279138	0.65912802046849
14.631159492435	0.65957043909014
14.581345233463	0.66001447642920
14.531869025691	0.66046013043649
14.482727439614	0.66090739905308
14.433917091960	0.66135628021055
14.385434644914	0.66180677183107
14.337276805356	0.66225887182763
14.289440324118	0.66271257810414
14.241921995249	0.66316788855561
14.194718655303	0.66362480106827
14.147827182633	0.66408331351972
14.101244496707	0.66454342377905
14.054967557431	0.66500512970696
14.008993364486	0.66546842915590
13.963318956684	0.66593331997016
13.917941411328	0.66639979998599
13.872857843591	0.66686786703169
13.828065405904	0.66733751892770
13.783561287356	0.66780875348671
13.739342713107	0.66828156851374
13.695406943810	0.66875596180618
13.651751275046	0.66923193115390
13.608373036768	0.66970947433931
13.565269592760	0.67018858913741
13.522438340099	0.67066927331582
13.479876708633	0.67115152463488
13.437582160466	0.67163534084765
13.395552189455	0.67212071969993
13.353784320713	0.67260765893035
13.312276110124	0.67309615627033
13.271025143869	0.67358620944413
13.230029037952	0.67407781616883
13.189285437747	0.67457097415438
13.148792017544	0.67506568110356
13.108546480105	0.67556193471198
13.068546556234	0.67605973266807
13.028790004346	0.67655907265305
12.989274610052	0.67705995234092
12.949998185745	0.67756236939841
12.910958570198	0.67806632148495
12.872153628167	0.67857180625263
12.833581250000	0.67907882134612
12.795239351259	0.67958736440266
12.757125872340	0.68009743305196
12.719238778108	0.68060902491613
12.681576057530	0.68112213760964
12.644135723323	0.68163676873919
12.606915811606	0.68215291590366
12.569914381551	0.68267057669400
12.533129515050	0.68318974869315
12.496559316382	0.68371042947589
12.460201911887	0.68423261660879
12.424055449648	0.68475630765003
12.388118099174	0.68528150014934
12.352388051092	0.68580819164783
12.316863516845	0.68633637967784
12.281542728390	0.68686606176287
12.246423937908	0.68739723541735
12.211505417515	0.68792989814656
12.176785458976	0.68846404744642
12.142262373431	0.68899968080337
12.107934491115	0.68953679569414
12.073800161095	0.69007538958566
12.039857751004	0.69061545993482
12.006105646776	0.69115700418830
11.972542252396	0.69170001978237
11.939165989646	0.69224450414273
11.905975297855	0.69279045468427
11.872968633663	0.69333786881087
11.840144470774	0.69388674391522
11.807501299724	0.69443707737855
11.775037627651	0.69498886657047
11.742751978065	0.69554210884867
11.710642890625	0.69609680155877
11.678708920919	0.69665294203400
11.646948640249	0.69721052759502
11.615360635413	0.69776955554966
11.583943508501	0.69833002319263
11.552695876686	0.69889192780531
11.521616372022	0.69945526665546
11.490703641242	0.70002003699697
11.459956345566	0.70058623606957
11.429373160503	0.70115386109857
11.398952775665	0.70172290929459
11.368693894577	0.70229337785322
11.338595234493	0.70286526395482
11.308655526217	0.70343856476413
11.278873513920	0.70401327743005
11.249247954972	0.70458939908528
11.219777619760	0.70516692684606
11.190461291527	0.70574585781183
11.161297766195	0.70632618906491
11.132285852209	0.70690791767021
11.103424370370	0.70749104067488
11.074712153676	0.70807555510800
11.046148047163	0.70866145798023
11.017730907755	0.70924874628351
10.989459604106	0.70983741699068
10.961333016453	0.71042746705515
10.933350036470	0.71101889341059
10.905509567115	0.71161169297053
10.877810522496	0.71220586262803
10.850251827723	0.71280139925534
10.822832418773	0.71339829970351
10.795551242348	0.71399656080205
10.768407255747	0.71459617935854
10.741399426729	0.71519715215830
10.714526733381	0.71579947596399
10.687788163993	0.71640314751522
10.661182716927	0.71700816352823
10.634709400497	0.71761452069542
10.608367232838	0.71822221568507
10.582155241793	0.71883124514088
10.556072464789	0.71944160568160
10.530117948718	0.72005329390064
10.504290749825	0.72066630636570
10.478589933590	0.72128063961832
10.453014574616	0.72189629017355
10.427563756522	0.72251325451948
10.402236571825	0.72313152911690
10.377032121841	0.72375111039884
10.351949516575	0.72437199477021
10.326987874612	0.72499417860735
10.302146323024	0.72561765825766
10.277423997257	0.72624243003914
10.252820041040	0.72686849024002
10.228333606278	0.72749583511833
10.203963852961	0.72812446090145
10.179709949066	0.72875436378576
10.155571070461	0.72938553993615
10.131546400811	0.73001798548562
10.107635131490	0.73065169653490
10.083836461487	0.73128666915195
10.060149597315	0.73192289937159
10.036573752929	0.73256038319507
10.013108149633	0.73319911658962
9.9897520159947	0.73383909548802
9.9665045877660	0.73448031578819
9.9433651077944	0.73512277335278
9.9203328259431	0.73576646400867
9.8974069990096	0.73641138354661
9.8745868906456	0.73705752772076
9.8518717712783	0.73770489224825
9.8292609180328	0.73835347280875
9.8067536146549	0.73900326504407
9.7843491514360	0.73965426455768
9.7620468251384	0.74030646691431
9.7398459389214	0.74095986763951
9.7177458022690	0.74161446221920
9.6957457309185	0.74227024609927
9.6738450467893	0.74292721468512
9.6520430779137	0.74358536334125
9.6303391583681	0.74424468739080
9.6087326282051	0.74490518211515
9.5872228333866	0.74556684275347
9.5658091257179	0.74622966450231
9.5444908627826	0.74689364251514
9.5232674078780	0.74755877190194
9.5021381299525	0.74822504772880
9.4811024035421	0.74889246501742
9.4601596087094	0.74956101874478
9.4393091309824	0.75023070384262
9.4185503612944	0.75090151519711
9.3978826959248	0.75157344764834
9.3773055364404	0.75224649598996
9.3568182896380	0.75292065496876
9.3364203674868	0.75359591928419
9.3161111870727	0.75427228358804
9.2958901705426	0.75494974248393
9.2757567450495	0.75562829052698
9.2557103426984	0.75630792222334
9.2357504004929	0.75698863202979
9.2158763602828	0.75767041435339
9.1960876687117	0.75835326355097
9.1763837771656	0.75903717392885
9.1567641417227	0.75972213974234
9.1372282231027	0.76040815519539
9.1177754866180	0.76109521444017
9.0984054021244	0.76178331157671
9.0791174439733	0.76247244065249
9.0599110909640	0.76316259566202
9.0407858262967	0.76385377054652
9.0217411375263	0.76454595919348
9.0027765165165	0.76523915543631
8.9838914593947	0.76593335305396
8.9650854665072	0.76662854577051
8.9463580423754	0.76732472725486
8.9277086956522	0.76802189112031
8.9091369390788	0.76872003092422
8.8906422894425	0.76941914016764
8.8722242675348	0.77011921229496
8.8538823981099	0.77082024069353
8.8356162098438	0.77152221869334
8.8174252352941	0.77222513956666
8.7993090108600	0.77292899652766
8.7812670767428	0.77363378273214
8.7632989769073	0.77433949127712
8.7454042590432	0.77504611520056
8.7275824745269	0.77575364748100
8.7098331783847	0.77646208103724
8.6921559292549	0.77717140872803
8.6745502893519	0.77788162335172
8.6570158244297	0.77859271764599
8.6395521037464	0.77930468428749
8.6221587000288	0.78001751589160
8.6048351894374	0.78073120501207
8.5875811515325	0.78144574414072
8.5703961692396	0.78216112570721
8.5532798288160	0.78287734207869
8.5362317198178	0.78359438555955
8.5192514350668	0.78431224839111
8.5023385706183	0.78503092275139
8.4854927257288	0.78575040075480
8.4687135028249	0.78647067445189
8.4520005074711	0.78719173582909
8.4353533483399	0.78791357680847
8.4187716371806	0.78863618924745
8.4022549887892	0.78935956493860
8.3858030209790	0.79008369560938
8.3694153545505	0.79080857292188
8.3530916132627	0.79153418847264
8.3368314238042	0.79226053379239
8.3206344157646	0.79298760034584
8.3045002216066	0.79371537953146
8.2884284766381	0.79444386268128
8.2724188189845	0.79517304106070
8.2564708895621	0.79590290586825
8.2405843320506	0.79663344823544
8.2247587928669	0.79736465922655
8.2089939211391	0.79809652983845
8.1932893686800	0.79882905100045
8.1776447899618	0.79956221357410
8.1620598420909	0.80029600835302
8.1465341847826	0.80103042606278
8.1310674803363	0.80176545736071
8.1156593936113	0.80250109283578
8.1003095920022	0.80323732300845
8.0850177454153	0.80397413833052
8.0697835262450	0.80471152918503
8.0546066093498	0.80544948588611
8.0394866720300	0.80618799867888
8.0244233940043	0.80692705773934
8.0094164573871	0.80766665317425
7.9944655466667	0.80840677502108
7.9795703486825	0.80914741324782
7.9647305526036	0.80988855775302
7.9499458499072	0.81063019836560
7.9352159343568	0.81137232484484
7.9205405019815	0.81211492688031
7.9059192510549	0.81285799409179
7.8913518820742	0.81360151602921
7.8768380977404	0.81434548217264
7.8623776029373	0.81508988193221
7.8479701047120	0.81583470464809
7.8336153122550	0.81657993959049
7.8193129368805	0.81732557595958
7.8050626920073	0.81807160288553
7.7908642931393	0.81881800942848
7.7767174578470	0.81956478457852
7.7626219057483	0.82031191725575
7.7485773584906	0.82105939631023
7.7345835397317	0.82180721052204
7.7206401751223	0.82255534860128
7.7067469922879	0.82330379918813
7.6929037208109	0.82405255085285
7.6791100922131	0.82480159209589
7.6653658399386	0.82555091134785
7.6516706993364	0.82630049696964
7.6380244076433	0.82705033725247
7.6244267039674	0.82780042041797
7.6108773292714	0.82855073461822
7.5973760263558	0.82930126793590
7.5839225398432	0.83005200838434
7.5705166161616	0.83080294390763
7.5571580035291	0.83155406238075
7.5438464519376	0.83230535160964
7.5305817131374	0.83305679933135
7.5173635406219	0.83380839321419
7.5041916896120	0.83456012085781
7.4910659170415	0.83531196979338
7.4779859815415	0.83606392748376
7.4649516434263	0.83681598132358
7.4519626646781	0.83756811863949
7.4390188089330	0.83832032669028
7.4261198414664	0.83907259266707
7.4132655291790	0.83982490369348
7.4004556405826	0.84057724682584
7.3876899457861	0.84132960905340
7.3749682164822	0.84208197729849
7.3622902259332	0.84283433841676
7.3496557489581	0.84358667919742
7.3370645619187	0.84433898636343
7.3245164427071	0.84509124657172
7.3120111707317	0.84584344641350
7.2995485269053	0.84659557241443
7.2871282936315	0.84734761103491
7.2747502547925	0.84809954867034
7.2624141957364	0.84885137165137
7.2501199032648	0.84960306624422
7.2378671656205	0.85035461865088
7.2256557724753	0.85110601500948
7.2134855149182	0.85185724139453
7.2013561854432	0.85260828381726
7.1892675779376	0.85335912822589
7.1772194876706	0.85410976050597
7.1652117112811	0.85486016648071
7.1532440467669	0.85561033191128
7.1413162934731	0.85636024249716
7.1294282520809	0.85710988387650
7.1175797245964	0.85785924162645
7.1057705143399	0.85860830126350
7.0940004259347	0.85935704824386
7.0822692652965	0.86010546796387
7.0705768396226	0.86085354576028
7.0589229573817	0.86160126691074
7.0473074283028	0.86234861663409
7.0357300633654	0.86309558009083
7.0241906747891	0.86384214238350
7.0126890760234	0.86458828855707
7.0012250817375	0.86533400359937
6.9897985078107	0.86607927244151
6.9784091713222	0.86682407995831
6.9670568905415	0.86756841096875
6.9557414849188	0.86831225023637
6.9444627750753	0.86905558246976
6.9332205827937	0.86979839232298
6.9220147310090	0.87054066439606
6.9108450437990	0.87128238323542
6.8997113463751	0.87202353333439
6.8886134650735	0.87276409913364
6.8775512273457	0.87350406502170
6.8665244617499	0.87424341533546
6.8555329979419	0.87498213436063
6.8445766666667	0.87572020633226
6.8336552997493	0.87645761543528
6.8227687300865	0.87719434580497
6.8119167916383	0.87793038152751
6.8010993194192	0.87866570664049
6.7903161494904	0.87940030513347
6.7795671189507	0.88013416094851
6.7688520659291	0.88086725798068
6.7581708295762	0.88159958007868
6.7475232500563	0.88233111104534
6.7369091685393	0.88306183463821
6.7263284271932	0.88379173457013
6.7157808691756	0.88452079450980
6.7052663386267	0.88524899808235
6.6947846806610	0.88597632886995
6.6843357413601	0.88670277041239
6.6739193677649	0.88742830620765
6.6635354078684	0.88815291971258
6.6531837106081	0.88887659434343
6.6428641258586	0.88959931347649
6.6325765044248	0.89032106044874
6.6223206980340	0.89104181855843
6.6120965593295	0.89176157106575
6.6019039418630	0.89248030119343
6.5917427000879	0.89319799212742
6.5816126893524	0.89391462701750
6.5715137658922	0.89463018897795
6.5614457868243	0.89534466108823
6.5514086101399	0.89605802639361
6.5414020946978	0.89677026790582
6.5314261002179	0.89748136860379
6.5214804872743	0.89819131143428
6.5115651172893	0.89890007931255
6.5016798525266	0.89960765512310
6.4918245560849	0.90031402172032
6.4819990918919	0.90101916192920
6.4722033246978	0.90172305854604
6.4624371200690	0.90242569433915
6.4527003443823	0.90312705204956
6.4429928648184	0.90382711439177
6.4333145493562	0.90452586405441
6.4236652667667	0.90522328370103
6.4140448866068	0.90591935597078
6.4044532792138	0.90661406347918
6.3948903156997	0.90730738881888
6.3853558679446	0.90799931456033
6.3758498085921	0.90868982325260
6.3663720110427	0.90937889742411
6.3569223494487	0.91006651958340
6.3475006987084	0.91075267221987
6.3381069344609	0.91143733780456
6.3287409330800	0.91212049879093
6.3194025716695	0.91280213761564
6.3100917280572	0.91348223669930
6.3008082807902	0.91416077844728
6.2915521091291	0.91483774525052
6.2823230930427	0.91551311948627
6.2731211132036	0.91618688351893
6.2639460509820	0.91685901970082
6.2547977884415	0.91752951037302
6.2456762083333	0.91819833786617
6.2365811940919	0.91886548450125
6.2275126298297	0.91953093259045
6.2184704003319	0.92019466443793
6.2094543910522	0.92085666234073
6.2004644881075	0.92151690858950
6.1915005782734	0.92217538546941
6.1825625489792	0.92283207526095
6.1736502883031	0.92348696024079
6.1647636849681	0.92414002268259
6.1559026283368	0.92479124485790
6.1470670084068	0.92544060903696
6.1382567158067	0.92608809748958
6.1294716417910	0.92673369248601
6.1207116782360	0.92737737629776
6.1119767176351	0.92801913119853
6.1032666530945	0.92865893946501
6.0945813783289	0.92929678337779
6.0859207876573	0.92993264522224
6.0772847759984	0.93056650728937
6.0686732388664	0.93119835187672
6.0600860723671	0.93182816128925
6.0515231731934	0.93245591784021
6.0429844386212	0.93308160385207
6.0344697665056	0.93370520165736
6.0259790552764	0.93432669359963
6.0175122039342	0.93494606203430
6.0090691120465	0.93556328932957
6.0006496797438	0.93617835786738
5.9922538077154	0.93679125004424
5.9838813972056	0.93740194827221
5.9755323500100	0.93801043497976
5.9672065684713	0.93861669261274
5.9589039554760	0.93922070363528
5.9506244144502	0.93982245053069
5.9423678493558	0.94042191580243
5.9341341646873	0.94101908197500
5.9259232654675	0.94161393159489
5.9177350572444	0.94220644723153
5.9095694460871	0.94279661147820
5.9014263385827	0.94338440695298
5.8933056418321	0.94396981629968
5.8852072634472	0.94455282218883
5.8771311115468	0.94513340731855
5.8690770947533	0.94571155441557
5.8610451221896	0.94628724623614
5.8530351034752	0.94686046556701
5.8450469487229	0.94743119522636
5.8370805685358	0.94799941806477
5.8291358740035	0.94856511696618
5.8212127766990	0.94912827484886
5.8133111886756	0.94968887466635
5.8054310224632	0.95024689940846
5.7975721910656	0.95080233210220
5.7897346079567	0.95135515581278
5.7819181870781	0.95190535364456
5.7741228428351	0.95245290874205
5.7663484900942	0.95299780429086
5.7585950441798	0.95354002351867
5.7508624208709	0.95407954969624
5.7431505363985	0.95461636613838
5.7354593074421	0.95515045620490
5.7277886511272	0.95568180330162
5.7201384850219	0.95621039088137
5.7125087271341	0.95673620244494
5.7048992959087	0.95725922154209
5.6973101102242	0.95777943177252
5.6897410893908	0.95829681678687
5.6821921531463	0.95881136028773
5.6746632216544	0.95932304603059
5.6671542155009	0.95983185782486
5.6596650556919	0.96033777953486
5.6521956636501	0.96084079508080
5.6447459612126	0.96134088843979
5.6373158706281	0.96183804364683
5.6299053145540	0.96233224479582
5.6225142160540	0.96282347604053
5.6151424985952	0.96331172159562
5.6077900860456	0.96379696573761
5.6004569026714	0.96427919280592
5.5931428731343	0.96475838720385
5.5858479224893	0.96523453339955
5.5785719761816	0.96570761592707
5.5713149600446	0.96617761938731
5.5640768002970	0.96664452844908
5.5568574235403	0.96710832785003
5.5496567567568	0.96756900239769
5.5424747273063	0.96802653697047
5.5353112629247	0.96848091651864
5.5281662917204	0.96893212606536
5.5210397421731	0.96938015070763
5.5139315431304	0.96982497561733
5.5068416238060	0.97026658604220
5.4997699137773	0.97070496730684
5.4927163429828	0.97114010481371
5.4856808417200	0.97157198404410
5.4786633406433	0.97200059055918
5.4716637707611	0.97242591000091
5.4646820634342	0.97284792809313
5.4577181503732	0.97326663064245
5.4507719636364	0.97368200353933
5.4438434356274	0.97409403275900
5.4369324990932	0.97450270436250
5.4300390871219	0.97490800449763
5.4231631331404	0.97530991939993
5.4163045709124	0.97570843539369
5.4094633345363	0.97610353889292
5.4026393584430	0.97649521640231
5.3958325773938	0.97688345451824
5.3890429264785	0.97726823992973
5.3822703411131	0.97764955941939
5.3755147570378	0.97802739986446
5.3687761103152	0.97840174823770
5.3620543373278	0.97877259160841
5.3553493747767	0.97913991714334
5.3486611596789	0.97950371210772
5.3419896293656	0.97986396386615
5.3353347214807	0.98022065988358
5.3286963739780	0.98057378772627
5.3220745251198	0.98092333506271
5.3154691134752	0.98126928966459
5.3088800779175	0.98161163940774
5.3023073576229	0.98195037227304
5.2957508920685	0.98228547634738
5.2892106210303	0.98261693982457
5.2826864845815	0.98294475100630
5.2761784230905	0.98326889830300
5.2696863772192	0.98358937023481
5.2632102879213	0.98390615543250
5.2567500964405	0.98421924263831
5.2503057443082	0.98452862070693
5.2438771733427	0.98483427860636
5.2374643256464	0.98513620541882
5.2310671436050	0.98543439034161
5.2246855698850	0.98572882268806
5.2183195474326	0.98601949188831
5.2119690194715	0.98630638749029
5.2056339295016	0.98658949916052
5.1993142212973	0.98686881668500
5.1930098389052	0.98714432997004
5.1867207266436	0.98741602904316
5.1804468290997	0.98768390405390
5.1741880911288	0.98794794527465
5.1679444578521	0.98820814310153
5.1617158746556	0.98846448805518
5.1555022871883	0.98871697078157
5.1493036413604	0.98896558205286
5.1431198833419	0.98921031276816
5.1369509595613	0.98945115395437
5.1307968167037	0.98968809676694
5.1246574017094	0.98992113249067
5.1185326617722	0.99015025254051
5.1124225443383	0.99037544846228
5.1063269971044	0.99059671193348
5.1002459680163	0.99081403476404
5.0941794052676	0.99102740889703
5.0881272572980	0.99123682640947
5.0820894727920	0.99144227951297
5.0760660006773	0.99164376055455
5.0700567901235	0.99184126201728
5.0640617905405	0.99203477652103
5.0580809515775	0.99222429682314
5.0521142231210	0.99240981581913
5.0461615552937	0.99259132654338
5.0402228984533	0.99276882216977
5.0342982031906	0.99294229601239
5.0283874203287	0.99311174152614
5.0224905009214	0.99327715230743
5.0166073962517	0.99343852209476
5.0107380578305	0.99359584476936
5.0048824373957	0.99374911435582
4.9990404869101	0.99389832502267
4.9932121585610	0.99404347108299
4.9873974047579	0.99418454699498
4.9815961781323	0.99432154736254
4.9758084315353	0.99445446693582
4.9700341180371	0.99458330061177
4.9642731909256	0.99470804343470
4.9585256037049	0.99482869059679
4.9527913100942	0.99494523743861
4.9470702640264	0.99505767944961
4.9413624196473	0.99516601226864
4.9356677313138	0.99527023168444
4.9299861535932	0.99537033363605
4.9243176412615	0.99546631421335
4.9186621493027	0.99555816965744
4.9130196329072	0.99564589636113
4.9073900474709	0.99572949086930
4.9017733485939	0.99580894987936
4.8961694920790	0.99588427024165
4.8905784339315	0.99595544895976
4.8850001303569	0.99602248319099
4.8794345377604	0.99608537024664
4.8738816127459	0.99614410759241
4.8683413121143	0.99619869284868
4.8628135928629	0.99624912379087
4.8572984121841	0.99629539834974
4.8517957274640	0.99633751461165
4.8463054962819	0.99637547081889
4.8408276764088	0.99640926536991
4.8353622258065	0.99643889681961
4.8299091026261	0.99646436387951
4.8244682652076	0.99648566541806
4.8190396720784	0.99650280046077
4.8136232819525	0.99651576819049
4.8082190537289	0.99652456794750
4.8028269464915	0.99652919922977
4.7974469195071	0.99652966169304
4.7920789322251	0.99652595515100
4.7867229442759	0.99651807957540
4.7813789154705	0.99650603509618
4.7760468057989	0.99648982200152
4.7707265754297	0.99646944073797
4.7654181847083	0.99644489191050
4.7601215941569	0.99641617628253
4.7548367644726	0.99638329477601
4.7495636565272	0.99634624847138
4.7443022313657	0.99630503860764
4.7390524502055	0.99625966658229
4.7338142744355	0.99621013395134
4.7285876656151	0.99615644242925
4.7233725854735	0.99609859388888
4.7181689959081	0.99603659036143
4.7129768589844	0.99597043403633
4.7077961369347	0.99590012726118
4.7026267921569	0.99582567254158
4.6974687872140	0.99574707254104
4.6923220848333	0.99566433008081
4.6871866479049	0.99557744813973
4.6820624394815	0.99548642985406
4.6769494227769	0.99539127851724
4.6718475611657	0.99529199757972
4.6667568181818	0.99518859064876
4.6616771575183	0.99508106148810
4.6566085430258	0.99496941401780
4.6515509387122	0.99485365231389
4.6465043087415	0.99473378060816
4.6414686174330	0.99460980328776
4.6364438292607	0.99448172489498
4.6314299088522	0.99434955012683
4.6264268209877	0.99421328383476
4.6214345305997	0.99407293102422
4.6164530027718	0.99392849685436
4.6114822027380	0.99377998663756
4.6065220958820	0.99362740583906
4.6015726477360	0.99347076007652
4.5966338239804	0.99331005511957
4.5917055904426	0.99314529688936
4.5867879130967	0.99297649145807
4.5818807580621	0.99280364504844
4.5769840916031	0.99262676403326
4.5720978801281	0.99244585493483
4.5672220901889	0.99226092442445
4.5623566884797	0.99207197932184
4.5575016418364	0.99187902659461
4.5526569172361	0.99168207335765
4.5478224817961	0.99148112687254
4.5429983027731	0.99127619454697
4.5381843475628	0.99106728393405
4.5333805836988	0.99085440273174
4.5285869788520	0.99063755878214
4.5238035008299	0.99041676007085
4.5190301175761	0.99019201472630
4.5142667971691	0.98996333101900
4.5095135078219	0.98973071736089
4.5047702178813	0.98949418230457
4.5000368958271	0.98925373454256
4.4953135102714	0.98900938290660
4.4906000299581	0.98876113636679
4.4858964237618	0.98850900403091
4.4812026606876	0.98825299514354
4.4765187098701	0.98799311908531
4.4718445405728	0.98772938537204
4.4671801221875	0.98746180365393
4.4625254242334	0.98719038371469
4.4578804163569	0.98691513547073
4.4532450683304	0.98663606897019
4.4486193500519	0.98635319439216
4.4440032315446	0.98606652204572
4.4393966829557	0.98577606236905
4.4347996745562	0.98548182592847
4.4302121767401	0.98518382341758
4.4256341600236	0.98488206565624
4.4210655950450	0.98457656358966
4.4165064525633	0.98426732828740
4.4119567034584	0.98395437094239
4.4074163187298	0.98363770286998
4.4028852694963	0.98331733550688
4.3983635269953	0.98299328041018
4.3938510625824	0.98266554925631
4.3893478477306	0.98233415384002
4.3848538540295	0.98199910607332
4.3803690531853	0.98166041798445
4.3758934170194	0.98131810171675
4.3714269174686	0.98097216952769
4.3669695265841	0.98062263378768
4.3625212165309	0.98026950697905
4.3580819595871	0.97991280169491
4.3536517281441	0.97955253063805
4.3492304947048	0.97918870661982
4.3448182318841	0.97882134255900
4.3404149124077	0.97845045148066
4.3360205091119	0.97807604651503
4.3316349949429	0.97769814089630
4.3272583429561	0.97731674796154
4.3228905263158	0.97693188114946
4.3185315182944	0.97654355399927
4.3141812922723	0.97615178014948
4.3098398217366	0.97575657333673
4.3055070802815	0.97535794739457
4.3011830416069	0.97495591625230
4.2968676795184	0.97455049393371
4.2925609679267	0.97414169455590
4.2882628808468	0.97372953232805
4.2839733923978	0.97331402155019
4.2796924768023	0.97289517661201
4.2754201083856	0.97247301199154
4.2711562615757	0.97204754225401
4.2669009109024	0.97161878205053
4.2626540309967	0.97118674611688
4.2584155965909	0.97075144927225
4.2541855825174	0.97031290641797
4.2499639637085	0.96987113253627
4.2457507151961	0.96942614268900
4.2415458121109	0.96897795201639
4.2373492296820	0.96852657573575
4.2331609432364	0.96807202914020
4.2289809281986	0.96761432759743
4.2248091600902	0.96715348654839
4.2206456145291	0.96668952150601
4.2164902672293	0.96622244805396
4.2123430940003	0.96575228184532
4.2082040707468	0.96527903860133
4.2040731734680	0.96480273411009
4.1999503782572	0.96432338422527
4.1958356613016	0.96384100486487
4.1917289988814	0.96335561200988
4.1876303673697	0.96286722170300
4.1835397432319	0.96237585004741
4.1794571030252	0.96188151320542
4.1753824233983	0.96138422739723
4.1713156810909	0.96088400889963
4.1672568529330	0.96038087404470
4.1632059158450	0.95987483921857
4.1591628468368	0.95936592086013
4.1551276230076	0.95885413545972
4.1511002215453	0.95833949955790
4.1470806197261	0.95782202974415
4.1430687949143	0.95730174265559
4.1390647245616	0.95677865497577
4.1350683862069	0.95625278343334
4.1310797574755	0.95572414480081
4.1270988160793	0.95519275589331
4.1231255398157	0.95465863356732
4.1191599065677	0.95412179471943
4.1152018943034	0.95358225628508
4.1112514810752	0.95304003523732
4.1073086450199	0.95249514858558
4.1033733643581	0.95194761337445
4.0994456173937	0.95139744668242
4.0955253825137	0.95084466562068
4.0916126381875	0.95028928733188
4.0877073629670	0.94973132898898
4.0838095354856	0.94917080779394
4.0799191344584	0.94860774097661
4.0760361386812	0.94804214579351
4.0721605270307	0.94747403952660
4.0682922784638	0.94690343948218
4.0644313720174	0.94633036298962
4.0605777868075	0.94575482740028
4.0567315020298	0.94517685008628
4.0528924969582	0.94459644843938
4.0490607509454	0.94401363986983
4.0452362434219	0.94342844180524
4.0414189538959	0.94284087168943
4.0376088619529	0.94225094698129
4.0338059472551	0.94165868515372
4.0300101895416	0.94106410369248
4.0262215686274	0.94046722009509
4.0224400644036	0.93986805186976
4.0186656568365	0.93926661653431
4.0148983259676	0.93866293161506
4.0111380519133	0.93805701464581
4.0073848148643	0.93744888316678
4.0036385950855	0.93683855472352
3.9998993729153	0.93622604686593
3.9961671287657	0.93561137714720
3.9924418431216	0.93499456312282
3.9887234965407	0.93437562234952
3.9850120696531	0.93375457238434
3.9813075431607	0.93313143078360
3.9776098978373	0.93250621510194
3.9739191145281	0.93187894289135
3.9702351741491	0.93124963170019
3.9665580576872	0.93061829907230
3.9628877461996	0.92998496254601
3.9592242208135	0.92934963965324
3.9555674627260	0.92871234791860
3.9519174532033	0.92807310485845
3.9482741735809	0.92743192798004
3.9446376052632	0.92678883478063
3.9410077297226	0.92614384274660
3.9373845285001	0.92549696935261
3.9337679832043	0.92484823206074
3.9301580755113	0.92419764831967
3.9265547871644	0.92354523556385
3.9229580999738	0.92289101121270
3.9193679958164	0.92223499266976
3.9157844566353	0.92157719732199
3.9122074644395	0.92091764253891
3.9086370013038	0.92025634567187
3.9050730493682	0.91959332405332
3.9015155908381	0.91892859499603
3.8979646079834	0.91826217579237
3.8944200831385	0.91759408371361
3.8908819987021	0.91692433600922
3.8873503371369	0.91625294990613
3.8838250809690	0.91557994260812
3.8803062127880	0.91490533129509
3.8767937152463	0.91422913312245
3.8732875710594	0.91355136522043
3.8697877630050	0.91287204469350
3.8662942739231	0.91219118861972
3.8628070867156	0.91150881405012
3.8593261843460	0.91082493800817
3.8558515498392	0.91013957748910
3.8523831662812	0.90945274945941
3.8489210168186	0.90876447085630
3.8454650846588	0.90807475858707
3.8420153530693	0.90738362952867
3.8385718053777	0.90669110052710
3.8351344249712	0.90599718839697
3.8317031952965	0.90530190992096
3.8282780998595	0.90460528184933
3.8248591222251	0.90390732089949
3.8214462460166	0.90320804375552
3.8180394549159	0.90250746706769
3.8146387326632	0.90180560745210
3.8112440630562	0.90110248149017
3.8078554299505	0.90039810572828
3.8044728172589	0.89969249667739
3.8010962089514	0.89898567081258
3.7977255890550	0.89827764457275
3.7943609416530	0.89756843436021
3.7910022508852	0.89685805654035
3.7876495009476	0.89614652744130
3.7843026760919	0.89543386335357
3.7809617606256	0.89472008052979
3.7776267389113	0.89400519518435
3.7742975953670	0.89328922349315
3.7709743144654	0.89257218159328
3.7676568807339	0.89185408558276
3.7643452787544	0.89113495152032
3.7610394931627	0.89041479542509
3.7577395086488	0.88969363327639
3.7544453099562	0.88897148101353
3.7511568818819	0.88824835453553
3.7478742092762	0.88752426970100
3.7445972770422	0.88679924232786
3.7413260701360	0.88607328819322
3.7380605735661	0.88534642303317
3.7348007723932	0.88461866254265
3.7315466517301	0.88389002237525
3.7282981967417	0.88316051814314
3.7250553926441	0.88243016541684
3.7218182247052	0.88169897972520
3.7185866782436	0.88096697655523
3.7153607386293	0.88023417135200
3.7121403912828	0.87950057951855
3.7089256216751	0.87876621641585
3.7057164153276	0.87803109736265
3.7025127578115	0.87729523763547
3.6993146347483	0.87655865246854
3.6961220318087	0.87582135705374
3.6929349347130	0.87508336654057
3.6897533292308	0.87434469603610
3.6865772011805	0.87360536060500
3.6834065364295	0.87286537526948
3.6802413208937	0.87212475500930
3.6770815405372	0.87138351476179
3.6739271813725	0.87064166942185
3.6707782294600	0.86989923384199
3.6676346709078	0.86915622283232
3.6644964918714	0.86841265116062
3.6613636785540	0.86766853355238
3.6582362172056	0.86692388469084
3.6551140941234	0.86617871921707
3.6519972956511	0.86543305172999
3.6488858081792	0.86468689678651
3.6457796181442	0.86394026890156
3.6426787120292	0.86319318254817
3.6395830763628	0.86244565215761
3.6364926977196	0.86169769211945
3.6334075627197	0.86094931678168
3.6303276580286	0.86020054045081
3.6272529703569	0.85945137739200
3.6241834864603	0.85870184182917
3.6211191931393	0.85795194794515
3.6180600772387	0.85720170988176
3.6150061256481	0.85645114174003
3.6119573253012	0.85570025758028
3.6089136631756	0.85494907142227
3.6058751262930	0.85419759724540
3.6028417017185	0.85344584898881
3.5998133765610	0.85269384055160
3.5967901379724	0.85194158579293
3.5937719731479	0.85118909853225
3.5907588693257	0.85043639254943
3.5877508137865	0.84968348158496
3.5847477938539	0.84893037934013
3.5817497968937	0.84817709947722
3.5787568103140	0.84742365561964
3.5757688215649	0.84667006135221
3.5727858181385	0.84591633022124
3.5698077875685	0.84516247573484
3.5668347174301	0.84440851136303
3.5638665953400	0.84365445053798
3.5609034089559	0.84290030665421
3.5579451459767	0.84214609306879
3.5549917941421	0.84139182310154
3.5520433412322	0.84063751003526
3.5490997750681	0.83988316711590
3.5461610835108	0.83912880755280
3.5432272544616	0.83837444451892
3.5402982758621	0.83762009115098
3.5373741356932	0.83686576054977
3.5344548219759	0.83611146578028
3.5315403227706	0.83535721987196
3.5286306261770	0.83460303581892
3.5257257203340	0.83384892658016
3.5228255934195	0.83309490507974
3.5199302336503	0.83234098420706
3.5170396292820	0.83158717681703
3.5141537686086	0.83083349573027
3.5112726399625	0.83007995373337
3.5083962317145	0.82932656357907
3.5055245322732	0.82857333798647
3.5026575300853	0.82782028964125
3.4997952136353	0.82706743119588
3.4969375714452	0.82631477526980
3.4940845920746	0.82556233444967
3.4912362641202	0.82481012128953
3.4883925762160	0.82405814831101
3.4855535170329	0.82330642800357
3.4827190752788	0.82255497282462
3.4798892396982	0.82180379519979
3.4770639990721	0.82105290752306
3.4742433422181	0.82030232215699
3.4714272579898	0.81955205143290
3.4686157352771	0.81880210765102
3.4658087630058	0.81805250308071
3.4630063301375	0.81730324996061
3.4602084256694	0.81655436049882
3.4574150386345	0.81580584687307
3.4546261581009	0.81505772123088
3.4518417731721	0.81430999568974
3.4490618729867	0.81356268233723
3.4462864467180	0.81281579323121
3.4435154835745	0.81206934039995
3.4407489727993	0.81132333584227
3.4379869036697	0.81057779152769
3.4352292654979	0.80983271939656
3.4324760476300	0.80908813136020
3.4297272394463	0.80834403930101
3.4269828303612	0.80760045507260
3.4242428098230	0.80685739049989
3.4215071673134	0.80611485737924
3.4187758923480	0.80537286747856
3.4160489744758	0.80463143253736
3.4133264032791	0.80389056426692
3.4106081683732	0.80315027435030
3.4078942594066	0.80241057444247
3.4051846660609	0.80167147617038
3.4024793780502	0.80093299113302
3.3997783851213	0.80019513090148
3.3970816770538	0.79945790701903
3.3943892436594	0.79872133100112
3.3917010747822	0.79798541433552
3.3890171602984	0.79725016848224
3.3863374901163	0.79651560487366
3.3836620541761	0.79578173491451
3.3809908424495	0.79504856998189
3.3783238449403	0.79431612142529
3.3756610516834	0.79358440056660
3.3730024527453	0.79285341870010
3.3703480382237	0.79212318709245
3.3676977982476	0.79139371698268
3.3650517229768	0.79066501958217
3.3624098026021	0.78993710607463
3.3597720273451	0.78920998761601
3.3571383874580	0.78848367533455
3.3545088732237	0.78775818033062
3.3518834749553	0.78703351367676
3.3492621829963	0.78630968641755
3.3466449877205	0.78558670956955
3.3440318795315	0.78486459412126
3.3414228488631	0.78414335103295
3.3388178861789	0.78342299123666
3.3362169819720	0.78270352563602
3.3336201267653	0.78198496510618
3.3310273111111	0.78126732049367
