#Parameters = {thARC=0.8; nARC=2.5; thsub=1; p=1; nSub=4.5}
#"Wavelength / um"	"T (797) [Real Part]"
#---------------------------------------
14.989622900000	0.75794014495944
14.937342202292	0.75904350760319
14.885424925521	0.76014892579695
14.833867293419	0.76125637986637
14.782665581854	0.76236584960198
14.731816117936	0.76347731425742
14.681315279138	0.76459075254769
14.631159492435	0.76570614264744
14.581345233463	0.76682346218932
14.531869025691	0.76794268826234
14.482727439614	0.76906379741037
14.433917091960	0.77018676563057
14.385434644914	0.77131156837197
14.337276805356	0.77243818053406
14.289440324118	0.77356657646541
14.241921995249	0.77469672996243
14.194718655303	0.77582861426805
14.147827182633	0.77696220207062
14.101244496707	0.77809746550270
14.054967557431	0.77923437614007
14.008993364486	0.78037290500065
13.963318956684	0.78151302254360
13.917941411328	0.78265469866840
13.872857843591	0.78379790271405
13.828065405904	0.78494260345829
13.783561287356	0.78608876911692
13.739342713107	0.78723636734317
13.695406943810	0.78838536522711
13.651751275046	0.78953572929519
13.608373036768	0.79068742550981
13.565269592760	0.79184041926896
13.522438340099	0.79299467540592
13.479876708633	0.79415015818910
13.437582160466	0.79530683132186
13.395552189455	0.79646465794248
13.353784320713	0.79762360062415
13.312276110124	0.79878362137511
13.271025143869	0.79994468163880
13.230029037952	0.80110674229408
13.189285437747	0.80226976365566
13.148792017544	0.80343370547443
13.108546480105	0.80459852693800
13.068546556234	0.80576418667132
13.028790004346	0.80693064273730
12.989274610052	0.80809785263762
12.949998185745	0.80926577331354
12.910958570198	0.81043436114690
12.872153628167	0.81160357196110
12.833581250000	0.81277336102228
12.795239351259	0.81394368304049
12.757125872340	0.81511449217104
12.719238778108	0.81628574201590
12.681576057530	0.81745738562522
12.644135723323	0.81862937549894
12.606915811606	0.81980166358850
12.569914381551	0.82097420129862
12.533129515050	0.82214693948927
12.496559316382	0.82331982847764
12.460201911887	0.82449281804029
12.424055449648	0.82566585741535
12.388118099174	0.82683889530490
12.352388051092	0.82801187987736
12.316863516845	0.82918475877008
12.281542728390	0.83035747909199
12.246423937908	0.83152998742636
12.211505417515	0.83270222983374
12.176785458976	0.83387415185488
12.142262373431	0.83504569851393
12.107934491115	0.83621681432160
12.073800161095	0.83738744327856
12.039857751004	0.83855752887888
12.006105646776	0.83972701411361
11.972542252396	0.84089584147453
11.939165989646	0.84206395295791
11.905975297855	0.84323129006851
11.872968633663	0.84439779382362
11.840144470774	0.84556340475726
11.807501299724	0.84672806292451
11.775037627651	0.84789170790594
11.742751978065	0.84905427881218
11.710642890625	0.85021571428861
11.678708920919	0.85137595252021
11.646948640249	0.85253493123644
11.615360635413	0.85369258771642
11.583943508501	0.85484885879404
11.552695876686	0.85600368086336
11.521616372022	0.85715698988404
11.490703641242	0.85830872138699
11.459956345566	0.85945881048001
11.429373160503	0.86060719185375
11.398952775665	0.86175379978763
11.368693894577	0.86289856815601
11.338595234493	0.86404143043442
11.308655526217	0.86518231970596
11.278873513920	0.86632116866784
11.249247954972	0.86745790963799
11.219777619760	0.86859247456193
11.190461291527	0.86972479501961
11.161297766195	0.87085480223253
11.132285852209	0.87198242707089
11.103424370370	0.87310760006095
11.074712153676	0.87423025139247
11.046148047163	0.87535031092629
11.017730907755	0.87646770820208
10.989459604106	0.87758237244620
10.961333016453	0.87869423257966
10.933350036470	0.87980321722625
10.905509567115	0.88090925472084
10.877810522496	0.88201227311769
10.850251827723	0.88311220019902
10.822832418773	0.88420896348365
10.795551242348	0.88530249023575
10.768407255747	0.88639270747377
10.741399426729	0.88747954197946
10.714526733381	0.88856292030702
10.687788163993	0.88964276879240
10.661182716927	0.89071901356270
10.634709400497	0.89179158054573
10.608367232838	0.89286039547961
10.582155241793	0.89392538392261
10.556072464789	0.89498647126302
10.530117948718	0.89604358272917
10.504290749825	0.89709664339957
10.478589933590	0.89814557821317
10.453014574616	0.89919031197973
10.427563756522	0.90023076939029
10.402236571825	0.90126687502777
10.377032121841	0.90229855337769
10.351949516575	0.90332572883896
10.326987874612	0.90434832573485
10.302146323024	0.90536626832393
10.277423997257	0.90637948081129
10.252820041040	0.90738788735973
10.228333606278	0.90839141210107
10.203963852961	0.90938997914763
10.179709949066	0.91038351260371
10.155571070461	0.91137193657722
10.131546400811	0.91235517519137
10.107635131490	0.91333315259650
10.083836461487	0.91430579298193
10.060149597315	0.91527302058791
10.036573752929	0.91623475971768
10.013108149633	0.91719093474962
9.9897520159947	0.91814147014938
9.9665045877660	0.91908629048220
9.9433651077944	0.92002532042522
9.9203328259431	0.92095848477988
9.8974069990096	0.92188570848443
9.8745868906456	0.92280691662641
9.8518717712783	0.92372203445525
9.8292609180328	0.92463098739492
9.8067536146549	0.92553370105662
9.7843491514360	0.92643010125150
9.7620468251384	0.92732011400348
9.7398459389214	0.92820366556205
9.7177458022690	0.92908068241514
9.6957457309185	0.92995109130203
9.6738450467893	0.93081481922627
9.6520430779137	0.93167179346865
9.6303391583681	0.93252194160015
9.6087326282051	0.93336519149501
9.5872228333866	0.93420147134367
9.5658091257179	0.93503070966588
9.5444908627826	0.93585283532367
9.5232674078780	0.93666777753448
9.5021381299525	0.93747546588413
9.4811024035421	0.93827583033991
9.4601596087094	0.93906880126365
9.4393091309824	0.93985430942468
9.4185503612944	0.94063228601292
9.3978826959248	0.94140266265184
9.3773055364404	0.94216537141145
9.3568182896380	0.94292034482125
9.3364203674868	0.94366751588318
9.3161111870727	0.94440681808446
9.2958901705426	0.94513818541048
9.2757567450495	0.94586155235760
9.2557103426984	0.94657685394590
9.2357504004929	0.94728402573191
9.2158763602828	0.94798300382126
9.1960876687117	0.94867372488125
9.1763837771656	0.94935612615343
9.1567641417227	0.95003014546605
9.1372282231027	0.95069572124643
9.1177754866180	0.95135279253331
9.0984054021244	0.95200129898907
9.0791174439733	0.95264118091191
9.0599110909640	0.95327237924788
9.0407858262967	0.95389483560287
9.0217411375263	0.95450849225451
9.0027765165165	0.95511329216391
8.9838914593947	0.95570917898733
8.9650854665072	0.95629609708778
8.9463580423754	0.95687399154641
8.9277086956522	0.95744280817390
8.9091369390788	0.95800249352162
8.8906422894425	0.95855299489273
8.8722242675348	0.95909426035314
8.8538823981099	0.95962623874232
8.8356162098438	0.96014887968398
8.8174252352941	0.96066213359661
8.7993090108600	0.96116595170386
8.7812670767428	0.96166028604483
8.7632989769073	0.96214508948410
8.7454042590432	0.96262031572171
8.7275824745269	0.96308591930291
8.7098331783847	0.96354185562779
8.6921559292549	0.96398808096071
8.6745502893519	0.96442455243953
8.6570158244297	0.96485122808481
8.6395521037464	0.96526806680860
8.6221587000288	0.96567502842329
8.6048351894374	0.96607207365006
8.5875811515325	0.96645916412732
8.5703961692396	0.96683626241885
8.5532798288160	0.96720333202178
8.5362317198178	0.96756033737434
8.5192514350668	0.96790724386349
8.5023385706183	0.96824401783227
8.4854927257288	0.96857062658696
8.4687135028249	0.96888703840405
8.4520005074711	0.96919322253699
8.4353533483399	0.96948914922272
8.4187716371806	0.96977478968799
8.4022549887892	0.97005011615546
8.3858030209790	0.97031510184957
8.3694153545505	0.97056972100220
8.3530916132627	0.97081394885812
8.3368314238042	0.97104776168013
8.3206344157646	0.97127113675410
8.3045002216066	0.97148405239367
8.2884284766381	0.97168648794476
8.2724188189845	0.97187842378986
8.2564708895621	0.97205984135204
8.2405843320506	0.97223072309875
8.2247587928669	0.97239105254543
8.2089939211391	0.97254081425872
8.1932893686800	0.97267999385965
8.1776447899618	0.97280857802641
8.1620598420909	0.97292655449693
8.1465341847826	0.97303391207127
8.1310674803363	0.97313064061369
8.1156593936113	0.97321673105450
8.1003095920022	0.97329217539167
8.0850177454153	0.97335696669220
8.0697835262450	0.97341109909323
8.0546066093498	0.97345456780290
8.0394866720300	0.97348736910095
8.0244233940043	0.97350950033913
8.0094164573871	0.97352095994126
7.9944655466667	0.97352174740320
7.9795703486825	0.97351186329236
7.9647305526036	0.97349130924717
7.9499458499072	0.97346008797617
7.9352159343568	0.97341820325693
7.9205405019815	0.97336565993464
7.9059192510549	0.97330246392058
7.8913518820742	0.97322862219022
7.8768380977404	0.97314414278115
7.8623776029373	0.97304903479076
7.8479701047120	0.97294330837368
7.8336153122550	0.97282697473895
7.8193129368805	0.97270004614699
7.8050626920073	0.97256253590634
7.7908642931393	0.97241445837010
7.7767174578470	0.97225582893224
7.7626219057483	0.97208666402359
7.7485773584906	0.97190698110765
7.7345835397317	0.97171679867614
7.7206401751223	0.97151613624439
7.7067469922879	0.97130501434639
7.6929037208109	0.97108345452977
7.6791100922131	0.97085147935043
7.6653658399386	0.97060911236704
7.6516706993364	0.97035637813527
7.6380244076433	0.97009330220185
7.6244267039674	0.96981991109842
7.6108773292714	0.96953623233512
7.5973760263558	0.96924229439408
7.5839225398432	0.96893812672259
7.5705166161616	0.96862375972619
7.5571580035291	0.96829922476147
7.5438464519376	0.96796455412873
7.5305817131374	0.96761978106446
7.5173635406219	0.96726493973360
7.5041916896120	0.96690006522165
7.4910659170415	0.96652519352659
7.4779859815415	0.96614036155061
7.4649516434263	0.96574560709174
7.4519626646781	0.96534096883517
7.4390188089330	0.96492648634459
7.4261198414664	0.96450220005321
7.4132655291790	0.96406815125471
7.4004556405826	0.96362438209405
7.3876899457861	0.96317093555803
7.3749682164822	0.96270785546583
7.3622902259332	0.96223518645935
7.3496557489581	0.96175297399336
7.3370645619187	0.96126126432564
7.3245164427071	0.96076010450686
7.3120111707317	0.96024954237045
7.2995485269053	0.95972962652224
7.2871282936315	0.95920040633008
7.2747502547925	0.95866193191327
7.2624141957364	0.95811425413192
7.2501199032648	0.95755742457619
7.2378671656205	0.95699149555546
7.2256557724753	0.95641652008733
7.2134855149182	0.95583255188660
7.2013561854432	0.95523964535414
7.1892675779376	0.95463785556562
7.1772194876706	0.95402723826027
7.1652117112811	0.95340784982943
7.1532440467669	0.95277974730514
7.1413162934731	0.95214298834858
7.1294282520809	0.95149763123853
7.1175797245964	0.95084373485963
7.1057705143399	0.95018135869076
7.0940004259347	0.94951056279322
7.0822692652965	0.94883140779892
7.0705768396226	0.94814395489854
7.0589229573817	0.94744826582964
7.0473074283028	0.94674440286468
7.0357300633654	0.94603242879908
7.0241906747891	0.94531240693923
7.0126890760234	0.94458440109043
7.0012250817375	0.94384847554487
6.9897985078107	0.94310469506953
6.9784091713222	0.94235312489416
6.9670568905415	0.94159383069913
6.9557414849188	0.94082687860336
6.9444627750753	0.94005233515223
6.9332205827937	0.93927026730546
6.9220147310090	0.93848074242501
6.9108450437990	0.93768382826303
6.8997113463751	0.93687959294975
6.8886134650735	0.93606810498143
6.8775512273457	0.93524943320833
6.8665244617499	0.93442364682268
6.8555329979419	0.93359081534667
6.8445766666667	0.93275100862051
6.8336552997493	0.93190429679050
6.8227687300865	0.93105075029710
6.8119167916383	0.93019043986308
6.8010993194192	0.92932343648173
6.7903161494904	0.92844981140505
6.7795671189507	0.92756963613202
6.7688520659291	0.92668298239698
6.7581708295762	0.92578992215791
6.7475232500563	0.92489052758495
6.7369091685393	0.92398487104887
6.7263284271932	0.92307302510957
6.7157808691756	0.92215506250477
6.7052663386267	0.92123105613867
6.6947846806610	0.92030107907067
6.6843357413601	0.91936520450424
6.6739193677649	0.91842350577581
6.6635354078684	0.91747605634375
6.6531837106081	0.91652292977739
6.6428641258586	0.91556419974623
6.6325765044248	0.91459994000910
6.6223206980340	0.91363022440350
6.6120965593295	0.91265512683497
6.6019039418630	0.91167472126663
6.5917427000879	0.91068908170869
6.5816126893524	0.90969828220818
6.5715137658922	0.90870239683867
6.5614457868243	0.90770149969019
6.5514086101399	0.90669566485915
6.5414020946978	0.90568496643841
6.5314261002179	0.90466947850749
6.5214804872743	0.90364927512280
6.5115651172893	0.90262443030801
6.5016798525266	0.90159501804459
6.4918245560849	0.90056111226235
6.4819990918919	0.89952278683018
6.4722033246978	0.89848011554683
6.4624371200690	0.89743317213187
6.4527003443823	0.89638203021669
6.4429928648184	0.89532676333571
6.4333145493562	0.89426744491758
6.4236652667667	0.89320414827663
6.4140448866068	0.89213694660433
6.4044532792138	0.89106591296092
6.3948903156997	0.88999112026715
6.3853558679446	0.88891264129615
6.3758498085921	0.88783054866539
6.3663720110427	0.88674491482877
6.3569223494487	0.88565581206889
6.3475006987084	0.88456331248934
6.3381069344609	0.88346748800718
6.3287409330800	0.88236841034553
6.3194025716695	0.88126615102628
6.3100917280572	0.88016078136293
6.3008082807902	0.87905237245354
6.2915521091291	0.87794099517380
6.2823230930427	0.87682672017025
6.2731211132036	0.87570961785360
6.2639460509820	0.87458975839218
6.2547977884415	0.87346721170555
6.2456762083333	0.87234204745815
6.2365811940919	0.87121433505315
6.2275126298297	0.87008414362640
6.2184704003319	0.86895154204052
6.2094543910522	0.86781659887905
6.2004644881075	0.86667938244082
6.1915005782734	0.86553996073436
6.1825625489792	0.86439840147248
6.1736502883031	0.86325477206696
6.1647636849681	0.86210913962335
6.1559026283368	0.86096157093592
6.1470670084068	0.85981213248269
6.1382567158067	0.85866089042062
6.1294716417910	0.85750791058092
6.1207116782360	0.85635325846441
6.1119767176351	0.85519699923713
6.1032666530945	0.85403919772591
6.0945813783289	0.85287991841422
6.0859207876573	0.85171922543798
6.0772847759984	0.85055718258164
6.0686732388664	0.84939385327422
6.0600860723671	0.84822930058561
6.0515231731934	0.84706358722289
6.0429844386212	0.84589677552678
6.0344697665056	0.84472892746823
6.0259790552764	0.84356010464512
6.0175122039342	0.84239036827901
6.0090691120465	0.84121977921211
6.0006496797438	0.84004839790423
5.9922538077154	0.83887628442996
5.9838813972056	0.83770349847584
5.9755323500100	0.83653009933778
5.9672065684713	0.83535614591841
5.9589039554760	0.83418169672471
5.9506244144502	0.83300680986557
5.9423678493558	0.83183154304963
5.9341341646873	0.83065595358307
5.9259232654675	0.82948009836760
5.9177350572444	0.82830403389849
5.9095694460871	0.82712781626270
5.9014263385827	0.82595150113719
5.8933056418321	0.82477514378718
5.8852072634472	0.82359879906464
5.8771311115468	0.82242252140681
5.8690770947533	0.82124636483481
5.8610451221896	0.82007038295234
5.8530351034752	0.81889462894451
5.8450469487229	0.81771915557672
5.8370805685358	0.81654401519362
5.8291358740035	0.81536925971820
5.8212127766990	0.81419494065091
5.8133111886756	0.81302110906893
5.8054310224632	0.81184781562544
5.7975721910656	0.81067511054906
5.7897346079567	0.80950304364331
5.7819181870781	0.80833166428615
5.7741228428351	0.80716102142965
5.7663484900942	0.80599116359966
5.7585950441798	0.80482213889562
5.7508624208709	0.80365399499045
5.7431505363985	0.80248677913040
5.7354593074421	0.80132053813517
5.7277886511272	0.80015531839787
5.7201384850219	0.79899116588526
5.7125087271341	0.79782812613792
5.7048992959087	0.79666624427053
5.6973101102242	0.79550556497223
5.6897410893908	0.79434613250704
5.6821921531463	0.79318799071431
5.6746632216544	0.79203118300930
5.6671542155009	0.79087575238373
5.6596650556919	0.78972174140647
5.6521956636501	0.78856919222428
5.6447459612126	0.78741814656252
5.6373158706281	0.78626864572606
5.6299053145540	0.78512073060012
5.6225142160540	0.78397444165121
5.6151424985952	0.78282981892817
5.6077900860456	0.78168690206318
5.6004569026714	0.78054573027286
5.5931428731343	0.77940634235944
5.5858479224893	0.77826877671196
5.5785719761816	0.77713307130748
5.5713149600446	0.77599926371241
5.5640768002970	0.77486739108383
5.5568574235403	0.77373749017087
5.5496567567568	0.77260959731615
5.5424747273063	0.77148374845724
5.5353112629247	0.77035997912816
5.5281662917204	0.76923832446094
5.5210397421731	0.76811881918721
5.5139315431304	0.76700149763981
5.5068416238060	0.76588639375449
5.4997699137773	0.76477354107158
5.4927163429828	0.76366297273772
5.4856808417200	0.76255472150765
5.4786633406433	0.76144881974602
5.4716637707611	0.76034529942921
5.4646820634342	0.75924419214717
5.4577181503732	0.75814552910538
5.4507719636364	0.75704934112674
5.4438434356274	0.75595565865352
5.4369324990932	0.75486451174937
5.4300390871219	0.75377593010129
5.4231631331404	0.75268994302174
5.4163045709124	0.75160657945059
5.4094633345363	0.75052586795734
5.4026393584430	0.74944783674310
5.3958325773938	0.74837251364284
5.3890429264785	0.74729992612745
5.3822703411131	0.74623010130598
5.3755147570378	0.74516306592778
5.3687761103152	0.74409884638480
5.3620543373278	0.74303746871371
5.3553493747767	0.74197895859827
5.3486611596789	0.74092334137151
5.3419896293656	0.73987064201807
5.3353347214807	0.73882088517647
5.3286963739780	0.73777409514144
5.3220745251198	0.73673029586627
5.3154691134752	0.73568951096511
5.3088800779175	0.73465176371540
5.3023073576229	0.73361707706015
5.2957508920685	0.73258547361039
5.2892106210303	0.73155697564756
5.2826864845815	0.73053160512587
5.2761784230905	0.72950938367477
5.2696863772192	0.72849033260133
5.2632102879213	0.72747447289269
5.2567500964405	0.72646182521849
5.2503057443082	0.72545240993335
5.2438771733427	0.72444624707929
5.2374643256464	0.72344335638818
5.2310671436050	0.72244375728427
5.2246855698850	0.72144746888658
5.2183195474326	0.72045451001145
5.2119690194715	0.71946489917497
5.2056339295016	0.71847865459548
5.1993142212973	0.71749579419608
5.1930098389052	0.71651633560709
5.1867207266436	0.71554029616856
5.1804468290997	0.71456769293276
5.1741880911288	0.71359854266667
5.1679444578521	0.71263286185451
5.1617158746556	0.71167066670019
5.1555022871883	0.71071197312985
5.1493036413604	0.70975679679431
5.1431198833419	0.70880515307164
5.1369509595613	0.70785705706958
5.1307968167037	0.70691252362808
5.1246574017094	0.70597156732178
5.1185326617722	0.70503420246251
5.1124225443383	0.70410044310176
5.1063269971044	0.70317030303318
5.1002459680163	0.70224379579506
5.0941794052676	0.70132093467279
5.0881272572980	0.70040173270138
5.0820894727920	0.69948620266788
5.0760660006773	0.69857435711386
5.0700567901235	0.69766620833789
5.0640617905405	0.69676176839799
5.0580809515775	0.69586104911406
5.0521142231210	0.69496406207034
5.0461615552937	0.69407081861785
5.0402228984533	0.69318132987684
5.0342982031906	0.69229560673915
5.0283874203287	0.69141365987073
5.0224905009214	0.69053549971396
5.0166073962517	0.68966113649010
5.0107380578305	0.68879058020171
5.0048824373957	0.68792384063498
4.9990404869101	0.68706092736216
4.9932121585610	0.68620184974392
4.9873974047579	0.68534661693172
4.9815961781323	0.68449523787017
4.9758084315353	0.68364772129935
4.9700341180371	0.68280407575721
4.9642731909256	0.68196430958185
4.9585256037049	0.68112843091386
4.9527913100942	0.68029644769864
4.9470702640264	0.67946836768870
4.9413624196473	0.67864419844596
4.9356677313138	0.67782394734402
4.9299861535932	0.67700762157045
4.9243176412615	0.67619522812905
4.9186621493027	0.67538677384210
4.9130196329072	0.67458226535262
4.9073900474709	0.67378170912660
4.9017733485939	0.67298511145522
4.8961694920790	0.67219247845704
4.8905784339315	0.67140381608028
4.8850001303569	0.67061913010490
4.8794345377604	0.66983842614491
4.8738816127459	0.66906170965042
4.8683413121143	0.66828898590988
4.8628135928629	0.66752026005222
4.8572984121841	0.66675553704894
4.8517957274640	0.66599482171629
4.8463054962819	0.66523811871737
4.8408276764088	0.66448543256422
4.8353622258065	0.66373676761994
4.8299091026261	0.66299212810074
4.8244682652076	0.66225151807803
4.8190396720784	0.66151494148048
4.8136232819525	0.66078240209607
4.8082190537289	0.66005390357411
4.8028269464915	0.65932944942727
4.7974469195071	0.65860904303362
4.7920789322251	0.65789268763857
4.7867229442759	0.65718038635693
4.7813789154705	0.65647214217484
4.7760468057989	0.65576795795175
4.7707265754297	0.65506783642239
4.7654181847083	0.65437178019868
4.7601215941569	0.65367979177169
4.7548367644726	0.65299187351355
4.7495636565272	0.65230802767933
4.7443022313657	0.65162825640900
4.7390524502055	0.65095256172925
4.7338142744355	0.65028094555539
4.7285876656151	0.64961340969320
4.7233725854735	0.64894995584080
4.7181689959081	0.64829058559048
4.7129768589844	0.64763530043048
4.7077961369347	0.64698410174687
4.7026267921569	0.64633699082532
4.6974687872140	0.64569396885289
4.6923220848333	0.64505503691979
4.6871866479049	0.64442019602120
4.6820624394815	0.64378944705896
4.6769494227769	0.64316279084338
4.6718475611657	0.64254022809489
4.6667568181818	0.64192175944584
4.6616771575183	0.64130738544217
4.6566085430258	0.64069710654511
4.6515509387122	0.64009092313286
4.6465043087415	0.63948883550227
4.6414686174330	0.63889084387053
4.6364438292607	0.63829694837675
4.6314299088522	0.63770714908368
4.6264268209877	0.63712144597931
4.6214345305997	0.63653983897844
4.6164530027718	0.63596232792436
4.6114822027380	0.63538891259040
4.6065220958820	0.63481959268153
4.6015726477360	0.63425436783593
4.5966338239804	0.63369323762653
4.5917055904426	0.63313620156260
4.5867879130967	0.63258325909125
4.5818807580621	0.63203440959898
4.5769840916031	0.63148965241321
4.5720978801281	0.63094898680374
4.5672220901889	0.63041241198430
4.5623566884797	0.62987992711399
4.5575016418364	0.62935153129879
4.5526569172361	0.62882722359298
4.5478224817961	0.62830700300064
4.5429983027731	0.62779086847705
4.5381843475628	0.62727881893016
4.5333805836988	0.62677085322198
4.5285869788520	0.62626697016998
4.5238035008299	0.62576716854855
4.5190301175761	0.62527144709030
4.5142667971691	0.62477980448752
4.5095135078219	0.62429223939349
4.5047702178813	0.62380875042388
4.5000368958271	0.62332933615805
4.4953135102714	0.62285399514045
4.4906000299581	0.62238272588186
4.4858964237618	0.62191552686081
4.4812026606876	0.62145239652479
4.4765187098701	0.62099333329162
4.4718445405728	0.62053833555067
4.4671801221875	0.62008740166420
4.4625254242334	0.61964052996857
4.4578804163569	0.61919771877554
4.4532450683304	0.61875896637349
4.4486193500519	0.61832427102865
4.4440032315446	0.61789363098635
4.4393966829557	0.61746704447222
4.4347996745562	0.61704450969340
4.4302121767401	0.61662602483973
4.4256341600236	0.61621158808495
4.4210655950450	0.61580119758785
4.4165064525633	0.61539485149347
4.4119567034584	0.61499254793425
4.4074163187298	0.61459428503114
4.4028852694963	0.61420006089479
4.3983635269953	0.61380987362664
4.3938510625824	0.61342372132007
4.3893478477306	0.61304160206148
4.3848538540295	0.61266351393139
4.3803690531853	0.61228945500555
4.3758934170194	0.61191942335602
4.3714269174686	0.61155341705220
4.3669695265841	0.61119143416195
4.3625212165309	0.61083347275260
4.3580819595871	0.61047953089200
4.3536517281441	0.61012960664955
4.3492304947048	0.60978369809723
4.3448182318841	0.60944180331063
4.3404149124077	0.60910392036989
4.3360205091119	0.60877004736078
4.3316349949429	0.60844018237563
4.3272583429561	0.60811432351429
4.3228905263158	0.60779246888515
4.3185315182944	0.60747461660606
4.3141812922723	0.60716076480529
4.3098398217366	0.60685091162244
4.3055070802815	0.60654505520940
4.3011830416069	0.60624319373125
4.2968676795184	0.60594532536719
4.2925609679267	0.60565144831139
4.2882628808468	0.60536156077393
4.2839733923978	0.60507566098165
4.2796924768023	0.60479374717903
4.2754201083856	0.60451581762904
4.2711562615757	0.60424187061401
4.2669009109024	0.60397190443645
4.2626540309967	0.60370591741989
4.2584155965909	0.60344390790968
4.2541855825174	0.60318587427383
4.2499639637085	0.60293181490381
4.2457507151961	0.60268172821532
4.2415458121109	0.60243561264908
4.2373492296820	0.60219346667160
4.2331609432364	0.60195528877595
4.2289809281986	0.60172107748248
4.2248091600902	0.60149083133963
4.2206456145291	0.60126454892456
4.2164902672293	0.60104222884396
4.2123430940003	0.60082386973472
4.2082040707468	0.60060947026462
4.2040731734680	0.60039902913304
4.1999503782572	0.60019254507164
4.1958356613016	0.59999001684502
4.1917289988814	0.59979144325135
4.1876303673697	0.59959682312308
4.1835397432319	0.59940615532752
4.1794571030252	0.59921943876748
4.1753824233983	0.59903667238192
4.1713156810909	0.59885785514648
4.1672568529330	0.59868298607416
4.1632059158450	0.59851206421582
4.1591628468368	0.59834508866080
4.1551276230076	0.59818205853747
4.1511002215453	0.59802297301378
4.1470806197261	0.59786783129776
4.1430687949143	0.59771663263810
4.1390647245616	0.59756937632461
4.1350683862069	0.59742606168878
4.1310797574755	0.59728668810419
4.1270988160793	0.59715125498707
4.1231255398157	0.59701976179670
4.1191599065677	0.59689220803590
4.1152018943034	0.59676859325145
4.1112514810752	0.59664891703454
4.1073086450199	0.59653317902113
4.1033733643581	0.59642137889245
4.0994456173937	0.59631351637528
4.0955253825137	0.59620959124241
4.0916126381875	0.59610960331296
4.0877073629670	0.59601355245273
4.0838095354856	0.59592143857456
4.0799191344584	0.59583326163865
4.0760361386812	0.59574902165283
4.0721605270307	0.59566871867292
4.0682922784638	0.59559235280295
4.0644313720174	0.59551992419547
4.0605777868075	0.59545143305178
4.0567315020298	0.59538687962219
4.0528924969582	0.59532626420621
4.0490607509454	0.59526958715279
4.0452362434219	0.59521684886052
4.0414189538959	0.59516804977776
4.0376088619529	0.59512319040288
4.0338059472551	0.59508227128433
4.0300101895416	0.59504529302083
4.0262215686274	0.59501225626146
4.0224400644036	0.59498316170578
4.0186656568365	0.59495801010389
4.0148983259676	0.59493680225651
4.0111380519133	0.59491953901505
4.0073848148643	0.59490622128161
4.0036385950855	0.59489685000903
3.9998993729153	0.59489142620086
3.9961671287657	0.59488995091139
3.9924418431216	0.59489242524557
3.9887234965407	0.59489885035897
3.9850120696531	0.59490922745772
3.9813075431607	0.59492355779842
3.9776098978373	0.59494184268802
3.9739191145281	0.59496408348372
3.9702351741491	0.59499028159280
3.9665580576872	0.59502043847245
3.9628877461996	0.59505455562963
3.9592242208135	0.59509263462081
3.9555674627260	0.59513467705179
3.9519174532033	0.59518068457744
3.9482741735809	0.59523065890144
3.9446376052632	0.59528460177598
3.9410077297226	0.59534251500148
3.9373845285001	0.59540440042623
3.9337679832043	0.59547025994609
3.9301580755113	0.59554009550406
3.9265547871644	0.59561390908993
3.9229580999738	0.59569170273986
3.9193679958164	0.59577347853593
3.9157844566353	0.59585923860566
3.9122074644395	0.59594898512159
3.9086370013038	0.59604272030070
3.9050730493682	0.59614044640392
3.9015155908381	0.59624216573556
3.8979646079834	0.59634788064275
3.8944200831385	0.59645759351479
3.8908819987021	0.59657130678258
3.8873503371369	0.59668902291790
3.8838250809690	0.59681074443280
3.8803062127880	0.59693647387880
3.8767937152463	0.59706621384627
3.8732875710594	0.59719996696355
3.8697877630050	0.59733773589627
3.8662942739231	0.59747952334644
3.8628070867156	0.59762533205169
3.8593261843460	0.59777516478434
3.8558515498392	0.59792902435051
3.8523831662812	0.59808691358922
3.8489210168186	0.59824883537140
3.8454650846588	0.59841479259892
3.8420153530693	0.59858478820355
3.8385718053777	0.59875882514596
3.8351344249712	0.59893690641457
3.8317031952965	0.59911903502450
3.8282780998595	0.59930521401641
3.8248591222251	0.59949544645531
3.8214462460166	0.59968973542938
3.8180394549159	0.59988808404869
3.8146387326632	0.60009049544400
3.8112440630562	0.60029697276537
3.8078554299505	0.60050751918089
3.8044728172589	0.60072213787524
3.8010962089514	0.60094083204837
3.7977255890550	0.60116360491397
3.7943609416530	0.60139045969802
3.7910022508852	0.60162139963731
3.7876495009476	0.60185642797784
3.7843026760919	0.60209554797324
3.7809617606256	0.60233876288318
3.7776267389113	0.60258607597166
3.7742975953670	0.60283749050534
3.7709743144654	0.60309300975177
3.7676568807339	0.60335263697763
3.7643452787544	0.60361637544693
3.7610394931627	0.60388422841911
3.7577395086488	0.60415619914714
3.7544453099562	0.60443229087564
3.7511568818819	0.60471250683881
3.7478742092762	0.60499685025847
3.7445972770422	0.60528532434198
3.7413260701360	0.60557793228011
3.7380605735661	0.60587467724490
3.7348007723932	0.60617556238747
3.7315466517301	0.60648059083577
3.7282981967417	0.60678976569230
3.7250553926441	0.60710309003177
3.7218182247052	0.60742056689873
3.7185866782436	0.60774219930514
3.7153607386293	0.60806799022792
3.7121403912828	0.60839794260641
3.7089256216751	0.60873205933983
3.7057164153276	0.60907034328462
3.7025127578115	0.60941279725183
3.6993146347483	0.60975942400441
3.6961220318087	0.61011022625439
3.6929349347130	0.61046520666014
3.6897533292308	0.61082436782347
3.6865772011805	0.61118771228672
3.6834065364295	0.61155524252980
3.6802413208937	0.61192696096720
3.6770815405372	0.61230286994486
3.6739271813725	0.61268297173713
3.6707782294600	0.61306726854351
3.6676346709078	0.61345576248549
3.6644964918714	0.61384845560323
3.6613636785540	0.61424534985222
3.6582362172056	0.61464644709989
3.6551140941234	0.61505174912219
3.6519972956511	0.61546125760002
3.6488858081792	0.61587497411572
3.6457796181442	0.61629290014943
3.6426787120292	0.61671503707540
3.6395830763628	0.61714138615827
3.6364926977196	0.61757194854925
3.6334075627197	0.61800672528228
3.6303276580286	0.61844571727013
3.6272529703569	0.61888892530038
3.6241834864603	0.61933635003141
3.6211191931393	0.61978799198830
3.6180600772387	0.62024385155867
3.6150061256481	0.62070392898844
3.6119573253012	0.62116822437758
3.6089136631756	0.62163673767573
3.6058751262930	0.62210946867780
3.6028417017185	0.62258641701949
3.5998133765610	0.62306758217277
3.5967901379724	0.62355296344127
3.5937719731479	0.62404255995558
3.5907588693257	0.62453637066857
3.5877508137865	0.62503439435054
3.5847477938539	0.62553662958441
3.5817497968937	0.62604307476072
3.5787568103140	0.62655372807271
3.5757688215649	0.62706858751119
3.5727858181385	0.62758765085945
3.5698077875685	0.62811091568804
3.5668347174301	0.62863837934953
3.5638665953400	0.62917003897314
3.5609034089559	0.62970589145935
3.5579451459767	0.63024593347446
3.5549917941421	0.63079016144500
3.5520433412322	0.63133857155218
3.5490997750681	0.63189115972615
3.5461610835108	0.63244792164031
3.5432272544616	0.63300885270546
3.5402982758621	0.63357394806394
3.5373741356932	0.63414320258366
3.5344548219759	0.63471661085209
3.5315403227706	0.63529416717014
3.5286306261770	0.63587586554607
3.5257257203340	0.63646169968916
3.5228255934195	0.63705166300350
3.5199302336503	0.63764574858156
3.5170396292820	0.63824394919780
3.5141537686086	0.63884625730211
3.5112726399625	0.63945266501330
3.5083962317145	0.64006316411238
3.5055245322732	0.64067774603593
3.5026575300853	0.64129640186925
3.4997952136353	0.64191912233954
3.4969375714452	0.64254589780899
3.4940845920746	0.64317671826779
3.4912362641202	0.64381157332709
3.4883925762160	0.64445045221184
3.4855535170329	0.64509334375368
3.4827190752788	0.64574023638362
3.4798892396982	0.64639111812480
3.4770639990721	0.64704597658503
3.4742433422181	0.64770479894943
3.4714272579898	0.64836757197287
3.4686157352771	0.64903428197244
3.4658087630058	0.64970491481978
3.4630063301375	0.65037945593346
3.4602084256694	0.65105789027117
3.4574150386345	0.65174020232193
3.4546261581009	0.65242637609825
3.4518417731721	0.65311639512819
3.4490618729867	0.65381024244737
3.4462864467180	0.65450790059096
3.4435154835745	0.65520935158560
3.4407489727993	0.65591457694124
3.4379869036697	0.65662355764296
3.4352292654979	0.65733627414274
3.4324760476300	0.65805270635117
3.4297272394463	0.65877283362910
3.4269828303612	0.65949663477930
3.4242428098230	0.66022408803800
3.4215071673134	0.66095517106646
3.4187758923480	0.66168986094242
3.4160489744758	0.66242813415161
3.4133264032791	0.66316996657915
3.4106081683732	0.66391533350093
3.4078942594066	0.66466420957496
3.4051846660609	0.66541656883273
3.4024793780502	0.66617238467046
3.3997783851213	0.66693162984041
3.3970816770538	0.66769427644209
3.3943892436594	0.66846029591353
3.3917010747822	0.66922965902245
3.3890171602984	0.67000233585745
3.3863374901163	0.67077829581923
3.3836620541761	0.67155750761171
3.3809908424495	0.67233993923322
3.3783238449403	0.67312555796763
3.3756610516834	0.67391433037554
3.3730024527453	0.67470622228538
3.3703480382237	0.67550119878463
3.3676977982476	0.67629922421093
3.3650517229768	0.67710026214330
3.3624098026021	0.67790427539330
3.3597720273451	0.67871122599627
3.3571383874580	0.67952107520255
3.3545088732237	0.68033378346873
3.3518834749553	0.68114931044893
3.3492621829963	0.68196761498615
3.3466449877205	0.68278865510361
3.3440318795315	0.68361238799615
3.3414228488631	0.68443877002169
3.3388178861789	0.68526775669268
3.3362169819720	0.68609930266773
3.3336201267653	0.68693336174314
3.3310273111111	0.68776988684463
