#Parameters = {thARC=0.2; nARC=2.75; thsub=1; p=1; nSub=4.5}
#"Wavelength / um"	"T (800) [Real Part]"
#---------------------------------------
14.989622900000	0.60656892739010
14.937342202292	0.60664983365853
14.885424925521	0.60673102628496
14.833867293419	0.60681250516842
14.782665581854	0.60689427021026
14.731816117936	0.60697632131421
14.681315279138	0.60705865838630
14.631159492435	0.60714128133491
14.581345233463	0.60722419007069
14.531869025691	0.60730738450659
14.482727439614	0.60739086455786
14.433917091960	0.60747463014197
14.385434644914	0.60755868117866
14.337276805356	0.60764301758989
14.289440324118	0.60772763929984
14.241921995249	0.60781254623487
14.194718655303	0.60789773832355
14.147827182633	0.60798321549657
14.101244496707	0.60806897768681
14.054967557431	0.60815502482923
14.008993364486	0.60824135686093
13.963318956684	0.60832797372110
13.917941411328	0.60841487535096
13.872857843591	0.60850206169383
13.828065405904	0.60858953269502
13.783561287356	0.60867728830187
13.739342713107	0.60876532846371
13.695406943810	0.60885365313181
13.651751275046	0.60894226225943
13.608373036768	0.60903115580172
13.565269592760	0.60912033371575
13.522438340099	0.60920979596044
13.479876708633	0.60929954249662
13.437582160466	0.60938957328690
13.395552189455	0.60947988829575
13.353784320713	0.60957048748939
13.312276110124	0.60966137083582
13.271025143869	0.60975253830479
13.230029037952	0.60984398986776
13.189285437747	0.60993572549787
13.148792017544	0.61002774516994
13.108546480105	0.61012004886045
13.068546556234	0.61021263654746
13.028790004346	0.61030550821065
12.989274610052	0.61039866383127
12.949998185745	0.61049210339209
12.910958570198	0.61058582687743
12.872153628167	0.61067983427306
12.833581250000	0.61077412556626
12.795239351259	0.61086870074571
12.757125872340	0.61096355980152
12.719238778108	0.61105870272518
12.681576057530	0.61115412950956
12.644135723323	0.61124984014882
12.606915811606	0.61134583463847
12.569914381551	0.61144211297527
12.533129515050	0.61153867515725
12.496559316382	0.61163552118364
12.460201911887	0.61173265105490
12.424055449648	0.61183006477263
12.388118099174	0.61192776233959
12.352388051092	0.61202574375964
12.316863516845	0.61212400903776
12.281542728390	0.61222255817995
12.246423937908	0.61232139119327
12.211505417515	0.61242050808577
12.176785458976	0.61251990886648
12.142262373431	0.61261959354538
12.107934491115	0.61271956213338
12.073800161095	0.61281981464228
12.039857751004	0.61292035108473
12.006105646776	0.61302117147424
11.972542252396	0.61312227582513
11.939165989646	0.61322366415248
11.905975297855	0.61332533647215
11.872968633663	0.61342729280073
11.840144470774	0.61352953315548
11.807501299724	0.61363205755436
11.775037627651	0.61373486601598
11.742751978065	0.61383795855954
11.710642890625	0.61394133520485
11.678708920919	0.61404499597229
11.646948640249	0.61414894088275
11.615360635413	0.61425316995765
11.583943508501	0.61435768321888
11.552695876686	0.61446248068881
11.521616372022	0.61456756239019
11.490703641242	0.61467292834623
11.459956345566	0.61477857858046
11.429373160503	0.61488451311680
11.398952775665	0.61499073197946
11.368693894577	0.61509723519296
11.338595234493	0.61520402278210
11.308655526217	0.61531109477190
11.278873513920	0.61541845118761
11.249247954972	0.61552609205468
11.219777619760	0.61563401739870
11.190461291527	0.61574222724543
11.161297766195	0.61585072162073
11.132285852209	0.61595950055055
11.103424370370	0.61606856406092
11.074712153676	0.61617791217787
11.046148047163	0.61628754492751
11.017730907755	0.61639746233588
10.989459604106	0.61650766442902
10.961333016453	0.61661815123293
10.933350036470	0.61672892277348
10.905509567115	0.61683997907648
10.877810522496	0.61695132016760
10.850251827723	0.61706294607236
10.822832418773	0.61717485681609
10.795551242348	0.61728705242396
10.768407255747	0.61739953292090
10.741399426729	0.61751229833160
10.714526733381	0.61762534868048
10.687788163993	0.61773868399171
10.661182716927	0.61785230428912
10.634709400497	0.61796620959622
10.608367232838	0.61808039993619
10.582155241793	0.61819487533183
10.556072464789	0.61830963580555
10.530117948718	0.61842468137936
10.504290749825	0.61854001207483
10.478589933590	0.61865562791309
10.453014574616	0.61877152891479
10.427563756522	0.61888771510012
10.402236571825	0.61900418648874
10.377032121841	0.61912094309980
10.351949516575	0.61923798495189
10.326987874612	0.61935531206306
10.302146323024	0.61947292445077
10.277423997257	0.61959082213189
10.252820041040	0.61970900512268
10.228333606278	0.61982747343876
10.203963852961	0.61994622709512
10.179709949066	0.62006526610607
10.155571070461	0.62018459048525
10.131546400811	0.62030420024561
10.107635131490	0.62042409539939
10.083836461487	0.62054427595810
10.060149597315	0.62066474193252
10.036573752929	0.62078549333268
10.013108149633	0.62090653016783
9.9897520159947	0.62102785244644
9.9665045877660	0.62114946017620
9.9433651077944	0.62127135336399
9.9203328259431	0.62139353201585
9.8974069990096	0.62151599613701
9.8745868906456	0.62163874573185
9.8518717712783	0.62176178080389
9.8292609180328	0.62188510135579
9.8067536146549	0.62200870738931
9.7843491514360	0.62213259890534
9.7620468251384	0.62225677590388
9.7398459389214	0.62238123838398
9.7177458022690	0.62250598634381
9.6957457309185	0.62263101978058
9.6738450467893	0.62275633869059
9.6520430779137	0.62288194306916
9.6303391583681	0.62300783291068
9.6087326282051	0.62313400820856
9.5872228333866	0.62326046895525
9.5658091257179	0.62338721514219
9.5444908627826	0.62351424675988
9.5232674078780	0.62364156379779
9.5021381299525	0.62376916624439
9.4811024035421	0.62389705408715
9.4601596087094	0.62402522731255
9.4393091309824	0.62415368590600
9.4185503612944	0.62428242985193
9.3978826959248	0.62441145913373
9.3773055364404	0.62454077373374
9.3568182896380	0.62467037363328
9.3364203674868	0.62480025881263
9.3161111870727	0.62493042925100
9.2958901705426	0.62506088492658
9.2757567450495	0.62519162581649
9.2557103426984	0.62532265189680
9.2357504004929	0.62545396314252
9.2158763602828	0.62558555952762
9.1960876687117	0.62571744102499
9.1763837771656	0.62584960760645
9.1567641417227	0.62598205924278
9.1372282231027	0.62611479590368
9.1177754866180	0.62624781755780
9.0984054021244	0.62638112417270
9.0791174439733	0.62651471571489
9.0599110909640	0.62664859214984
9.0407858262967	0.62678275344190
9.0217411375263	0.62691719955442
9.0027765165165	0.62705193044964
8.9838914593947	0.62718694608877
8.9650854665072	0.62732224643195
8.9463580423754	0.62745783143827
8.9277086956522	0.62759370106575
8.9091369390788	0.62772985527139
8.8906422894425	0.62786629401113
8.8722242675348	0.62800301723984
8.8538823981099	0.62814002491139
8.8356162098438	0.62827731697860
8.8174252352941	0.62841489339325
8.7993090108600	0.62855275410609
8.7812670767428	0.62869089906687
8.7632989769073	0.62882932822429
8.7454042590432	0.62896804152607
8.7275824745269	0.62910703891889
8.7098331783847	0.62924632034846
8.6921559292549	0.62938588575948
8.6745502893519	0.62952573509566
8.6570158244297	0.62966586829972
8.6395521037464	0.62980628531342
8.6221587000288	0.62994698607754
8.6048351894374	0.63008797053191
8.5875811515325	0.63022923861539
8.5703961692396	0.63037079026590
8.5532798288160	0.63051262542044
8.5362317198178	0.63065474401504
8.5192514350668	0.63079714598485
8.5023385706183	0.63093983126407
8.4854927257288	0.63108279978602
8.4687135028249	0.63122605148312
8.4520005074711	0.63136958628690
8.4353533483399	0.63151340412800
8.4187716371806	0.63165750493621
8.4022549887892	0.63180188864046
8.3858030209790	0.63194655516883
8.3694153545505	0.63209150444856
8.3530916132627	0.63223673640606
8.3368314238042	0.63238225096692
8.3206344157646	0.63252804805594
8.3045002216066	0.63267412759712
8.2884284766381	0.63282048951365
8.2724188189845	0.63296713372798
8.2564708895621	0.63311406016178
8.2405843320506	0.63326126873597
8.2247587928669	0.63340875937073
8.2089939211391	0.63355653198553
8.1932893686800	0.63370458649911
8.1776447899618	0.63385292282949
8.1620598420909	0.63400154089404
8.1465341847826	0.63415044060940
8.1310674803363	0.63429962189159
8.1156593936113	0.63444908465595
8.1003095920022	0.63459882881718
8.0850177454153	0.63474885428936
8.0697835262450	0.63489916098594
8.0546066093498	0.63504974881978
8.0394866720300	0.63520061770315
8.0244233940043	0.63535176754773
8.0094164573871	0.63550319826464
7.9944655466667	0.63565490976445
7.9795703486825	0.63580690195721
7.9647305526036	0.63595917475241
7.9499458499072	0.63611172805906
7.9352159343568	0.63626456178565
7.9205405019815	0.63641767584021
7.9059192510549	0.63657107013027
7.8913518820742	0.63672474456293
7.8768380977404	0.63687869904484
7.8623776029373	0.63703293348220
7.8479701047120	0.63718744778083
7.8336153122550	0.63734224184611
7.8193129368805	0.63749731558306
7.8050626920073	0.63765266889630
7.7908642931393	0.63780830169013
7.7767174578470	0.63796421386845
7.7626219057483	0.63812040533487
7.7485773584906	0.63827687599265
7.7345835397317	0.63843362574477
7.7206401751223	0.63859065449391
7.7067469922879	0.63874796214244
7.6929037208109	0.63890554859252
7.6791100922131	0.63906341374602
7.6653658399386	0.63922155750458
7.6516706993364	0.63937997976962
7.6380244076433	0.63953868044235
7.6244267039674	0.63969765942378
7.6108773292714	0.63985691661474
7.5973760263558	0.64001645191589
7.5839225398432	0.64017626522772
7.5705166161616	0.64033635645061
7.5571580035291	0.64049672548476
7.5438464519376	0.64065737223029
7.5305817131374	0.64081829658721
7.5173635406219	0.64097949845542
7.5041916896120	0.64114097773477
7.4910659170415	0.64130273432501
7.4779859815415	0.64146476812587
7.4649516434263	0.64162707903702
7.4519626646781	0.64178966695810
7.4390188089330	0.64195253178874
7.4261198414664	0.64211567342856
7.4132655291790	0.64227909177720
7.4004556405826	0.64244278673432
7.3876899457861	0.64260675819958
7.3749682164822	0.64277100607273
7.3622902259332	0.64293553025354
7.3496557489581	0.64310033064186
7.3370645619187	0.64326540713762
7.3245164427071	0.64343075964083
7.3120111707317	0.64359638805159
7.2995485269053	0.64376229227015
7.2871282936315	0.64392847219683
7.2747502547925	0.64409492773211
7.2624141957364	0.64426165877660
7.2501199032648	0.64442866523108
7.2378671656205	0.64459594699647
7.2256557724753	0.64476350397386
7.2134855149182	0.64493133606454
7.2013561854432	0.64509944316997
7.1892675779376	0.64526782519182
7.1772194876706	0.64543648203196
7.1652117112811	0.64560541359248
7.1532440467669	0.64577461977569
7.1413162934731	0.64594410048414
7.1294282520809	0.64611385562061
7.1175797245964	0.64628388508815
7.1057705143399	0.64645418879004
7.0940004259347	0.64662476662983
7.0822692652965	0.64679561851137
7.0705768396226	0.64696674433873
7.0589229573817	0.64713814401633
7.0473074283028	0.64730981744882
7.0357300633654	0.64748176454120
7.0241906747891	0.64765398519873
7.0126890760234	0.64782647932701
7.0012250817375	0.64799924683193
6.9897985078107	0.64817228761972
6.9784091713222	0.64834560159691
6.9670568905415	0.64851918867039
6.9557414849188	0.64869304874735
6.9444627750753	0.64886718173534
6.9332205827937	0.64904158754225
6.9220147310090	0.64921626607630
6.9108450437990	0.64939121724607
6.8997113463751	0.64956644096049
6.8886134650735	0.64974193712885
6.8775512273457	0.64991770566078
6.8665244617499	0.65009374646627
6.8555329979419	0.65027005945570
6.8445766666667	0.65044664453978
6.8336552997493	0.65062350162959
6.8227687300865	0.65080063063659
6.8119167916383	0.65097803147259
6.8010993194192	0.65115570404978
6.7903161494904	0.65133364828069
6.7795671189507	0.65151186407825
6.7688520659291	0.65169035135574
6.7581708295762	0.65186911002680
6.7475232500563	0.65204814000545
6.7369091685393	0.65222744120605
6.7263284271932	0.65240701354334
6.7157808691756	0.65258685693241
6.7052663386267	0.65276697128873
6.6947846806610	0.65294735652808
6.6843357413601	0.65312801256664
6.6739193677649	0.65330893932091
6.6635354078684	0.65349013670774
6.6531837106081	0.65367160464434
6.6428641258586	0.65385334304822
6.6325765044248	0.65403535183726
6.6223206980340	0.65421763092966
6.6120965593295	0.65440018024394
6.6019039418630	0.65458299969893
6.5917427000879	0.65476608921378
6.5816126893524	0.65494944870796
6.5715137658922	0.65513307810123
6.5614457868243	0.65531697731363
6.5514086101399	0.65550114626552
6.5414020946978	0.65568558487751
6.5314261002179	0.65587029307051
6.5214804872743	0.65605527076567
6.5115651172893	0.65624051788441
6.5016798525266	0.65642603434841
6.4918245560849	0.65661182007957
6.4819990918919	0.65679787500003
6.4722033246978	0.65698419903216
6.4624371200690	0.65717079209853
6.4527003443823	0.65735765412192
6.4429928648184	0.65754478502530
6.4333145493562	0.65773218473182
6.4236652667667	0.65791985316482
6.4140448866068	0.65810779024776
6.4044532792138	0.65829599590429
6.3948903156997	0.65848447005818
6.3853558679446	0.65867321263332
6.3758498085921	0.65886222355372
6.3663720110427	0.65905150274349
6.3569223494487	0.65924105012683
6.3475006987084	0.65943086562800
6.3381069344609	0.65962094917134
6.3287409330800	0.65981130068122
6.3194025716695	0.66000192008206
6.3100917280572	0.66019280729829
6.3008082807902	0.66038396225435
6.2915521091291	0.66057538487465
6.2823230930427	0.66076707508360
6.2731211132036	0.66095903280555
6.2639460509820	0.66115125796481
6.2547977884415	0.66134375048559
6.2456762083333	0.66153651029206
6.2365811940919	0.66172953730822
6.2275126298297	0.66192283145801
6.2184704003319	0.66211639266519
6.2094543910522	0.66231022085337
6.2004644881075	0.66250431594601
6.1915005782734	0.66269867786635
6.1825625489792	0.66289330653744
6.1736502883031	0.66308820188210
6.1647636849681	0.66328336382288
6.1559026283368	0.66347879228210
6.1470670084068	0.66367448718178
6.1382567158067	0.66387044844364
6.1294716417910	0.66406667598907
6.1207116782360	0.66426316973914
6.1119767176351	0.66445992961452
6.1032666530945	0.66465695553554
6.0945813783289	0.66485424742211
6.0859207876573	0.66505180519372
6.0772847759984	0.66524962876941
6.0686732388664	0.66544771806777
6.0600860723671	0.66564607300689
6.0515231731934	0.66584469350438
6.0429844386212	0.66604357947729
6.0344697665056	0.66624273084215
6.0259790552764	0.66644214751491
6.0175122039342	0.66664182941091
6.0090691120465	0.66684177644491
6.0006496797438	0.66704198853102
5.9922538077154	0.66724246558267
5.9838813972056	0.66744320751263
5.9755323500100	0.66764421423297
5.9672065684713	0.66784548565503
5.9589039554760	0.66804702168939
5.9506244144502	0.66824882224585
5.9423678493558	0.66845088723346
5.9341341646873	0.66865321656039
5.9259232654675	0.66885581013401
5.9177350572444	0.66905866786080
5.9095694460871	0.66926178964638
5.9014263385827	0.66946517539541
5.8933056418321	0.66966882501166
5.8852072634472	0.66987273839791
5.8771311115468	0.67007691545595
5.8690770947533	0.67028135608659
5.8610451221896	0.67048606018959
5.8530351034752	0.67069102766363
5.8450469487229	0.67089625840635
5.8370805685358	0.67110175231424
5.8291358740035	0.67130750928269
5.8212127766990	0.67151352920593
5.8133111886756	0.67171981197699
5.8054310224632	0.67192635748773
5.7975721910656	0.67213316562873
5.7897346079567	0.67234023628937
5.7819181870781	0.67254756935771
5.7741228428351	0.67275516472052
5.7663484900942	0.67296302226327
5.7585950441798	0.67317114187002
5.7508624208709	0.67337952342351
5.7431505363985	0.67358816680504
5.7354593074421	0.67379707189450
5.7277886511272	0.67400623857032
5.7201384850219	0.67421566670946
5.7125087271341	0.67442535618738
5.7048992959087	0.67463530687801
5.6973101102242	0.67484551865375
5.6897410893908	0.67505599138538
5.6821921531463	0.67526672494214
5.6746632216544	0.67547771919161
5.6671542155009	0.67568897399973
5.6596650556919	0.67590048923078
5.6521956636501	0.67611226474733
5.6447459612126	0.67632430041024
5.6373158706281	0.67653659607864
5.6299053145540	0.67674915160987
5.6225142160540	0.67696196685949
5.6151424985952	0.67717504168125
5.6077900860456	0.67738837592707
5.6004569026714	0.67760196944698
5.5931428731343	0.67781582208917
5.5858479224893	0.67802993369990
5.5785719761816	0.67824430412349
5.5713149600446	0.67845893320233
5.5640768002970	0.67867382077682
5.5568574235403	0.67888896668539
5.5496567567568	0.67910437076441
5.5424747273063	0.67932003284825
5.5353112629247	0.67953595276919
5.5281662917204	0.67975213035744
5.5210397421731	0.67996856544109
5.5139315431304	0.68018525784613
5.5068416238060	0.68040220739638
5.4997699137773	0.68061941391349
5.4927163429828	0.68083687721694
5.4856808417200	0.68105459712398
5.4786633406433	0.68127257344964
5.4716637707611	0.68149080600672
5.4646820634342	0.68170929460570
5.4577181503732	0.68192803905483
5.4507719636364	0.68214703916002
5.4438434356274	0.68236629472486
5.4369324990932	0.68258580555059
5.4300390871219	0.68280557143610
5.4231631331404	0.68302559217789
5.4163045709124	0.68324586757006
5.4094633345363	0.68346639740430
5.4026393584430	0.68368718146987
5.3958325773938	0.68390821955357
5.3890429264785	0.68412951143973
5.3822703411131	0.68435105691023
5.3755147570378	0.68457285574440
5.3687761103152	0.68479490771910
5.3620543373278	0.68501721260865
5.3553493747767	0.68523977018480
5.3486611596789	0.68546258021678
5.3419896293656	0.68568564247123
5.3353347214807	0.68590895671219
5.3286963739780	0.68613252270113
5.3220745251198	0.68635634019689
5.3154691134752	0.68658040895568
5.3088800779175	0.68680472873109
5.3023073576229	0.68702929927404
5.2957508920685	0.68725412033280
5.2892106210303	0.68747919165297
5.2826864845815	0.68770451297747
5.2761784230905	0.68793008404651
5.2696863772192	0.68815590459762
5.2632102879213	0.68838197436560
5.2567500964405	0.68860829308254
5.2503057443082	0.68883486047778
5.2438771733427	0.68906167627795
5.2374643256464	0.68928874020692
5.2310671436050	0.68951605198580
5.2246855698850	0.68974361133295
5.2183195474326	0.68997141796397
5.2119690194715	0.69019947159165
5.2056339295016	0.69042777192606
5.1993142212973	0.69065631867443
5.1930098389052	0.69088511154124
5.1867207266436	0.69111415022816
5.1804468290997	0.69134343443407
5.1741880911288	0.69157296385504
5.1679444578521	0.69180273818437
5.1617158746556	0.69203275711251
5.1555022871883	0.69226302032714
5.1493036413604	0.69249352751311
5.1431198833419	0.69272427835248
5.1369509595613	0.69295527252448
5.1307968167037	0.69318650970556
5.1246574017094	0.69341798956933
5.1185326617722	0.69364971178663
5.1124225443383	0.69388167602545
5.1063269971044	0.69411388195102
5.1002459680163	0.69434632922574
5.0941794052676	0.69457901750923
5.0881272572980	0.69481194645831
5.0820894727920	0.69504511572702
5.0760660006773	0.69527852496659
5.0700567901235	0.69551217382550
5.0640617905405	0.69574606194944
5.0580809515775	0.69598018898134
5.0521142231210	0.69621455456137
5.0461615552937	0.69644915832694
5.0402228984533	0.69668399991271
5.0342982031906	0.69691907895063
5.0283874203287	0.69715439506989
5.0224905009214	0.69738994789698
5.0166073962517	0.69762573705567
5.0107380578305	0.69786176216705
5.0048824373957	0.69809802284950
4.9990404869101	0.69833451871874
4.9932121585610	0.69857124938782
4.9873974047579	0.69880821446714
4.9815961781323	0.69904541356447
4.9758084315353	0.69928284628494
4.9700341180371	0.69952051223108
4.9642731909256	0.69975841100282
4.9585256037049	0.69999654219752
4.9527913100942	0.70023490540996
4.9470702640264	0.70047350023239
4.9413624196473	0.70071232625450
4.9356677313138	0.70095138306351
4.9299861535932	0.70119067024410
4.9243176412615	0.70143018737850
4.9186621493027	0.70166993404647
4.9130196329072	0.70190990982533
4.9073900474709	0.70215011428998
4.9017733485939	0.70239054701293
4.8961694920790	0.70263120756431
4.8905784339315	0.70287209551189
4.8850001303569	0.70311321042109
4.8794345377604	0.70335455185505
4.8738816127459	0.70359611937459
4.8683413121143	0.70383791253829
4.8628135928629	0.70407993090247
4.8572984121841	0.70432217402123
4.8517957274640	0.70456464144651
4.8463054962819	0.70480733272804
4.8408276764088	0.70505024741344
4.8353622258065	0.70529338504821
4.8299091026261	0.70553674517574
4.8244682652076	0.70578032733739
4.8190396720784	0.70602413107248
4.8136232819525	0.70626815591830
4.8082190537289	0.70651240141021
4.8028269464915	0.70675686708159
4.7974469195071	0.70700155246391
4.7920789322251	0.70724645708676
4.7867229442759	0.70749158047788
4.7813789154705	0.70773692216316
4.7760468057989	0.70798248166673
4.7707265754297	0.70822825851093
4.7654181847083	0.70847425221639
4.7601215941569	0.70872046230203
4.7548367644726	0.70896688828511
4.7495636565272	0.70921352968127
4.7443022313657	0.70946038600454
4.7390524502055	0.70970745676740
4.7338142744355	0.70995474148078
4.7285876656151	0.71020223965415
4.7233725854735	0.71044995079550
4.7181689959081	0.71069787441141
4.7129768589844	0.71094601000705
4.7077961369347	0.71119435708628
4.7026267921569	0.71144291515161
4.6974687872140	0.71169168370431
4.6923220848333	0.71194066224438
4.6871866479049	0.71218985027064
4.6820624394815	0.71243924728073
4.6769494227769	0.71268885277119
4.6718475611657	0.71293866623745
4.6667568181818	0.71318868717392
4.6616771575183	0.71343891507397
4.6566085430258	0.71368934943002
4.6515509387122	0.71393998973357
4.6465043087415	0.71419083547521
4.6414686174330	0.71444188614469
4.6364438292607	0.71469314123097
4.6314299088522	0.71494460022220
4.6264268209877	0.71519626260585
4.6214345305997	0.71544812786867
4.6164530027718	0.71570019549677
4.6114822027380	0.71595246497567
4.6065220958820	0.71620493579031
4.6015726477360	0.71645760742513
4.5966338239804	0.71671047936407
4.5917055904426	0.71696355109063
4.5867879130967	0.71721682208794
4.5818807580621	0.71747029183875
4.5769840916031	0.71772395982552
4.5720978801281	0.71797782553041
4.5672220901889	0.71823188843538
4.5623566884797	0.71848614802220
4.5575016418364	0.71874060377248
4.5526569172361	0.71899525516776
4.5478224817961	0.71925010168950
4.5429983027731	0.71950514281915
4.5381843475628	0.71976037803819
4.5333805836988	0.72001580682815
4.5285869788520	0.72027142867071
4.5238035008299	0.72052724304768
4.5190301175761	0.72078324944106
4.5142667971691	0.72103944733310
4.5095135078219	0.72129583620633
4.5047702178813	0.72155241554360
4.5000368958271	0.72180918482813
4.4953135102714	0.72206614354355
4.4906000299581	0.72232329117392
4.4858964237618	0.72258062720380
4.4812026606876	0.72283815111830
4.4765187098701	0.72309586240306
4.4718445405728	0.72335376054438
4.4671801221875	0.72361184502919
4.4625254242334	0.72387011534511
4.4578804163569	0.72412857098050
4.4532450683304	0.72438721142451
4.4486193500519	0.72464603616708
4.4440032315446	0.72490504469903
4.4393966829557	0.72516423651205
4.4347996745562	0.72542361109878
4.4302121767401	0.72568316795283
4.4256341600236	0.72594290656881
4.4210655950450	0.72620282644238
4.4165064525633	0.72646292707030
4.4119567034584	0.72672320795043
4.4074163187298	0.72698366858180
4.4028852694963	0.72724430846464
4.3983635269953	0.72750512710040
4.3938510625824	0.72776612399181
4.3893478477306	0.72802729864290
4.3848538540295	0.72828865055903
4.3803690531853	0.72855017924693
4.3758934170194	0.72881188421474
4.3714269174686	0.72907376497203
4.3669695265841	0.72933582102985
4.3625212165309	0.72959805190074
4.3580819595871	0.72986045709879
4.3536517281441	0.73012303613964
4.3492304947048	0.73038578854052
4.3448182318841	0.73064871382029
4.3404149124077	0.73091181149947
4.3360205091119	0.73117508110025
4.3316349949429	0.73143852214654
4.3272583429561	0.73170213416397
4.3228905263158	0.73196591667993
4.3185315182944	0.73222986922362
4.3141812922723	0.73249399132602
4.3098398217366	0.73275828251998
4.3055070802815	0.73302274234018
4.3011830416069	0.73328737032320
4.2968676795184	0.73355216600750
4.2925609679267	0.73381712893349
4.2882628808468	0.73408225864351
4.2839733923978	0.73434755468186
4.2796924768023	0.73461301659483
4.2754201083856	0.73487864393069
4.2711562615757	0.73514443623975
4.2669009109024	0.73541039307434
4.2626540309967	0.73567651398883
4.2584155965909	0.73594279853964
4.2541855825174	0.73620924628528
4.2499639637085	0.73647585678633
4.2457507151961	0.73674262960548
4.2415458121109	0.73700956430749
4.2373492296820	0.73727666045927
4.2331609432364	0.73754391762983
4.2289809281986	0.73781133539029
4.2248091600902	0.73807891331394
4.2206456145291	0.73834665097617
4.2164902672293	0.73861454795452
4.2123430940003	0.73888260382868
4.2082040707468	0.73915081818047
4.2040731734680	0.73941919059386
4.1999503782572	0.73968772065496
4.1958356613016	0.73995640795200
4.1917289988814	0.74022525207536
4.1876303673697	0.74049425261754
4.1835397432319	0.74076340917318
4.1794571030252	0.74103272133901
4.1753824233983	0.74130218871388
4.1713156810909	0.74157181089872
4.1672568529330	0.74184158749657
4.1632059158450	0.74211151811251
4.1591628468368	0.74238160235371
4.1551276230076	0.74265183982935
4.1511002215453	0.74292223015066
4.1470806197261	0.74319277293086
4.1430687949143	0.74346346778515
4.1390647245616	0.74373431433072
4.1350683862069	0.74400531218668
4.1310797574755	0.74427646097408
4.1270988160793	0.74454776031584
4.1231255398157	0.74481920983676
4.1191599065677	0.74509080916349
4.1152018943034	0.74536255792446
4.1112514810752	0.74563445574989
4.1073086450199	0.74590650227176
4.1033733643581	0.74617869712374
4.0994456173937	0.74645103994118
4.0955253825137	0.74672353036106
4.0916126381875	0.74699616802197
4.0877073629670	0.74726895256404
4.0838095354856	0.74754188362893
4.0799191344584	0.74781496085975
4.0760361386812	0.74808818390105
4.0721605270307	0.74836155239875
4.0682922784638	0.74863506600010
4.0644313720174	0.74890872435363
4.0605777868075	0.74918252710909
4.0567315020298	0.74945647391739
4.0528924969582	0.74973056443057
4.0490607509454	0.75000479830173
4.0452362434219	0.75027917518495
4.0414189538959	0.75055369473527
4.0376088619529	0.75082835660858
4.0338059472551	0.75110316046159
4.0300101895416	0.75137810595177
4.0262215686274	0.75165319273724
4.0224400644036	0.75192842047674
4.0186656568365	0.75220378882955
4.0148983259676	0.75247929745538
4.0111380519133	0.75275494601437
4.0073848148643	0.75303073416693
4.0036385950855	0.75330666157373
3.9998993729153	0.75358272789556
3.9961671287657	0.75385893279329
3.9924418431216	0.75413527592778
3.9887234965407	0.75441175695976
3.9850120696531	0.75468837554980
3.9813075431607	0.75496513135816
3.9776098978373	0.75524202404474
3.9739191145281	0.75551905326895
3.9702351741491	0.75579621868966
3.9665580576872	0.75607351996505
3.9628877461996	0.75635095675256
3.9592242208135	0.75662852870876
3.9555674627260	0.75690623548925
3.9519174532033	0.75718407674854
3.9482741735809	0.75746205213998
3.9446376052632	0.75774016131563
3.9410077297226	0.75801840392612
3.9373845285001	0.75829677962060
3.9337679832043	0.75857528804656
3.9301580755113	0.75885392884976
3.9265547871644	0.75913270167408
3.9229580999738	0.75941160616143
3.9193679958164	0.75969064195159
3.9157844566353	0.75996980868210
3.9122074644395	0.76024910598815
3.9086370013038	0.76052853350242
3.9050730493682	0.76080809085499
3.9015155908381	0.76108777767316
3.8979646079834	0.76136759358135
3.8944200831385	0.76164753820093
3.8908819987021	0.76192761115013
3.8873503371369	0.76220781204384
3.8838250809690	0.76248814049353
3.8803062127880	0.76276859610705
3.8767937152463	0.76304917848850
3.8732875710594	0.76332988723809
3.8697877630050	0.76361072195201
3.8662942739231	0.76389168222223
3.8628070867156	0.76417276763635
3.8593261843460	0.76445397777750
3.8558515498392	0.76473531222412
3.8523831662812	0.76501677054982
3.8489210168186	0.76529835232322
3.8454650846588	0.76558005710779
3.8420153530693	0.76586188446167
3.8385718053777	0.76614383393753
3.8351344249712	0.76642590508233
3.8317031952965	0.76670809743726
3.8282780998595	0.76699041053745
3.8248591222251	0.76727284391188
3.8214462460166	0.76755539708314
3.8180394549159	0.76783806956730
3.8146387326632	0.76812086087369
3.8112440630562	0.76840377050476
3.8078554299505	0.76868679795583
3.8044728172589	0.76896994271497
3.8010962089514	0.76925320426277
3.7977255890550	0.76953658207215
3.7943609416530	0.76982007560820
3.7910022508852	0.77010368432795
3.7876495009476	0.77038740768017
3.7843026760919	0.77067124510522
3.7809617606256	0.77095519603480
3.7776267389113	0.77123925989176
3.7742975953670	0.77152343608993
3.7709743144654	0.77180772403386
3.7676568807339	0.77209212311866
3.7643452787544	0.77237663272977
3.7610394931627	0.77266125224274
3.7577395086488	0.77294598102304
3.7544453099562	0.77323081842586
3.7511568818819	0.77351576379584
3.7478742092762	0.77380081646690
3.7445972770422	0.77408597576201
3.7413260701360	0.77437124099298
3.7380605735661	0.77465661146021
3.7348007723932	0.77494208645250
3.7315466517301	0.77522766524679
3.7282981967417	0.77551334710798
3.7250553926441	0.77579913128867
3.7218182247052	0.77608501702894
3.7185866782436	0.77637100355612
3.7153607386293	0.77665709008456
3.7121403912828	0.77694327581540
3.7089256216751	0.77722955993633
3.7057164153276	0.77751594162135
3.7025127578115	0.77780242003056
3.6993146347483	0.77808899430990
3.6961220318087	0.77837566359090
3.6929349347130	0.77866242699046
3.6897533292308	0.77894928361063
3.6865772011805	0.77923623253831
3.6834065364295	0.77952327284505
3.6802413208937	0.77981040358680
3.6770815405372	0.78009762380365
3.6739271813725	0.78038493251961
3.6707782294600	0.78067232874233
3.6676346709078	0.78095981146286
3.6644964918714	0.78124737965544
3.6613636785540	0.78153503227717
3.6582362172056	0.78182276826786
3.6551140941234	0.78211058654969
3.6519972956511	0.78239848602700
3.6488858081792	0.78268646558605
3.6457796181442	0.78297452409471
3.6426787120292	0.78326266040229
3.6395830763628	0.78355087333920
3.6364926977196	0.78383916171674
3.6334075627197	0.78412752432684
3.6303276580286	0.78441595994181
3.6272529703569	0.78470446731406
3.6241834864603	0.78499304517586
3.6211191931393	0.78528169223908
3.6180600772387	0.78557040719491
3.6150061256481	0.78585918871366
3.6119573253012	0.78614803544443
3.6089136631756	0.78643694601490
3.6058751262930	0.78672591903106
3.6028417017185	0.78701495307693
3.5998133765610	0.78730404671434
3.5967901379724	0.78759319848263
3.5937719731479	0.78788240689843
3.5907588693257	0.78817167045537
3.5877508137865	0.78846098762383
3.5847477938539	0.78875035685071
3.5817497968937	0.78903977655913
3.5787568103140	0.78932924514818
3.5757688215649	0.78961876099270
3.5727858181385	0.78990832244297
3.5698077875685	0.79019792782450
3.5668347174301	0.79048757543775
3.5638665953400	0.79077726355786
3.5609034089559	0.79106699043445
3.5579451459767	0.79135675429130
3.5549917941421	0.79164655332614
3.5520433412322	0.79193638571039
3.5490997750681	0.79222624958888
3.5461610835108	0.79251614307965
3.5432272544616	0.79280606427367
3.5402982758621	0.79309601123458
3.5373741356932	0.79338598199846
3.5344548219759	0.79367597457359
3.5315403227706	0.79396598694020
3.5286306261770	0.79425601705020
3.5257257203340	0.79454606282699
3.5228255934195	0.79483612216517
3.5199302336503	0.79512619293032
3.5170396292820	0.79541627295875
3.5141537686086	0.79570636005732
3.5112726399625	0.79599645200310
3.5083962317145	0.79628654654323
3.5055245322732	0.79657664139467
3.5026575300853	0.79686673424392
3.4997952136353	0.79715682274685
3.4969375714452	0.79744690452846
3.4940845920746	0.79773697718262
3.4912362641202	0.79802703827192
3.4883925762160	0.79831708532737
3.4855535170329	0.79860711584824
3.4827190752788	0.79889712730185
3.4798892396982	0.79918711712329
3.4770639990721	0.79947708271529
3.4742433422181	0.79976702144797
3.4714272579898	0.80005693065864
3.4686157352771	0.80034680765162
3.4658087630058	0.80063664969799
3.4630063301375	0.80092645403546
3.4602084256694	0.80121621786813
3.4574150386345	0.80150593836632
3.4546261581009	0.80179561266636
3.4518417731721	0.80208523787044
3.4490618729867	0.80237481104641
3.4462864467180	0.80266432922758
3.4435154835745	0.80295378941261
3.4407489727993	0.80324318856525
3.4379869036697	0.80353252361425
3.4352292654979	0.80382179145316
3.4324760476300	0.80411098894018
3.4297272394463	0.80440011289799
3.4269828303612	0.80468916011359
3.4242428098230	0.80497812733820
3.4215071673134	0.80526701128707
3.4187758923480	0.80555580863933
3.4160489744758	0.80584451603790
3.4133264032791	0.80613313008931
3.4106081683732	0.80642164736360
3.4078942594066	0.80671006439418
3.4051846660609	0.80699837767773
3.4024793780502	0.80728658367406
3.3997783851213	0.80757467880600
3.3970816770538	0.80786265945933
3.3943892436594	0.80815052198263
3.3917010747822	0.80843826268721
3.3890171602984	0.80872587784700
3.3863374901163	0.80901336369850
3.3836620541761	0.80930071644065
3.3809908424495	0.80958793223478
3.3783238449403	0.80987500720453
3.3756610516834	0.81016193743579
3.3730024527453	0.81044871897663
3.3703480382237	0.81073534783725
3.3676977982476	0.81102181998991
3.3650517229768	0.81130813136891
3.3624098026021	0.81159427787055
3.3597720273451	0.81188025535307
3.3571383874580	0.81216605963663
3.3545088732237	0.81245168650331
3.3518834749553	0.81273713169707
3.3492621829963	0.81302239092372
3.3466449877205	0.81330745985098
3.3440318795315	0.81359233410841
3.3414228488631	0.81387700928745
3.3388178861789	0.81416148094143
3.3362169819720	0.81444574458559
3.3336201267653	0.81472979569711
3.3310273111111	0.81501362971511
