#Parameters = {thARC=0.6; nARC=2.75; thsub=1; p=1; nSub=4.5}
#"Wavelength / um"	"T (802) [Real Part]"
#---------------------------------------
14.989622900000	0.69844947956614
14.937342202292	0.69915659300756
14.885424925521	0.69986597221719
14.833867293419	0.70057760501976
14.782665581854	0.70129147914819
14.731816117936	0.70200758224363
14.681315279138	0.70272590185559
14.631159492435	0.70344642544197
14.581345233463	0.70416914036906
14.531869025691	0.70489403391165
14.482727439614	0.70562109325299
14.433917091960	0.70635030548483
14.385434644914	0.70708165760739
14.337276805356	0.70781513652936
14.289440324118	0.70855072906787
14.241921995249	0.70928842194845
14.194718655303	0.71002820180496
14.147827182633	0.71077005517955
14.101244496707	0.71151396852255
14.054967557431	0.71225992819242
14.008993364486	0.71300792045562
13.963318956684	0.71375793148648
13.917941411328	0.71450994736713
13.872857843591	0.71526395408728
13.828065405904	0.71601993754416
13.783561287356	0.71677788354226
13.739342713107	0.71753777779325
13.695406943810	0.71829960591570
13.651751275046	0.71906335343496
13.608373036768	0.71982900578290
13.565269592760	0.72059654829769
13.522438340099	0.72136596622358
13.479876708633	0.72213724471064
13.437582160466	0.72291036881453
13.395552189455	0.72368532349617
13.353784320713	0.72446209362152
13.312276110124	0.72524066396125
13.271025143869	0.72602101919044
13.230029037952	0.72680314388829
13.189285437747	0.72758702253775
13.148792017544	0.72837263952522
13.108546480105	0.72915997914017
13.068546556234	0.72994902557482
13.028790004346	0.73073976292373
12.989274610052	0.73153217518345
12.949998185745	0.73232624625212
12.910958570198	0.73312195992905
12.872153628167	0.73391929991437
12.833581250000	0.73471824980853
12.795239351259	0.73551879311193
12.757125872340	0.73632091322447
12.719238778108	0.73712459344510
12.681576057530	0.73792981697135
12.644135723323	0.73873656689890
12.606915811606	0.73954482622107
12.569914381551	0.74035457782839
12.533129515050	0.74116580450803
12.496559316382	0.74197848894341
12.460201911887	0.74279261371360
12.424055449648	0.74360816129288
12.388118099174	0.74442511405019
12.352388051092	0.74524345424860
12.316863516845	0.74606316404482
12.281542728390	0.74688422548860
12.246423937908	0.74770662052227
12.211505417515	0.74853033098011
12.176785458976	0.74935533858786
12.142262373431	0.75018162496215
12.107934491115	0.75100917160989
12.073800161095	0.75183795992780
12.039857751004	0.75266797120173
12.006105646776	0.75349918660617
11.972542252396	0.75433158720365
11.939165989646	0.75516515394414
11.905975297855	0.75599986766449
11.872968633663	0.75683570908784
11.840144470774	0.75767265882304
11.807501299724	0.75851069736403
11.775037627651	0.75934980508932
11.742751978065	0.76018996226131
11.710642890625	0.76103114902579
11.678708920919	0.76187334541127
11.646948640249	0.76271653132846
11.615360635413	0.76356068656962
11.583943508501	0.76440579080802
11.552695876686	0.76525182359731
11.521616372022	0.76609876437099
11.490703641242	0.76694659244177
11.459956345566	0.76779528700101
11.429373160503	0.76864482711817
11.398952775665	0.76949519174021
11.368693894577	0.77034635969101
11.338595234493	0.77119830967082
11.308655526217	0.77205102025572
11.278873513920	0.77290446989703
11.249247954972	0.77375863692076
11.219777619760	0.77461349952709
11.190461291527	0.77546903578984
11.161297766195	0.77632522365589
11.132285852209	0.77718204094470
11.103424370370	0.77803946534780
11.074712153676	0.77889747442823
11.046148047163	0.77975604562010
11.017730907755	0.78061515622808
10.989459604106	0.78147478342689
10.961333016453	0.78233490426089
10.933350036470	0.78319549564357
10.905509567115	0.78405653435712
10.877810522496	0.78491799705199
10.850251827723	0.78577986024647
10.822832418773	0.78664210032627
10.795551242348	0.78750469354414
10.768407255747	0.78836761601945
10.741399426729	0.78923084373785
10.714526733381	0.79009435255087
10.687788163993	0.79095811817563
10.661182716927	0.79182211619447
10.634709400497	0.79268632205466
10.608367232838	0.79355071106809
10.582155241793	0.79441525841098
10.556072464789	0.79527993912366
10.530117948718	0.79614472811026
10.504290749825	0.79700960013855
10.478589933590	0.79787452983969
10.453014574616	0.79873949170803
10.427563756522	0.79960446010099
10.402236571825	0.80046940923885
10.377032121841	0.80133431320467
10.351949516575	0.80219914594415
10.326987874612	0.80306388126555
10.302146323024	0.80392849283963
10.277423997257	0.80479295419962
10.252820041040	0.80565723874115
10.228333606278	0.80652131972231
10.203963852961	0.80738517026364
10.179709949066	0.80824876334821
10.155571070461	0.80911207182165
10.131546400811	0.80997506839230
10.107635131490	0.81083772563131
10.083836461487	0.81170001597280
10.060149597315	0.81256191171402
10.036573752929	0.81342338501560
10.013108149633	0.81428440790172
9.9897520159947	0.81514495226044
9.9665045877660	0.81600498984391
9.9433651077944	0.81686449226878
9.9203328259431	0.81772343101647
9.8974069990096	0.81858177743356
9.8745868906456	0.81943950273225
9.8518717712783	0.82029657799073
9.8292609180328	0.82115297415368
9.8067536146549	0.82200866203276
9.7843491514360	0.82286361230715
9.7620468251384	0.82371779552410
9.7398459389214	0.82457118209953
9.7177458022690	0.82542374231865
9.6957457309185	0.82627544633664
9.6738450467893	0.82712626417931
9.6520430779137	0.82797616574386
9.6303391583681	0.82882512079964
9.6087326282051	0.82967309898890
9.5872228333866	0.83052006982769
9.5658091257179	0.83136600270666
9.5444908627826	0.83221086689203
9.5232674078780	0.83305463152644
9.5021381299525	0.83389726563003
9.4811024035421	0.83473873810134
9.4601596087094	0.83557901771844
9.4393091309824	0.83641807313998
9.4185503612944	0.83725587290630
9.3978826959248	0.83809238544061
9.3773055364404	0.83892757905018
9.3568182896380	0.83976142192757
9.3364203674868	0.84059388215189
9.3161111870727	0.84142492769013
9.2958901705426	0.84225452639853
9.2757567450495	0.84308264602390
9.2557103426984	0.84390925420511
9.2357504004929	0.84473431847453
9.2158763602828	0.84555780625955
9.1960876687117	0.84637968488410
9.1763837771656	0.84719992157025
9.1567641417227	0.84801848343986
9.1372282231027	0.84883533751620
9.1177754866180	0.84965045072567
9.0984054021244	0.85046378989958
9.0791174439733	0.85127532177588
9.0599110909640	0.85208501300102
9.0407858262967	0.85289283013180
9.0217411375263	0.85369873963732
9.0027765165165	0.85450270790084
8.9838914593947	0.85530470122186
8.9650854665072	0.85610468581809
8.9463580423754	0.85690262782754
8.9277086956522	0.85769849331063
8.9091369390788	0.85849224825234
8.8906422894425	0.85928385856438
8.8722242675348	0.86007329008746
8.8538823981099	0.86086050859350
8.8356162098438	0.86164547978802
8.8174252352941	0.86242816931243
8.7993090108600	0.86320854274643
8.7812670767428	0.86398656561048
8.7632989769073	0.86476220336821
8.7454042590432	0.86553542142898
8.7275824745269	0.86630618515042
8.7098331783847	0.86707445984100
8.6921559292549	0.86784021076266
8.6745502893519	0.86860340313351
8.6570158244297	0.86936400213049
8.6395521037464	0.87012197289214
8.6221587000288	0.87087728052138
8.6048351894374	0.87162989008832
8.5875811515325	0.87237976663312
8.5703961692396	0.87312687516890
8.5532798288160	0.87387118068463
8.5362317198178	0.87461264814815
8.5192514350668	0.87535124250913
8.5023385706183	0.87608692870213
8.4854927257288	0.87681967164967
8.4687135028249	0.87754943626533
8.4520005074711	0.87827618745692
8.4353533483399	0.87899989012962
8.4187716371806	0.87972050918922
8.4022549887892	0.88043800954537
8.3858030209790	0.88115235611481
8.3694153545505	0.88186351382474
8.3530916132627	0.88257144761612
8.3368314238042	0.88327612244706
8.3206344157646	0.88397750329623
8.3045002216066	0.88467555516626
8.2884284766381	0.88537024308722
8.2724188189845	0.88606153212015
8.2564708895621	0.88674938736050
8.2405843320506	0.88743377394175
8.2247587928669	0.88811465703895
8.2089939211391	0.88879200187230
8.1932893686800	0.88946577371084
8.1776447899618	0.89013593787604
8.1620598420909	0.89080245974548
8.1465341847826	0.89146530475661
8.1310674803363	0.89212443841039
8.1156593936113	0.89277982627509
8.1003095920022	0.89343143399004
8.0850177454153	0.89407922726939
8.0697835262450	0.89472317190597
8.0546066093498	0.89536323377507
8.0394866720300	0.89599937883831
8.0244233940043	0.89663157314746
8.0094164573871	0.89725978284838
7.9944655466667	0.89788397418487
7.9795703486825	0.89850411350258
7.9647305526036	0.89912016725296
7.9499458499072	0.89973210199715
7.9352159343568	0.90033988440998
7.9205405019815	0.90094348128390
7.9059192510549	0.90154285953296
7.8913518820742	0.90213798619678
7.8768380977404	0.90272882844454
7.8623776029373	0.90331535357899
7.8479701047120	0.90389752904045
7.8336153122550	0.90447532241082
7.8193129368805	0.90504870141757
7.8050626920073	0.90561763393780
7.7908642931393	0.90618208800223
7.7767174578470	0.90674203179925
7.7626219057483	0.90729743367891
7.7485773584906	0.90784826215698
7.7345835397317	0.90839448591896
7.7206401751223	0.90893607382411
7.7067469922879	0.90947299490944
7.6929037208109	0.91000521839378
7.6791100922131	0.91053271368174
7.6653658399386	0.91105545036773
7.6516706993364	0.91157339824000
7.6380244076433	0.91208652728456
7.6244267039674	0.91259480768920
7.6108773292714	0.91309820984746
7.5973760263558	0.91359670436261
7.5839225398432	0.91409026205154
7.5705166161616	0.91457885394876
7.5571580035291	0.91506245131027
7.5438464519376	0.91554102561750
7.5305817131374	0.91601454858119
7.5173635406219	0.91648299214525
7.5041916896120	0.91694632849062
7.4910659170415	0.91740453003911
7.4779859815415	0.91785756945723
7.4649516434263	0.91830541965995
7.4519626646781	0.91874805381447
7.4390188089330	0.91918544534401
7.4261198414664	0.91961756793149
7.4132655291790	0.92004439552323
7.4004556405826	0.92046590233264
7.3876899457861	0.92088206284387
7.3749682164822	0.92129285181537
7.3622902259332	0.92169824428355
7.3496557489581	0.92209821556627
7.3370645619187	0.92249274126640
7.3245164427071	0.92288179727529
7.3120111707317	0.92326535977624
7.2995485269053	0.92364340524791
7.2871282936315	0.92401591046773
7.2747502547925	0.92438285251521
7.2624141957364	0.92474420877529
7.2501199032648	0.92509995694160
7.2378671656205	0.92545007501967
7.2256557724753	0.92579454133020
7.2134855149182	0.92613333451213
7.2013561854432	0.92646643352578
7.1892675779376	0.92679381765596
7.1772194876706	0.92711546651495
7.1652117112811	0.92743136004548
7.1532440467669	0.92774147852371
7.1413162934731	0.92804580256207
7.1294282520809	0.92834431311215
7.1175797245964	0.92863699146745
7.1057705143399	0.92892381926616
7.0940004259347	0.92920477849385
7.0822692652965	0.92947985148611
7.0705768396226	0.92974902093117
7.0589229573817	0.93001226987241
7.0473074283028	0.93026958171089
7.0357300633654	0.93052094020776
7.0241906747891	0.93076632948668
7.0126890760234	0.93100573403611
7.0012250817375	0.93123913871165
6.9897985078107	0.93146652873819
6.9784091713222	0.93168788971214
6.9670568905415	0.93190320760350
6.9557414849188	0.93211246875795
6.9444627750753	0.93231565989878
6.9332205827937	0.93251276812892
6.9220147310090	0.93270378093274
6.9108450437990	0.93288868617789
6.8997113463751	0.93306747211710
6.8886134650735	0.93324012738981
6.8775512273457	0.93340664102386
6.8665244617499	0.93356700243707
6.8555329979419	0.93372120143870
6.8445766666667	0.93386922823097
6.8336552997493	0.93401107341041
6.8227687300865	0.93414672796922
6.8119167916383	0.93427618329651
6.8010993194192	0.93439943117949
6.7903161494904	0.93451646380468
6.7795671189507	0.93462727375891
6.7688520659291	0.93473185403036
6.7581708295762	0.93483019800952
6.7475232500563	0.93492229949006
6.7369091685393	0.93500815266967
6.7263284271932	0.93508775215079
6.7157808691756	0.93516109294129
6.7052663386267	0.93522817045515
6.6947846806610	0.93528898051297
6.6843357413601	0.93534351934247
6.6739193677649	0.93539178357897
6.6635354078684	0.93543377026568
6.6531837106081	0.93546947685406
6.6428641258586	0.93549890120403
6.6325765044248	0.93552204158416
6.6223206980340	0.93553889667173
6.6120965593295	0.93554946555284
6.6019039418630	0.93555374772231
6.5917427000879	0.93555174308368
6.5816126893524	0.93554345194896
6.5715137658922	0.93552887503848
6.5614457868243	0.93550801348061
6.5514086101399	0.93548086881136
6.5414020946978	0.93544744297403
6.5314261002179	0.93540773831870
6.5214804872743	0.93536175760172
6.5115651172893	0.93530950398508
6.5016798525266	0.93525098103580
6.4918245560849	0.93518619272515
6.4819990918919	0.93511514342790
6.4722033246978	0.93503783792146
6.4624371200690	0.93495428138499
6.4527003443823	0.93486447939839
6.4429928648184	0.93476843794132
6.4333145493562	0.93466616339209
6.4236652667667	0.93455766252649
6.4140448866068	0.93444294251662
6.4044532792138	0.93432201092960
6.3948903156997	0.93419487572624
6.3853558679446	0.93406154525968
6.3758498085921	0.93392202827394
6.3663720110427	0.93377633390241
6.3569223494487	0.93362447166632
6.3475006987084	0.93346645147312
6.3381069344609	0.93330228361481
6.3287409330800	0.93313197876626
6.3194025716695	0.93295554798338
6.3100917280572	0.93277300270135
6.3008082807902	0.93258435473271
6.2915521091291	0.93238961626545
6.2823230930427	0.93218879986103
6.2731211132036	0.93198191845235
6.2639460509820	0.93176898534164
6.2547977884415	0.93155001419839
6.2456762083333	0.93132501905713
6.2365811940919	0.93109401431522
6.2275126298297	0.93085701473056
6.2184704003319	0.93061403541930
6.2094543910522	0.93036509185347
6.2004644881075	0.93011019985856
6.1915005782734	0.92984937561107
6.1825625489792	0.92958263563602
6.1736502883031	0.92930999680443
6.1647636849681	0.92903147633069
6.1559026283368	0.92874709176999
6.1470670084068	0.92845686101565
6.1382567158067	0.92816080229639
6.1294716417910	0.92785893417362
6.1207116782360	0.92755127553867
6.1119767176351	0.92723784560995
6.1032666530945	0.92691866393012
6.0945813783289	0.92659375036320
6.0859207876573	0.92626312509166
6.0772847759984	0.92592680861346
6.0686732388664	0.92558482173904
6.0600860723671	0.92523718558838
6.0515231731934	0.92488392158785
6.0429844386212	0.92452505146722
6.0344697665056	0.92416059725650
6.0259790552764	0.92379058128283
6.0175122039342	0.92341502616729
6.0090691120465	0.92303395482176
6.0006496797438	0.92264739044564
5.9922538077154	0.92225535652266
5.9838813972056	0.92185787681758
5.9755323500100	0.92145497537292
5.9672065684713	0.92104667650566
5.9589039554760	0.92063300480385
5.9506244144502	0.92021398512335
5.9423678493558	0.91978964258437
5.9341341646873	0.91936000256810
5.9259232654675	0.91892509071333
5.9177350572444	0.91848493291300
5.9095694460871	0.91803955531073
5.9014263385827	0.91758898429738
5.8933056418321	0.91713324650761
5.8852072634472	0.91667236881631
5.8771311115468	0.91620637833516
5.8690770947533	0.91573530240908
5.8610451221896	0.91525916861272
5.8530351034752	0.91477800474690
5.8450469487229	0.91429183883509
5.8370805685358	0.91380069911982
5.8291358740035	0.91330461405912
5.8212127766990	0.91280361232296
5.8133111886756	0.91229772278965
5.8054310224632	0.91178697454225
5.7975721910656	0.91127139686500
5.7897346079567	0.91075101923967
5.7819181870781	0.91022587134202
5.7741228428351	0.90969598303816
5.7663484900942	0.90916138438091
5.7585950441798	0.90862210560627
5.7508624208709	0.90807817712971
5.7431505363985	0.90752962954265
5.7354593074421	0.90697649360877
5.7277886511272	0.90641880026045
5.7201384850219	0.90585658059515
5.7125087271341	0.90528986587179
5.7048992959087	0.90471868750713
5.6973101102242	0.90414307707223
5.6897410893908	0.90356306628879
5.6821921531463	0.90297868702559
5.6746632216544	0.90238997129490
5.6671542155009	0.90179695124891
5.6596650556919	0.90119965917612
5.6521956636501	0.90059812749784
5.6447459612126	0.89999238876456
5.6373158706281	0.89938247565247
5.6299053145540	0.89876842095985
5.6225142160540	0.89815025760362
5.6151424985952	0.89752801861576
5.6077900860456	0.89690173713982
5.6004569026714	0.89627144642743
5.5931428731343	0.89563717983482
5.5858479224893	0.89499897081934
5.5785719761816	0.89435685293599
5.5713149600446	0.89371085983399
5.5640768002970	0.89306102525336
5.5568574235403	0.89240738302146
5.5496567567568	0.89174996704963
5.5424747273063	0.89108881132981
5.5353112629247	0.89042394993112
5.5281662917204	0.88975541699653
5.5210397421731	0.88908324673956
5.5139315431304	0.88840747344090
5.5068416238060	0.88772813144514
5.4997699137773	0.88704525515747
5.4927163429828	0.88635887904044
5.4856808417200	0.88566903761068
5.4786633406433	0.88497576543569
5.4716637707611	0.88427909713061
5.4646820634342	0.88357906735508
5.4577181503732	0.88287571081000
5.4507719636364	0.88216906223445
5.4438434356274	0.88145915640249
5.4369324990932	0.88074602812014
5.4300390871219	0.88002971222221
5.4231631331404	0.87931024356928
5.4163045709124	0.87858765704467
5.4094633345363	0.87786198755138
5.4026393584430	0.87713327000913
5.3958325773938	0.87640153935135
5.3890429264785	0.87566683052229
5.3822703411131	0.87492917847399
5.3755147570378	0.87418861816350
5.3687761103152	0.87344518454990
5.3620543373278	0.87269891259148
5.3553493747767	0.87194983724293
5.3486611596789	0.87119799345248
5.3419896293656	0.87044341615917
5.3353347214807	0.86968614029006
5.3286963739780	0.86892620075748
5.3220745251198	0.86816363245639
5.3154691134752	0.86739847026160
5.3088800779175	0.86663074902521
5.3023073576229	0.86586050357388
5.2957508920685	0.86508776870631
5.2892106210303	0.86431257919060
5.2826864845815	0.86353496976174
5.2761784230905	0.86275497511901
5.2696863772192	0.86197262992356
5.2632102879213	0.86118796879588
5.2567500964405	0.86040102631338
5.2503057443082	0.85961183700791
5.2438771733427	0.85882043536344
5.2374643256464	0.85802685581363
5.2310671436050	0.85723113273950
5.2246855698850	0.85643330046713
5.2183195474326	0.85563339326534
5.2119690194715	0.85483144534344
5.2056339295016	0.85402749084899
5.1993142212973	0.85322156386559
5.1930098389052	0.85241369841068
5.1867207266436	0.85160392843341
5.1804468290997	0.85079228781249
5.1741880911288	0.84997881035407
5.1679444578521	0.84916352978971
5.1617158746556	0.84834647977428
5.1555022871883	0.84752769388395
5.1493036413604	0.84670720561422
5.1431198833419	0.84588504837792
5.1369509595613	0.84506125550326
5.1307968167037	0.84423586023194
5.1246574017094	0.84340889571726
5.1185326617722	0.84258039502222
5.1124225443383	0.84175039111773
5.1063269971044	0.84091891688075
5.1002459680163	0.84008600509255
5.0941794052676	0.83925168843695
5.0881272572980	0.83841599949855
5.0820894727920	0.83757897076105
5.0760660006773	0.83674063460561
5.0700567901235	0.83590102330911
5.0640617905405	0.83506016904261
5.0580809515775	0.83421810386970
5.0521142231210	0.83337485974495
5.0461615552937	0.83253046851235
5.0402228984533	0.83168496190379
5.0342982031906	0.83083837153757
5.0283874203287	0.82999072891692
5.0224905009214	0.82914206542858
5.0166073962517	0.82829241234132
5.0107380578305	0.82744180080463
5.0048824373957	0.82659026184729
4.9990404869101	0.82573782637605
4.9932121585610	0.82488452517429
4.9873974047579	0.82403038890076
4.9815961781323	0.82317544808828
4.9758084315353	0.82231973314254
4.9700341180371	0.82146327434080
4.9642731909256	0.82060610183080
4.9585256037049	0.81974824562948
4.9527913100942	0.81888973562194
4.9470702640264	0.81803060156023
4.9413624196473	0.81717087306230
4.9356677313138	0.81631057961092
4.9299861535932	0.81544975055260
4.9243176412615	0.81458841509661
4.9186621493027	0.81372660231395
4.9130196329072	0.81286434113636
4.9073900474709	0.81200166035538
4.9017733485939	0.81113858862141
4.8961694920790	0.81027515444280
4.8905784339315	0.80941138618497
4.8850001303569	0.80854731206952
4.8794345377604	0.80768296017343
4.8738816127459	0.80681835842818
4.8683413121143	0.80595353461902
4.8628135928629	0.80508851638412
4.8572984121841	0.80422333121388
4.8517957274640	0.80335800645018
4.8463054962819	0.80249256928563
4.8408276764088	0.80162704676294
4.8353622258065	0.80076146577421
4.8299091026261	0.79989585306030
4.8244682652076	0.79903023521020
4.8190396720784	0.79816463866044
4.8136232819525	0.79729908969448
4.8082190537289	0.79643361444217
4.8028269464915	0.79556823887917
4.7974469195071	0.79470298882651
4.7920789322251	0.79383788994998
4.7867229442759	0.79297296775972
4.7813789154705	0.79210824760976
4.7760468057989	0.79124375469753
4.7707265754297	0.79037951406348
4.7654181847083	0.78951555059064
4.7601215941569	0.78865188900429
4.7548367644726	0.78778855387153
4.7495636565272	0.78692556960099
4.7443022313657	0.78606296044246
4.7390524502055	0.78520075048662
4.7338142744355	0.78433896366472
4.7285876656151	0.78347762374832
4.7233725854735	0.78261675434903
4.7181689959081	0.78175637891830
4.7129768589844	0.78089652074717
4.7077961369347	0.78003720296609
4.7026267921569	0.77917844854475
4.6974687872140	0.77832028029186
4.6923220848333	0.77746272085508
4.6871866479049	0.77660579272083
4.6820624394815	0.77574951821423
4.6769494227769	0.77489391949895
4.6718475611657	0.77403901857715
4.6667568181818	0.77318483728945
4.6616771575183	0.77233139731485
4.6566085430258	0.77147872017071
4.6515509387122	0.77062682721271
4.6465043087415	0.76977573963493
4.6414686174330	0.76892547846976
4.6364438292607	0.76807606458804
4.6314299088522	0.76722751869903
4.6264268209877	0.76637986135053
4.6214345305997	0.76553311292891
4.6164530027718	0.76468729365926
4.6114822027380	0.76384242360545
4.6065220958820	0.76299852267031
4.6015726477360	0.76215561059571
4.5966338239804	0.76131370696276
4.5917055904426	0.76047283119195
4.5867879130967	0.75963300254337
4.5818807580621	0.75879424011687
4.5769840916031	0.75795656285229
4.5720978801281	0.75711998952967
4.5672220901889	0.75628453876951
4.5623566884797	0.75545022903303
4.5575016418364	0.75461707862240
4.5526569172361	0.75378510568104
4.5478224817961	0.75295432819392
4.5429983027731	0.75212476398785
4.5381843475628	0.75129643073180
4.5333805836988	0.75046934593726
4.5285869788520	0.74964352695854
4.5238035008299	0.74881899099314
4.5190301175761	0.74799575508214
4.5142667971691	0.74717383611057
4.5095135078219	0.74635325080777
4.5047702178813	0.74553401574783
4.5000368958271	0.74471614735003
4.4953135102714	0.74389966187919
4.4906000299581	0.74308457544617
4.4858964237618	0.74227090400831
4.4812026606876	0.74145866336988
4.4765187098701	0.74064786918257
4.4718445405728	0.73983853694593
4.4671801221875	0.73903068200794
4.4625254242334	0.73822431956542
4.4578804163569	0.73741946466464
4.4532450683304	0.73661613220178
4.4486193500519	0.73581433692348
4.4440032315446	0.73501409342741
4.4393966829557	0.73421541616281
4.4347996745562	0.73341831943103
4.4302121767401	0.73262281738615
4.4256341600236	0.73182892403554
4.4210655950450	0.73103665324047
4.4165064525633	0.73024601871668
4.4119567034584	0.72945703403503
4.4074163187298	0.72866971262211
4.4028852694963	0.72788406776085
4.3983635269953	0.72710011259120
4.3938510625824	0.72631786011073
4.3893478477306	0.72553732317534
4.3848538540295	0.72475851449986
4.3803690531853	0.72398144665880
4.3758934170194	0.72320613208696
4.3714269174686	0.72243258308015
4.3669695265841	0.72166081179590
4.3625212165309	0.72089083025414
4.3580819595871	0.72012265033793
4.3536517281441	0.71935628379415
4.3492304947048	0.71859174223428
4.3448182318841	0.71782903713508
4.3404149124077	0.71706817983935
4.3360205091119	0.71630918155670
4.3316349949429	0.71555205336427
4.3272583429561	0.71479680620750
4.3228905263158	0.71404345090092
4.3185315182944	0.71329199812890
4.3141812922723	0.71254245844644
4.3098398217366	0.71179484227995
4.3055070802815	0.71104915992804
4.3011830416069	0.71030542156236
4.2968676795184	0.70956363722832
4.2925609679267	0.70882381684597
4.2882628808468	0.70808597021081
4.2839733923978	0.70735010699458
4.2796924768023	0.70661623674608
4.2754201083856	0.70588436889205
4.2711562615757	0.70515451273797
4.2669009109024	0.70442667746889
4.2626540309967	0.70370087215030
4.2584155965909	0.70297710572898
4.2541855825174	0.70225538703383
4.2499639637085	0.70153572477675
4.2457507151961	0.70081812755351
4.2415458121109	0.70010260384457
4.2373492296820	0.69938916201603
4.2331609432364	0.69867781032041
4.2289809281986	0.69796855689761
4.2248091600902	0.69726140977574
4.2206456145291	0.69655637687204
4.2164902672293	0.69585346599374
4.2123430940003	0.69515268483896
4.2082040707468	0.69445404099762
4.2040731734680	0.69375754195232
4.1999503782572	0.69306319507925
4.1958356613016	0.69237100764909
4.1917289988814	0.69168098682791
4.1876303673697	0.69099313967808
4.1835397432319	0.69030747315921
4.1794571030252	0.68962399412900
4.1753824233983	0.68894270934422
4.1713156810909	0.68826362546159
4.1672568529330	0.68758674903871
4.1632059158450	0.68691208653496
4.1591628468368	0.68623964431247
4.1551276230076	0.68556942863699
4.1511002215453	0.68490144567884
4.1470806197261	0.68423570151384
4.1430687949143	0.68357220212422
4.1390647245616	0.68291095339958
4.1350683862069	0.68225196113776
4.1310797574755	0.68159523104584
4.1270988160793	0.68094076874102
4.1231255398157	0.68028857975156
4.1191599065677	0.67963866951774
4.1152018943034	0.67899104339275
4.1112514810752	0.67834570664364
4.1073086450199	0.67770266445226
4.1033733643581	0.67706192191618
4.0994456173937	0.67642348404962
4.0955253825137	0.67578735578437
4.0916126381875	0.67515354197077
4.0877073629670	0.67452204737857
4.0838095354856	0.67389287669791
4.0799191344584	0.67326603454021
4.0760361386812	0.67264152543914
4.0721605270307	0.67201935385151
4.0682922784638	0.67139952415821
4.0644313720174	0.67078204066513
4.0605777868075	0.67016690760409
4.0567315020298	0.66955412913374
4.0528924969582	0.66894370934050
4.0490607509454	0.66833565223947
4.0452362434219	0.66772996177534
4.0414189538959	0.66712664182331
4.0376088619529	0.66652569619001
4.0338059472551	0.66592712861438
4.0300101895416	0.66533094276861
4.0262215686274	0.66473714225901
4.0224400644036	0.66414573062694
4.0186656568365	0.66355671134971
4.0148983259676	0.66297008784144
4.0111380519133	0.66238586345400
4.0073848148643	0.66180404147787
4.0036385950855	0.66122462514304
3.9998993729153	0.66064761761988
3.9961671287657	0.66007302202003
3.9924418431216	0.65950084139728
3.9887234965407	0.65893107874845
3.9850120696531	0.65836373701424
3.9813075431607	0.65779881908010
3.9776098978373	0.65723632777711
3.9739191145281	0.65667626588281
3.9702351741491	0.65611863612208
3.9665580576872	0.65556344116799
3.9628877461996	0.65501068364262
3.9592242208135	0.65446036611792
3.9555674627260	0.65391249111654
3.9519174532033	0.65336706111267
3.9482741735809	0.65282407853285
3.9446376052632	0.65228354575682
3.9410077297226	0.65174546511830
3.9373845285001	0.65120983890585
3.9337679832043	0.65067666936362
3.9301580755113	0.65014595869220
3.9265547871644	0.64961770904940
3.9229580999738	0.64909192255102
3.9193679958164	0.64856860127167
3.9157844566353	0.64804774724553
3.9122074644395	0.64752936246712
3.9086370013038	0.64701344889208
3.9050730493682	0.64650000843792
3.9015155908381	0.64598904298480
3.8979646079834	0.64548055437625
3.8944200831385	0.64497454441991
3.8908819987021	0.64447101488832
3.8873503371369	0.64396996751957
3.8838250809690	0.64347140401809
3.8803062127880	0.64297532605535
3.8767937152463	0.64248173527055
3.8732875710594	0.64199063327133
3.8697877630050	0.64150202163450
3.8662942739231	0.64101590190667
3.8628070867156	0.64053227560499
3.8593261843460	0.64005114421780
3.8558515498392	0.63957250920529
3.8523831662812	0.63909637200015
3.8489210168186	0.63862273400829
3.8454650846588	0.63815159660938
3.8420153530693	0.63768296115758
3.8385718053777	0.63721682898213
3.8351344249712	0.63675320138795
3.8317031952965	0.63629207965631
3.8282780998595	0.63583346504538
3.8248591222251	0.63537735879087
3.8214462460166	0.63492376210658
3.8180394549159	0.63447267618501
3.8146387326632	0.63402410219793
3.8112440630562	0.63357804129693
3.8078554299505	0.63313449461398
3.8044728172589	0.63269346326200
3.8010962089514	0.63225494833534
3.7977255890550	0.63181895091038
3.7943609416530	0.63138547204600
3.7910022508852	0.63095451278411
3.7876495009476	0.63052607415016
3.7843026760919	0.63010015715360
3.7809617606256	0.62967676278841
3.7776267389113	0.62925589203353
3.7742975953670	0.62883754585335
3.7709743144654	0.62842172519818
3.7676568807339	0.62800843100466
3.7643452787544	0.62759766419620
3.7610394931627	0.62718942568344
3.7577395086488	0.62678371636464
3.7544453099562	0.62638053712609
3.7511568818819	0.62597988884253
3.7478742092762	0.62558177237748
3.7445972770422	0.62518618858368
3.7413260701360	0.62479313830343
3.7380605735661	0.62440262236895
3.7348007723932	0.62401464160271
3.7315466517301	0.62362919681779
3.7282981967417	0.62324628881820
3.7250553926441	0.62286591839920
3.7218182247052	0.62248808634757
3.7185866782436	0.62211279344196
3.7153607386293	0.62174004045313
3.7121403912828	0.62136982814424
3.7089256216751	0.62100215727113
3.7057164153276	0.62063702858251
3.7025127578115	0.62027444282029
3.6993146347483	0.61991440071973
3.6961220318087	0.61955690300972
3.6929349347130	0.61920195041294
3.6897533292308	0.61884954364607
3.6865772011805	0.61849968342001
3.6834065364295	0.61815237044001
3.6802413208937	0.61780760540585
3.6770815405372	0.61746538901200
3.6739271813725	0.61712572194776
3.6707782294600	0.61678860489736
3.6676346709078	0.61645403854014
3.6644964918714	0.61612202355060
3.6613636785540	0.61579256059850
3.6582362172056	0.61546565034898
3.6551140941234	0.61514129346262
3.6519972956511	0.61481949059547
3.6488858081792	0.61450024239914
3.6457796181442	0.61418354952082
3.6426787120292	0.61386941260330
3.6395830763628	0.61355783228501
3.6364926977196	0.61324880919998
3.6334075627197	0.61294234397788
3.6303276580286	0.61263843724397
3.6272529703569	0.61233708961907
3.6241834864603	0.61203830171955
3.6211191931393	0.61174207415721
3.6180600772387	0.61144840753928
3.6150061256481	0.61115730246829
3.6119573253012	0.61086875954202
3.6089136631756	0.61058277935336
3.6058751262930	0.61029936249024
3.6028417017185	0.61001850953547
3.5998133765610	0.60974022106660
3.5967901379724	0.60946449765580
3.5937719731479	0.60919133986968
3.5907588693257	0.60892074826911
3.5877508137865	0.60865272340905
3.5847477938539	0.60838726583836
3.5817497968937	0.60812437609957
3.5787568103140	0.60786405472868
3.5757688215649	0.60760630225490
3.5727858181385	0.60735111920047
3.5698077875685	0.60709850608033
3.5668347174301	0.60684846340189
3.5638665953400	0.60660099166478
3.5609034089559	0.60635609136048
3.5579451459767	0.60611376297213
3.5549917941421	0.60587400697411
3.5520433412322	0.60563682383180
3.5490997750681	0.60540221400118
3.5461610835108	0.60517017792855
3.5432272544616	0.60494071605011
3.5402982758621	0.60471382879162
3.5373741356932	0.60448951656803
3.5344548219759	0.60426777978308
3.5315403227706	0.60404861882887
3.5286306261770	0.60383203408551
3.5257257203340	0.60361802592064
3.5228255934195	0.60340659468900
3.5199302336503	0.60319774073201
3.5170396292820	0.60299146437731
3.5141537686086	0.60278776593829
3.5112726399625	0.60258664571357
3.5083962317145	0.60238810398658
3.5055245322732	0.60219214102504
3.5026575300853	0.60199875708040
3.4997952136353	0.60180795238741
3.4969375714452	0.60161972716350
3.4940845920746	0.60143408160832
3.4912362641202	0.60125101590313
3.4883925762160	0.60107053021027
3.4855535170329	0.60089262467260
3.4827190752788	0.60071729941290
3.4798892396982	0.60054455453329
3.4770639990721	0.60037439011462
3.4742433422181	0.60020680621591
3.4714272579898	0.60004180287366
3.4686157352771	0.59987938010131
3.4658087630058	0.59971953788853
3.4630063301375	0.59956227620062
3.4602084256694	0.59940759497785
3.4574150386345	0.59925549413482
3.4546261581009	0.59910597355973
3.4518417731721	0.59895903311378
3.4490618729867	0.59881467263045
3.4462864467180	0.59867289191480
3.4435154835745	0.59853369074279
3.4407489727993	0.59839706886055
3.4379869036697	0.59826302598370
3.4352292654979	0.59813156179660
3.4324760476300	0.59800267595162
3.4297272394463	0.59787636806842
3.4269828303612	0.59775263773321
3.4242428098230	0.59763148449798
3.4215071673134	0.59751290787976
3.4187758923480	0.59739690735985
3.4160489744758	0.59728348238308
3.4133264032791	0.59717263235698
3.4106081683732	0.59706435665106
3.4078942594066	0.59695865459600
3.4051846660609	0.59685552548286
3.4024793780502	0.59675496856228
3.3997783851213	0.59665698304369
3.3970816770538	0.59656156809453
3.3943892436594	0.59646872283937
3.3917010747822	0.59637844635920
3.3890171602984	0.59629073769050
3.3863374901163	0.59620559582453
3.3836620541761	0.59612301970644
3.3809908424495	0.59604300823444
3.3783238449403	0.59596556025902
3.3756610516834	0.59589067458207
3.3730024527453	0.59581834995607
3.3703480382237	0.59574858508324
3.3676977982476	0.59568137861472
3.3650517229768	0.59561672914971
3.3624098026021	0.59555463523463
3.3597720273451	0.59549509536230
3.3571383874580	0.59543810797107
3.3545088732237	0.59538367144397
3.3518834749553	0.59533178410789
3.3492621829963	0.59528244423272
3.3466449877205	0.59523565003050
3.3440318795315	0.59519139965459
3.3414228488631	0.59514969119881
3.3388178861789	0.59511052269659
3.3362169819720	0.59507389212015
3.3336201267653	0.59503979737965
3.3310273111111	0.59500823632235
