#Parameters = {thARC=0; nARC=3; thsub=1; p=1; nSub=4.5}
#"Wavelength / um"	"T (805) [Real Part]"
#---------------------------------------
14.989622900000	0.59504084805109
14.937342202292	0.59508454594257
14.885424925521	0.59512695512066
14.833867293419	0.59516809362840
14.782665581854	0.59520797942419
14.731816117936	0.59524663038025
14.681315279138	0.59528406428113
14.631159492435	0.59532029882221
14.581345233463	0.59535535160831
14.531869025691	0.59538924015222
14.482727439614	0.59542198187339
14.433917091960	0.59545359409650
14.385434644914	0.59548409405023
14.337276805356	0.59551349886588
14.289440324118	0.59554182557618
14.241921995249	0.59556909111402
14.194718655303	0.59559531231125
14.147827182633	0.59562050589752
14.101244496707	0.59564468849912
14.054967557431	0.59566787663788
14.008993364486	0.59569008673009
13.963318956684	0.59571133508542
13.917941411328	0.59573163790588
13.872857843591	0.59575101128488
13.828065405904	0.59576947120620
13.783561287356	0.59578703354305
13.739342713107	0.59580371405720
13.695406943810	0.59581952839803
13.651751275046	0.59583449210173
13.608373036768	0.59584862059043
13.565269592760	0.59586192917139
13.522438340099	0.59587443303624
13.479876708633	0.59588614726025
13.437582160466	0.59589708680155
13.395552189455	0.59590726650047
13.353784320713	0.59591670107889
13.312276110124	0.59592540513953
13.271025143869	0.59593339316539
13.230029037952	0.59594067951914
13.189285437747	0.59594727844255
13.148792017544	0.59595320405595
13.108546480105	0.59595847035770
13.068546556234	0.59596309122373
13.028790004346	0.59596708040705
12.989274610052	0.59597045153733
12.949998185745	0.59597321812044
12.910958570198	0.59597539353812
12.872153628167	0.59597699104755
12.833581250000	0.59597802378104
12.795239351259	0.59597850474572
12.757125872340	0.59597844682320
12.719238778108	0.59597786276933
12.681576057530	0.59597676521392
12.644135723323	0.59597516666056
12.606915811606	0.59597307948635
12.569914381551	0.59597051594176
12.533129515050	0.59596748815043
12.496559316382	0.59596400810907
12.460201911887	0.59596008768732
12.424055449648	0.59595573862763
12.388118099174	0.59595097254523
12.352388051092	0.59594580092802
12.316863516845	0.59594023513657
12.281542728390	0.59593428640409
12.246423937908	0.59592796583642
12.211505417515	0.59592128441210
12.176785458976	0.59591425298234
12.142262373431	0.59590688227115
12.107934491115	0.59589918287538
12.073800161095	0.59589116526481
12.039857751004	0.59588283978232
12.006105646776	0.59587421664398
11.972542252396	0.59586530593921
11.939165989646	0.59585611763097
11.905975297855	0.59584666155592
11.872968633663	0.59583694742465
11.840144470774	0.59582698482191
11.807501299724	0.59581678320681
11.775037627651	0.59580635191311
11.742751978065	0.59579570014950
11.710642890625	0.59578483699985
11.678708920919	0.59577377142354
11.646948640249	0.59576251225579
11.615360635413	0.59575106820796
11.583943508501	0.59573944786792
11.552695876686	0.59572765970043
11.521616372022	0.59571571204749
11.490703641242	0.59570361312875
11.459956345566	0.59569137104191
11.429373160503	0.59567899376314
11.398952775665	0.59566648914753
11.368693894577	0.59565386492952
11.338595234493	0.59564112872336
11.308655526217	0.59562828802360
11.278873513920	0.59561535020556
11.249247954972	0.59560232252584
11.219777619760	0.59558921212283
11.190461291527	0.59557602601722
11.161297766195	0.59556277111254
11.132285852209	0.59554945419572
11.103424370370	0.59553608193764
11.074712153676	0.59552266089368
11.046148047163	0.59550919750432
11.017730907755	0.59549569809571
10.989459604106	0.59548216888032
10.961333016453	0.59546861595746
10.933350036470	0.59545504531399
10.905509567115	0.59544146282490
10.877810522496	0.59542787425395
10.850251827723	0.59541428525433
10.822832418773	0.59540070136934
10.795551242348	0.59538712803301
10.768407255747	0.59537357057078
10.741399426729	0.59536003420023
10.714526733381	0.59534652403172
10.687788163993	0.59533304506912
10.661182716927	0.59531960221051
10.634709400497	0.59530620024886
10.608367232838	0.59529284387283
10.582155241793	0.59527953766741
10.556072464789	0.59526628611472
10.530117948718	0.59525309359474
10.504290749825	0.59523996438602
10.478589933590	0.59522690266649
10.453014574616	0.59521391251421
10.427563756522	0.59520099790809
10.402236571825	0.59518816272875
10.377032121841	0.59517541075922
10.351949516575	0.59516274568576
10.326987874612	0.59515017109866
10.302146323024	0.59513769049302
10.277423997257	0.59512530726957
10.252820041040	0.59511302473542
10.228333606278	0.59510084610496
10.203963852961	0.59508877450061
10.179709949066	0.59507681295364
10.155571070461	0.59506496440503
10.131546400811	0.59505323170626
10.107635131490	0.59504161762018
10.083836461487	0.59503012482180
10.060149597315	0.59501875589916
10.036573752929	0.59500751335415
10.013108149633	0.59499639960339
9.9897520159947	0.59498541697903
9.9665045877660	0.59497456772964
9.9433651077944	0.59496385402103
9.9203328259431	0.59495327793713
9.8974069990096	0.59494284148085
9.8745868906456	0.59493254657490
9.8518717712783	0.59492239506273
9.8292609180328	0.59491238870930
9.8067536146549	0.59490252920201
9.7843491514360	0.59489281815155
9.7620468251384	0.59488325709277
9.7398459389214	0.59487384748554
9.7177458022690	0.59486459071564
9.6957457309185	0.59485548809562
9.6738450467893	0.59484654086566
9.6520430779137	0.59483775019449
9.6303391583681	0.59482911718021
9.6087326282051	0.59482064285120
9.5872228333866	0.59481232816699
9.5658091257179	0.59480417401913
9.5444908627826	0.59479618123207
9.5232674078780	0.59478835056403
9.5021381299525	0.59478068270790
9.4811024035421	0.59477317829207
9.4601596087094	0.59476583788137
9.4393091309824	0.59475866197788
9.4185503612944	0.59475165102185
9.3978826959248	0.59474480539256
9.3773055364404	0.59473812540919
9.3568182896380	0.59473161133168
9.3364203674868	0.59472526336164
9.3161111870727	0.59471908164319
9.2958901705426	0.59471306626382
9.2757567450495	0.59470721725530
9.2557103426984	0.59470153459451
9.2357504004929	0.59469601820429
9.2158763602828	0.59469066795437
9.1960876687117	0.59468548366216
9.1763837771656	0.59468046509365
9.1567641417227	0.59467561196425
9.1372282231027	0.59467092393966
9.1177754866180	0.59466640063671
9.0984054021244	0.59466204162421
9.0791174439733	0.59465784642381
9.0599110909640	0.59465381451085
9.0407858262967	0.59464994531518
9.0217411375263	0.59464623822203
9.0027765165165	0.59464269257281
8.9838914593947	0.59463930766599
8.9650854665072	0.59463608275792
8.9463580423754	0.59463301706361
8.9277086956522	0.59463010975764
8.9091369390788	0.59462735997493
8.8906422894425	0.59462476681157
8.8722242675348	0.59462232932562
8.8538823981099	0.59462004653796
8.8356162098438	0.59461791743309
8.8174252352941	0.59461594095991
8.7993090108600	0.59461411603255
8.7812670767428	0.59461244153115
8.7632989769073	0.59461091630267
8.7454042590432	0.59460953916167
8.7275824745269	0.59460830889112
8.7098331783847	0.59460722424316
8.6921559292549	0.59460628393986
8.6745502893519	0.59460548667406
8.6570158244297	0.59460483111008
8.6395521037464	0.59460431588450
8.6221587000288	0.59460393960695
8.6048351894374	0.59460370086084
8.5875811515325	0.59460359820411
8.5703961692396	0.59460363017002
8.5532798288160	0.59460379526782
8.5362317198178	0.59460409198358
8.5192514350668	0.59460451878084
8.5023385706183	0.59460507410141
8.4854927257288	0.59460575636603
8.4687135028249	0.59460656397514
8.4520005074711	0.59460749530959
8.4353533483399	0.59460854873132
8.4187716371806	0.59460972258409
8.4022549887892	0.59461101519417
8.3858030209790	0.59461242487104
8.3694153545505	0.59461394990808
8.3530916132627	0.59461558858323
8.3368314238042	0.59461733915973
8.3206344157646	0.59461919988671
8.3045002216066	0.59462116899993
8.2884284766381	0.59462324472241
8.2724188189845	0.59462542526506
8.2564708895621	0.59462770882741
8.2405843320506	0.59463009359816
8.2247587928669	0.59463257775591
8.2089939211391	0.59463515946971
8.1932893686800	0.59463783689975
8.1776447899618	0.59464060819798
8.1620598420909	0.59464347150867
8.1465341847826	0.59464642496909
8.1310674803363	0.59464946671006
8.1156593936113	0.59465259485661
8.1003095920022	0.59465580752851
8.0850177454153	0.59465910284088
8.0697835262450	0.59466247890479
8.0546066093498	0.59466593382782
8.0394866720300	0.59466946571462
8.0244233940043	0.59467307266749
8.0094164573871	0.59467675278693
7.9944655466667	0.59468050417217
7.9795703486825	0.59468432492175
7.9647305526036	0.59468821313404
7.9499458499072	0.59469216690777
7.9352159343568	0.59469618434255
7.9205405019815	0.59470026353940
7.9059192510549	0.59470440260126
7.8913518820742	0.59470859963349
7.8768380977404	0.59471285274437
7.8623776029373	0.59471716004562
7.8479701047120	0.59472151965282
7.8336153122550	0.59472592968599
7.8193129368805	0.59473038826996
7.8050626920073	0.59473489353490
7.7908642931393	0.59473944361677
7.7767174578470	0.59474403665778
7.7626219057483	0.59474867080680
7.7485773584906	0.59475334421985
7.7345835397317	0.59475805506051
7.7206401751223	0.59476280150034
7.7067469922879	0.59476758171932
7.6929037208109	0.59477239390626
7.6791100922131	0.59477723625919
7.6653658399386	0.59478210698580
7.6516706993364	0.59478700430378
7.6380244076433	0.59479192644127
7.6244267039674	0.59479687163719
7.6108773292714	0.59480183814163
7.5973760263558	0.59480682421625
7.5839225398432	0.59481182813458
7.5705166161616	0.59481684818243
7.5571580035291	0.59482188265822
7.5438464519376	0.59482692987331
7.5305817131374	0.59483198815233
7.5173635406219	0.59483705583355
7.5041916896120	0.59484213126915
7.4910659170415	0.59484721282557
7.4779859815415	0.59485229888380
7.4649516434263	0.59485738783968
7.4519626646781	0.59486247810420
7.4390188089330	0.59486756810382
7.4261198414664	0.59487265628068
7.4132655291790	0.59487774109293
7.4004556405826	0.59488282101499
7.3876899457861	0.59488789453781
7.3749682164822	0.59489296016910
7.3622902259332	0.59489801643361
7.3496557489581	0.59490306187336
7.3370645619187	0.59490809504788
7.3245164427071	0.59491311453441
7.3120111707317	0.59491811892819
7.2995485269053	0.59492310684259
7.2871282936315	0.59492807690937
7.2747502547925	0.59493302777889
7.2624141957364	0.59493795812028
7.2501199032648	0.59494286662162
7.2378671656205	0.59494775199017
7.2256557724753	0.59495261295252
7.2134855149182	0.59495744825472
7.2013561854432	0.59496225666253
7.1892675779376	0.59496703696150
7.1772194876706	0.59497178795717
7.1652117112811	0.59497650847518
7.1532440467669	0.59498119736144
7.1413162934731	0.59498585348226
7.1294282520809	0.59499047572442
7.1175797245964	0.59499506299539
7.1057705143399	0.59499961422336
7.0940004259347	0.59500412835736
7.0822692652965	0.59500860436742
7.0705768396226	0.59501304124460
7.0589229573817	0.59501743800109
7.0473074283028	0.59502179367035
7.0357300633654	0.59502610730709
7.0241906747891	0.59503037798745
7.0126890760234	0.59503460480898
7.0012250817375	0.59503878689073
6.9897985078107	0.59504292337332
6.9784091713222	0.59504701341898
6.9670568905415	0.59505105621157
6.9557414849188	0.59505505095664
6.9444627750753	0.59505899688146
6.9332205827937	0.59506289323503
6.9220147310090	0.59506673928812
6.9108450437990	0.59507053433326
6.8997113463751	0.59507427768479
6.8886134650735	0.59507796867880
6.8775512273457	0.59508160667320
6.8665244617499	0.59508519104764
6.8555329979419	0.59508872120356
6.8445766666667	0.59509219656414
6.8336552997493	0.59509561657426
6.8227687300865	0.59509898070052
6.8119167916383	0.59510228843117
6.8010993194192	0.59510553927607
6.7903161494904	0.59510873276665
6.7795671189507	0.59511186845590
6.7688520659291	0.59511494591823
6.7581708295762	0.59511796474951
6.7475232500563	0.59512092456692
6.7369091685393	0.59512382500895
6.7263284271932	0.59512666573527
6.7157808691756	0.59512944642669
6.7052663386267	0.59513216678507
6.6947846806610	0.59513482653321
6.6843357413601	0.59513742541478
6.6739193677649	0.59513996319421
6.6635354078684	0.59514243965662
6.6531837106081	0.59514485460766
6.6428641258586	0.59514720787344
6.6325765044248	0.59514949930040
6.6223206980340	0.59515172875522
6.6120965593295	0.59515389612463
6.6019039418630	0.59515600131537
6.5917427000879	0.59515804425398
6.5816126893524	0.59516002488672
6.5715137658922	0.59516194317940
6.5614457868243	0.59516379911725
6.5514086101399	0.59516559270478
6.5414020946978	0.59516732396560
6.5314261002179	0.59516899294230
6.5214804872743	0.59517059969626
6.5115651172893	0.59517214430753
6.5016798525266	0.59517362687462
6.4918245560849	0.59517504751434
6.4819990918919	0.59517640636167
6.4722033246978	0.59517770356952
6.4624371200690	0.59517893930861
6.4527003443823	0.59518011376723
6.4429928648184	0.59518122715112
6.4333145493562	0.59518227968322
6.4236652667667	0.59518327160350
6.4140448866068	0.59518420316880
6.4044532792138	0.59518507465258
6.3948903156997	0.59518588634473
6.3853558679446	0.59518663855141
6.3758498085921	0.59518733159478
6.3663720110427	0.59518796581283
6.3569223494487	0.59518854155919
6.3475006987084	0.59518905920283
6.3381069344609	0.59518951912796
6.3287409330800	0.59518992173370
6.3194025716695	0.59519026743394
6.3100917280572	0.59519055665707
6.3008082807902	0.59519078984578
6.2915521091291	0.59519096745681
6.2823230930427	0.59519108996073
6.2731211132036	0.59519115784172
6.2639460509820	0.59519117159730
6.2547977884415	0.59519113173814
6.2456762083333	0.59519103878779
6.2365811940919	0.59519089328243
6.2275126298297	0.59519069577066
6.2184704003319	0.59519044681325
6.2094543910522	0.59519014698287
6.2004644881075	0.59518979686387
6.1915005782734	0.59518939705201
6.1825625489792	0.59518894815424
6.1736502883031	0.59518845078841
6.1647636849681	0.59518790558304
6.1559026283368	0.59518731317708
6.1470670084068	0.59518667421962
6.1382567158067	0.59518598936966
6.1294716417910	0.59518525929586
6.1207116782360	0.59518448467624
6.1119767176351	0.59518366619796
6.1032666530945	0.59518280455707
6.0945813783289	0.59518190045819
6.0859207876573	0.59518095461431
6.0772847759984	0.59517996774651
6.0686732388664	0.59517894058368
6.0600860723671	0.59517787386227
6.0515231731934	0.59517676832602
6.0429844386212	0.59517562472572
6.0344697665056	0.59517444381891
6.0259790552764	0.59517322636963
6.0175122039342	0.59517197314816
6.0090691120465	0.59517068493077
6.0006496797438	0.59516936249941
5.9922538077154	0.59516800664148
5.9838813972056	0.59516661814956
5.9755323500100	0.59516519782113
5.9672065684713	0.59516374645833
5.9589039554760	0.59516226486765
5.9506244144502	0.59516075385974
5.9423678493558	0.59515921424907
5.9341341646873	0.59515764685369
5.9259232654675	0.59515605249499
5.9177350572444	0.59515443199742
5.9095694460871	0.59515278618821
5.9014263385827	0.59515111589715
5.8933056418321	0.59514942195628
5.8852072634472	0.59514770519965
5.8771311115468	0.59514596646310
5.8690770947533	0.59514420658391
5.8610451221896	0.59514242640063
5.8530351034752	0.59514062675278
5.8450469487229	0.59513880848060
5.8370805685358	0.59513697242479
5.8291358740035	0.59513511942627
5.8212127766990	0.59513325032591
5.8133111886756	0.59513136596429
5.8054310224632	0.59512946718146
5.7975721910656	0.59512755481664
5.7897346079567	0.59512562970804
5.7819181870781	0.59512369269257
5.7741228428351	0.59512174460560
5.7663484900942	0.59511978628074
5.7585950441798	0.59511781854956
5.7508624208709	0.59511584224138
5.7431505363985	0.59511385818302
5.7354593074421	0.59511186719857
5.7277886511272	0.59510987010912
5.7201384850219	0.59510786773259
5.7125087271341	0.59510586088343
5.7048992959087	0.59510385037246
5.6973101102242	0.59510183700657
5.6897410893908	0.59509982158854
5.6821921531463	0.59509780491681
5.6746632216544	0.59509578778524
5.6671542155009	0.59509377098291
5.6596650556919	0.59509175529390
5.6521956636501	0.59508974149706
5.6447459612126	0.59508773036580
5.6373158706281	0.59508572266790
5.6299053145540	0.59508371916529
5.6225142160540	0.59508172061381
5.6151424985952	0.59507972776306
5.6077900860456	0.59507774135617
5.6004569026714	0.59507576212960
5.5931428731343	0.59507379081296
5.5858479224893	0.59507182812878
5.5785719761816	0.59506987479238
5.5713149600446	0.59506793151162
5.5640768002970	0.59506599898673
5.5568574235403	0.59506407791016
5.5496567567568	0.59506216896635
5.5424747273063	0.59506027283161
5.5353112629247	0.59505839017386
5.5281662917204	0.59505652165256
5.5210397421731	0.59505466791846
5.5139315431304	0.59505282961348
5.5068416238060	0.59505100737050
5.4997699137773	0.59504920181327
5.4927163429828	0.59504741355618
5.4856808417200	0.59504564320414
5.4786633406433	0.59504389135244
5.4716637707611	0.59504215858658
5.4646820634342	0.59504044548211
5.4577181503732	0.59503875260454
5.4507719636364	0.59503708050915
5.4438434356274	0.59503542974087
5.4369324990932	0.59503380083417
5.4300390871219	0.59503219431288
5.4231631331404	0.59503061069012
5.4163045709124	0.59502905046814
5.4094633345363	0.59502751413821
5.4026393584430	0.59502600218051
5.3958325773938	0.59502451506400
5.3890429264785	0.59502305324632
5.3822703411131	0.59502161717371
5.3755147570378	0.59502020728084
5.3687761103152	0.59501882399079
5.3620543373278	0.59501746771490
5.3553493747767	0.59501613885267
5.3486611596789	0.59501483779173
5.3419896293656	0.59501356490769
5.3353347214807	0.59501232056409
5.3286963739780	0.59501110511232
5.3220745251198	0.59500991889153
5.3154691134752	0.59500876222858
5.3088800779175	0.59500763543794
5.3023073576229	0.59500653882165
5.2957508920685	0.59500547266926
5.2892106210303	0.59500443725776
5.2826864845815	0.59500343285152
5.2761784230905	0.59500245970224
5.2696863772192	0.59500151804895
5.2632102879213	0.59500060811788
5.2567500964405	0.59499973012249
5.2503057443082	0.59499888426342
5.2438771733427	0.59499807072842
5.2374643256464	0.59499728969238
5.2310671436050	0.59499654131723
5.2246855698850	0.59499582575201
5.2183195474326	0.59499514313276
5.2119690194715	0.59499449358256
5.2056339295016	0.59499387721152
5.1993142212973	0.59499329411673
5.1930098389052	0.59499274438230
5.1867207266436	0.59499222807934
5.1804468290997	0.59499174526597
5.1741880911288	0.59499129598730
5.1679444578521	0.59499088027549
5.1617158746556	0.59499049814972
5.1555022871883	0.59499014961623
5.1493036413604	0.59498983466832
5.1431198833419	0.59498955328640
5.1369509595613	0.59498930543802
5.1307968167037	0.59498909107785
5.1246574017094	0.59498891014779
5.1185326617722	0.59498876257696
5.1124225443383	0.59498864828174
5.1063269971044	0.59498856716585
5.1002459680163	0.59498851912036
5.0941794052676	0.59498850402378
5.0881272572980	0.59498852174208
5.0820894727920	0.59498857212877
5.0760660006773	0.59498865502498
5.0700567901235	0.59498877025947
5.0640617905405	0.59498891764877
5.0580809515775	0.59498909699720
5.0521142231210	0.59498930809698
5.0461615552937	0.59498955072827
5.0402228984533	0.59498982465930
5.0342982031906	0.59499012964643
5.0283874203287	0.59499046543425
5.0224905009214	0.59499083175567
5.0166073962517	0.59499122833200
5.0107380578305	0.59499165487307
5.0048824373957	0.59499211107734
4.9990404869101	0.59499259663199
4.9932121585610	0.59499311121301
4.9873974047579	0.59499365448536
4.9815961781323	0.59499422610306
4.9758084315353	0.59499482570930
4.9700341180371	0.59499545293656
4.9642731909256	0.59499610740677
4.9585256037049	0.59499678873140
4.9527913100942	0.59499749651161
4.9470702640264	0.59499823033836
4.9413624196473	0.59499898979257
4.9356677313138	0.59499977444528
4.9299861535932	0.59500058385774
4.9243176412615	0.59500141758158
4.9186621493027	0.59500227515896
4.9130196329072	0.59500315612272
4.9073900474709	0.59500405999655
4.9017733485939	0.59500498629511
4.8961694920790	0.59500593452421
4.8905784339315	0.59500690418097
4.8850001303569	0.59500789475399
4.8794345377604	0.59500890572349
4.8738816127459	0.59500993656152
4.8683413121143	0.59501098673211
4.8628135928629	0.59501205569142
4.8572984121841	0.59501314288797
4.8517957274640	0.59501424776277
4.8463054962819	0.59501536974953
4.8408276764088	0.59501650827483
4.8353622258065	0.59501766275830
4.8299091026261	0.59501883261284
4.8244682652076	0.59502001724476
4.8190396720784	0.59502121605403
4.8136232819525	0.59502242843442
4.8082190537289	0.59502365377373
4.8028269464915	0.59502489145396
4.7974469195071	0.59502614085157
4.7920789322251	0.59502740133760
4.7867229442759	0.59502867227793
4.7813789154705	0.59502995303346
4.7760468057989	0.59503124296036
4.7707265754297	0.59503254141021
4.7654181847083	0.59503384773026
4.7601215941569	0.59503516126365
4.7548367644726	0.59503648134957
4.7495636565272	0.59503780732353
4.7443022313657	0.59503913851757
4.7390524502055	0.59504047426044
4.7338142744355	0.59504181387787
4.7285876656151	0.59504315669275
4.7233725854735	0.59504450202537
4.7181689959081	0.59504584919367
4.7129768589844	0.59504719751340
4.7077961369347	0.59504854629842
4.7026267921569	0.59504989486088
4.6974687872140	0.59505124251144
4.6923220848333	0.59505258855955
4.6871866479049	0.59505393231364
4.6820624394815	0.59505527308135
4.6769494227769	0.59505661016980
4.6718475611657	0.59505794288576
4.6667568181818	0.59505927053594
4.6616771575183	0.59506059242720
4.6566085430258	0.59506190786678
4.6515509387122	0.59506321616256
4.6465043087415	0.59506451662325
4.6414686174330	0.59506580855867
4.6364438292607	0.59506709127997
4.6314299088522	0.59506836409987
4.6264268209877	0.59506962633287
4.6214345305997	0.59507087729554
4.6164530027718	0.59507211630670
4.6114822027380	0.59507334268770
4.6065220958820	0.59507455576264
4.6015726477360	0.59507575485861
4.5966338239804	0.59507693930591
4.5917055904426	0.59507810843833
4.5867879130967	0.59507926159334
4.5818807580621	0.59508039811234
4.5769840916031	0.59508151734092
4.5720978801281	0.59508261862907
4.5672220901889	0.59508370133141
4.5623566884797	0.59508476480746
4.5575016418364	0.59508580842184
4.5526569172361	0.59508683154451
4.5478224817961	0.59508783355101
4.5429983027731	0.59508881382269
4.5381843475628	0.59508977174696
4.5333805836988	0.59509070671747
4.5285869788520	0.59509161813438
4.5238035008299	0.59509250540460
4.5190301175761	0.59509336794197
4.5142667971691	0.59509420516753
4.5095135078219	0.59509501650970
4.5047702178813	0.59509580140458
4.5000368958271	0.59509655929607
4.4953135102714	0.59509728963617
4.4906000299581	0.59509799188519
4.4858964237618	0.59509866551192
4.4812026606876	0.59509930999389
4.4765187098701	0.59509992481759
4.4718445405728	0.59510050947865
4.4671801221875	0.59510106348207
4.4625254242334	0.59510158634243
4.4578804163569	0.59510207758409
4.4532450683304	0.59510253674142
4.4486193500519	0.59510296335896
4.4440032315446	0.59510335699167
4.4393966829557	0.59510371720509
4.4347996745562	0.59510404357556
4.4302121767401	0.59510433569042
4.4256341600236	0.59510459314818
4.4210655950450	0.59510481555872
4.4165064525633	0.59510500254351
4.4119567034584	0.59510515373572
4.4074163187298	0.59510526878050
4.4028852694963	0.59510534733508
4.3983635269953	0.59510538906899
4.3938510625824	0.59510539366422
4.3893478477306	0.59510536081540
4.3848538540295	0.59510529022996
4.3803690531853	0.59510518162832
4.3758934170194	0.59510503474402
4.3714269174686	0.59510484932390
4.3669695265841	0.59510462512826
4.3625212165309	0.59510436193101
4.3580819595871	0.59510405951981
4.3536517281441	0.59510371769625
4.3492304947048	0.59510333627596
4.3448182318841	0.59510291508875
4.3404149124077	0.59510245397880
4.3360205091119	0.59510195280472
4.3316349949429	0.59510141143975
4.3272583429561	0.59510082977182
4.3228905263158	0.59510020770375
4.3185315182944	0.59509954515330
4.3141812922723	0.59509884205333
4.3098398217366	0.59509809835189
4.3055070802815	0.59509731401233
4.3011830416069	0.59509648901344
4.2968676795184	0.59509562334948
4.2925609679267	0.59509471703035
4.2882628808468	0.59509377008165
4.2839733923978	0.59509278254474
4.2796924768023	0.59509175447689
4.2754201083856	0.59509068595130
4.2711562615757	0.59508957705720
4.2669009109024	0.59508842789993
4.2626540309967	0.59508723860100
4.2584155965909	0.59508600929813
4.2541855825174	0.59508474014534
4.2499639637085	0.59508343131299
4.2457507151961	0.59508208298784
4.2415458121109	0.59508069537306
4.2373492296820	0.59507926868832
4.2331609432364	0.59507780316978
4.2289809281986	0.59507629907014
4.2248091600902	0.59507475665868
4.2206456145291	0.59507317622124
4.2164902672293	0.59507155806028
4.2123430940003	0.59506990249485
4.2082040707468	0.59506820986064
4.2040731734680	0.59506648050993
4.1999503782572	0.59506471481163
4.1958356613016	0.59506291315125
4.1917289988814	0.59506107593087
4.1876303673697	0.59505920356915
4.1835397432319	0.59505729650130
4.1794571030252	0.59505535517901
4.1753824233983	0.59505338007049
4.1713156810909	0.59505137166033
4.1672568529330	0.59504933044955
4.1632059158450	0.59504725695549
4.1591628468368	0.59504515171175
4.1551276230076	0.59504301526816
4.1511002215453	0.59504084819070
4.1470806197261	0.59503865106141
4.1430687949143	0.59503642447833
4.1390647245616	0.59503416905539
4.1350683862069	0.59503188542234
4.1310797574755	0.59502957422467
4.1270988160793	0.59502723612344
4.1231255398157	0.59502487179526
4.1191599065677	0.59502248193211
4.1152018943034	0.59502006724124
4.1112514810752	0.59501762844507
4.1073086450199	0.59501516628100
4.1033733643581	0.59501268150134
4.0994456173937	0.59501017487312
4.0955253825137	0.59500764717795
4.0916126381875	0.59500509921187
4.0877073629670	0.59500253178521
4.0838095354856	0.59499994572237
4.0799191344584	0.59499734186170
4.0760361386812	0.59499472105529
4.0721605270307	0.59499208416878
4.0682922784638	0.59498943208121
4.0644313720174	0.59498676568477
4.0605777868075	0.59498408588463
4.0567315020298	0.59498139359872
4.0528924969582	0.59497868975750
4.0490607509454	0.59497597530377
4.0452362434219	0.59497325119241
4.0414189538959	0.59497051839017
4.0376088619529	0.59496777787540
4.0338059472551	0.59496503063785
4.0300101895416	0.59496227767835
4.0262215686274	0.59495952000863
4.0224400644036	0.59495675865097
4.0186656568365	0.59495399463799
4.0148983259676	0.59495122901236
4.0111380519133	0.59494846282650
4.0073848148643	0.59494569714230
4.0036385950855	0.59494293303080
3.9998993729153	0.59494017157193
3.9961671287657	0.59493741385417
3.9924418431216	0.59493466097423
3.9887234965407	0.59493191403677
3.9850120696531	0.59492917415400
3.9813075431607	0.59492644244540
3.9776098978373	0.59492372003739
3.9739191145281	0.59492100806292
3.9702351741491	0.59491830766117
3.9665580576872	0.59491561997718
3.9628877461996	0.59491294616147
3.9592242208135	0.59491028736968
3.9555674627260	0.59490764476218
3.9519174532033	0.59490501950370
3.9482741735809	0.59490241276293
3.9446376052632	0.59489982571211
3.9410077297226	0.59489725952668
3.9373845285001	0.59489471538478
3.9337679832043	0.59489219446692
3.9301580755113	0.59488969795552
3.9265547871644	0.59488722703446
3.9229580999738	0.59488478288871
3.9193679958164	0.59488236670382
3.9157844566353	0.59487997966552
3.9122074644395	0.59487762295924
3.9086370013038	0.59487529776968
3.9050730493682	0.59487300528031
3.9015155908381	0.59487074667293
3.8979646079834	0.59486852312718
3.8944200831385	0.59486633582005
3.8908819987021	0.59486418592542
3.8873503371369	0.59486207461351
3.8838250809690	0.59486000305046
3.8803062127880	0.59485797239774
3.8767937152463	0.59485598381171
3.8732875710594	0.59485403844304
3.8697877630050	0.59485213743624
3.8662942739231	0.59485028192909
3.8628070867156	0.59484847305212
3.8593261843460	0.59484671192808
3.8558515498392	0.59484499967138
3.8523831662812	0.59484333738755
3.8489210168186	0.59484172617266
3.8454650846588	0.59484016711277
3.8420153530693	0.59483866128338
3.8385718053777	0.59483720974882
3.8351344249712	0.59483581356171
3.8317031952965	0.59483447376232
3.8282780998595	0.59483319137805
3.8248591222251	0.59483196742277
3.8214462460166	0.59483080289627
3.8180394549159	0.59482969878361
3.8146387326632	0.59482865605456
3.8112440630562	0.59482767566291
3.8078554299505	0.59482675854593
3.8044728172589	0.59482590562368
3.8010962089514	0.59482511779844
3.7977255890550	0.59482439595401
3.7943609416530	0.59482374095509
3.7910022508852	0.59482315364667
3.7876495009476	0.59482263485334
3.7843026760919	0.59482218537863
3.7809617606256	0.59482180600440
3.7776267389113	0.59482149749010
3.7742975953670	0.59482126057218
3.7709743144654	0.59482109596335
3.7676568807339	0.59482100435196
3.7643452787544	0.59482098640126
3.7610394931627	0.59482104274876
3.7577395086488	0.59482117400552
3.7544453099562	0.59482138075545
3.7511568818819	0.59482166355463
3.7478742092762	0.59482202293058
3.7445972770422	0.59482245938159
3.7413260701360	0.59482297337595
3.7380605735661	0.59482356535132
3.7348007723932	0.59482423571393
3.7315466517301	0.59482498483790
3.7282981967417	0.59482581306453
3.7250553926441	0.59482672070151
3.7218182247052	0.59482770802226
3.7185866782436	0.59482877526514
3.7153607386293	0.59482992263274
3.7121403912828	0.59483115029113
3.7089256216751	0.59483245836910
3.7057164153276	0.59483384695744
3.7025127578115	0.59483531610817
3.6993146347483	0.59483686583379
3.6961220318087	0.59483849610651
3.6929349347130	0.59484020685754
3.6897533292308	0.59484199797624
3.6865772011805	0.59484386930944
3.6834065364295	0.59484582066062
3.6802413208937	0.59484785178919
3.6770815405372	0.59484996240966
3.6739271813725	0.59485215219088
3.6707782294600	0.59485442075532
3.6676346709078	0.59485676767822
3.6644964918714	0.59485919248685
3.6613636785540	0.59486169465972
3.6582362172056	0.59486427362578
3.6551140941234	0.59486692876366
3.6519972956511	0.59486965940090
3.6488858081792	0.59487246481309
3.6457796181442	0.59487534422316
3.6426787120292	0.59487829680055
3.6395830763628	0.59488132166043
3.6364926977196	0.59488441786290
3.6334075627197	0.59488758441222
3.6303276580286	0.59489082025596
3.6272529703569	0.59489412428430
3.6241834864603	0.59489749532914
3.6211191931393	0.59490093216336
3.6180600772387	0.59490443350001
3.6150061256481	0.59490799799153
3.6119573253012	0.59491162422893
3.6089136631756	0.59491531074100
3.6058751262930	0.59491905599354
3.6028417017185	0.59492285838853
3.5998133765610	0.59492671626337
3.5967901379724	0.59493062789006
3.5937719731479	0.59493459147442
3.5907588693257	0.59493860515530
3.5877508137865	0.59494266700380
3.5847477938539	0.59494677502244
3.5817497968937	0.59495092714441
3.5787568103140	0.59495512123279
3.5757688215649	0.59495935507972
3.5727858181385	0.59496362640566
3.5698077875685	0.59496793285859
3.5668347174301	0.59497227201324
3.5638665953400	0.59497664137029
3.5609034089559	0.59498103835562
3.5579451459767	0.59498546031953
3.5549917941421	0.59498990453595
3.5520433412322	0.59499436820172
3.5490997750681	0.59499884843577
3.5461610835108	0.59500334227839
3.5432272544616	0.59500784669046
3.5402982758621	0.59501235855271
3.5373741356932	0.59501687466496
3.5344548219759	0.59502139174535
3.5315403227706	0.59502590642963
3.5286306261770	0.59503041527039
3.5257257203340	0.59503491473637
3.5228255934195	0.59503940121166
3.5199302336503	0.59504387099503
3.5170396292820	0.59504832029918
3.5141537686086	0.59505274525002
3.5112726399625	0.59505714188597
3.5083962317145	0.59506150615724
3.5055245322732	0.59506583392515
3.5026575300853	0.59507012096138
3.4997952136353	0.59507436294736
3.4969375714452	0.59507855547349
3.4940845920746	0.59508269403853
3.4912362641202	0.59508677404891
3.4883925762160	0.59509079081802
3.4855535170329	0.59509473956563
3.4827190752788	0.59509861541715
3.4798892396982	0.59510241340304
3.4770639990721	0.59510612845814
3.4742433422181	0.59510975542106
3.4714272579898	0.59511328903353
3.4686157352771	0.59511672393980
3.4658087630058	0.59512005468601
3.4630063301375	0.59512327571961
3.4602084256694	0.59512638138876
3.4574150386345	0.59512936594174
3.4546261581009	0.59513222352635
3.4518417731721	0.59513494818939
3.4490618729867	0.59513753387606
3.4462864467180	0.59513997442943
3.4435154835745	0.59514226358990
3.4407489727993	0.59514439499464
3.4379869036697	0.59514636217712
3.4352292654979	0.59514815856655
3.4324760476300	0.59514977748739
3.4297272394463	0.59515121215889
3.4269828303612	0.59515245569458
3.4242428098230	0.59515350110179
3.4215071673134	0.59515434128123
3.4187758923480	0.59515496902652
3.4160489744758	0.59515537702373
3.4133264032791	0.59515555785103
3.4106081683732	0.59515550397819
3.4078942594066	0.59515520776623
3.4051846660609	0.59515466146704
3.4024793780502	0.59515385722296
3.3997783851213	0.59515278706647
3.3970816770538	0.59515144291980
3.3943892436594	0.59514981659463
3.3917010747822	0.59514789979172
3.3890171602984	0.59514568410065
3.3863374901163	0.59514316099950
3.3836620541761	0.59514032185456
3.3809908424495	0.59513715792009
3.3783238449403	0.59513366033805
3.3756610516834	0.59512982013785
3.3730024527453	0.59512562823617
3.3703480382237	0.59512107543671
3.3676977982476	0.59511615243000
3.3650517229768	0.59511084979327
3.3624098026021	0.59510515799023
3.3597720273451	0.59509906737096
3.3571383874580	0.59509256817178
3.3545088732237	0.59508565051513
3.3518834749553	0.59507830440947
3.3492621829963	0.59507051974922
3.3466449877205	0.59506228631469
3.3440318795315	0.59505359377203
3.3414228488631	0.59504443167322
3.3388178861789	0.59503478945603
3.3362169819720	0.59502465644409
3.3336201267653	0.59501402184686
3.3310273111111	0.59500287475970
