#Parameters = {thARC=1; nARC=1.25; thsub=1; p=1; nSub=4.75}
#"Wavelength / um"	"T (822) [Real Part]"
#---------------------------------------
14.989622900000	0.60955915970164
14.937342202292	0.60979181941344
14.885424925521	0.61002527415124
14.833867293419	0.61025951979967
14.782665581854	0.61049455224296
14.731816117936	0.61073036736530
14.681315279138	0.61096696105119
14.631159492435	0.61120432918576
14.581345233463	0.61144246765514
14.531869025691	0.61168137234673
14.482727439614	0.61192103914958
14.433917091960	0.61216146395463
14.385434644914	0.61240264265511
14.337276805356	0.61264457114675
14.289440324118	0.61288724532812
14.241921995249	0.61313066110091
14.194718655303	0.61337481437018
14.147827182633	0.61361970104469
14.101244496707	0.61386531703711
14.054967557431	0.61411165826430
14.008993364486	0.61435872064755
13.963318956684	0.61460650011287
13.917941411328	0.61485499259114
13.872857843591	0.61510419401845
13.828065405904	0.61535410033621
13.783561287356	0.61560470749146
13.739342713107	0.61585601143704
13.695406943810	0.61610800813178
13.651751275046	0.61636069354072
13.608373036768	0.61661406363530
13.565269592760	0.61686811439353
13.522438340099	0.61712284180015
13.479876708633	0.61737824184683
13.437582160466	0.61763431053233
13.395552189455	0.61789104386263
13.353784320713	0.61814843785110
13.312276110124	0.61840648851861
13.271025143869	0.61866519189371
13.230029037952	0.61892454401272
13.189285437747	0.61918454091986
13.148792017544	0.61944517866739
13.108546480105	0.61970645331568
13.068546556234	0.61996836093330
13.028790004346	0.62023089759718
12.989274610052	0.62049405939263
12.949998185745	0.62075784241346
12.910958570198	0.62102224276201
12.872153628167	0.62128725654929
12.833581250000	0.62155287989497
12.795239351259	0.62181910892746
12.757125872340	0.62208593978397
12.719238778108	0.62235336861054
12.681576057530	0.62262139156208
12.644135723323	0.62289000480239
12.606915811606	0.62315920450419
12.569914381551	0.62342898684913
12.533129515050	0.62369934802782
12.496559316382	0.62397028423981
12.460201911887	0.62424179169360
12.424055449648	0.62451386660664
12.388118099174	0.62478650520531
12.352388051092	0.62505970372487
12.316863516845	0.62533345840951
12.281542728390	0.62560776551223
12.246423937908	0.62588262129488
12.211505417515	0.62615802202808
12.176785458976	0.62643396399115
12.142262373431	0.62671044347214
12.107934491115	0.62698745676765
12.073800161095	0.62726500018290
12.039857751004	0.62754307003155
12.006105646776	0.62782166263568
11.972542252396	0.62810077432572
11.939165989646	0.62838040144033
11.905975297855	0.62866054032634
11.872968633663	0.62894118733863
11.840144470774	0.62922233884006
11.807501299724	0.62950399120135
11.775037627651	0.62978614080097
11.742751978065	0.63006878402503
11.710642890625	0.63035191726719
11.678708920919	0.63063553692846
11.646948640249	0.63091963941719
11.615360635413	0.63120422114881
11.583943508501	0.63148927854583
11.552695876686	0.63177480803757
11.521616372022	0.63206080606011
11.490703641242	0.63234726905613
11.459956345566	0.63263419347470
11.429373160503	0.63292157577121
11.398952775665	0.63320941240714
11.368693894577	0.63349769984994
11.338595234493	0.63378643457285
11.308655526217	0.63407561305474
11.278873513920	0.63436523177993
11.249247954972	0.63465528723800
11.219777619760	0.63494577592364
11.190461291527	0.63523669433647
11.161297766195	0.63552803898082
11.132285852209	0.63581980636556
11.103424370370	0.63611199300393
11.074712153676	0.63640459541332
11.046148047163	0.63669761011507
11.017730907755	0.63699103363430
10.989459604106	0.63728486249968
10.961333016453	0.63757909324325
10.933350036470	0.63787372240019
10.905509567115	0.63816874650862
10.877810522496	0.63846416210941
10.850251827723	0.63875996574593
10.822832418773	0.63905615396385
10.795551242348	0.63935272331095
10.768407255747	0.63964967033687
10.741399426729	0.63994699159288
10.714526733381	0.64024468363170
10.687788163993	0.64054274300724
10.661182716927	0.64084116627437
10.634709400497	0.64113994998875
10.608367232838	0.64143909070652
10.582155241793	0.64173858498414
10.556072464789	0.64203842937812
10.530117948718	0.64233862044479
10.504290749825	0.64263915474010
10.478589933590	0.64294002881934
10.453014574616	0.64324123923695
10.427563756522	0.64354278254623
10.402236571825	0.64384465529918
10.377032121841	0.64414685404619
10.351949516575	0.64444937533585
10.326987874612	0.64475221571468
10.302146323024	0.64505537172691
10.277423997257	0.64535883991426
10.252820041040	0.64566261681567
10.228333606278	0.64596669896705
10.203963852961	0.64627108290110
10.179709949066	0.64657576514701
10.155571070461	0.64688074223026
10.131546400811	0.64718601067236
10.107635131490	0.64749156699062
10.083836461487	0.64779740769792
10.060149597315	0.64810352930246
10.036573752929	0.64840992830753
10.013108149633	0.64871660121127
9.9897520159947	0.64902354450644
9.9665045877660	0.64933075468017
9.9433651077944	0.64963822821375
9.9203328259431	0.64994596158237
9.8974069990096	0.65025395125492
9.8745868906456	0.65056219369373
9.8518717712783	0.65087068535434
9.8292609180328	0.65117942268530
9.8067536146549	0.65148840212789
9.7843491514360	0.65179762011596
9.7620468251384	0.65210707307566
9.7398459389214	0.65241675742520
9.7177458022690	0.65272666957470
9.6957457309185	0.65303680592587
9.6738450467893	0.65334716287188
9.6520430779137	0.65365773679709
9.6303391583681	0.65396852407685
9.6087326282051	0.65427952107729
9.5872228333866	0.65459072415508
9.5658091257179	0.65490212965727
9.5444908627826	0.65521373392104
9.5232674078780	0.65552553327349
9.5021381299525	0.65583752403148
9.4811024035421	0.65614970250139
9.4601596087094	0.65646206497890
9.4393091309824	0.65677460774887
9.4185503612944	0.65708732708505
9.3978826959248	0.65740021924996
9.3773055364404	0.65771328049467
9.3568182896380	0.65802650705859
9.3364203674868	0.65833989516932
9.3161111870727	0.65865344104248
9.2958901705426	0.65896714088146
9.2757567450495	0.65928099087730
9.2557103426984	0.65959498720851
9.2357504004929	0.65990912604088
9.2158763602828	0.66022340352731
9.1960876687117	0.66053781580767
9.1763837771656	0.66085235900860
9.1567641417227	0.66116702924336
9.1372282231027	0.66148182261170
9.1177754866180	0.66179673519967
9.0984054021244	0.66211176307947
9.0791174439733	0.66242690230933
9.0599110909640	0.66274214893334
9.0407858262967	0.66305749898130
9.0217411375263	0.66337294846862
9.0027765165165	0.66368849339614
8.9838914593947	0.66400412975002
8.9650854665072	0.66431985350160
8.9463580423754	0.66463566060730
8.9277086956522	0.66495154700846
8.9091369390788	0.66526750863124
8.8906422894425	0.66558354138651
8.8722242675348	0.66589964116972
8.8538823981099	0.66621580386080
8.8356162098438	0.66653202532409
8.8174252352941	0.66684830140815
8.7993090108600	0.66716462794577
8.7812670767428	0.66748100075378
8.7632989769073	0.66779741563303
8.7454042590432	0.66811386836826
8.7275824745269	0.66843035472803
8.7098331783847	0.66874687046466
8.6921559292549	0.66906341131411
8.6745502893519	0.66937997299594
8.6570158244297	0.66969655121326
8.6395521037464	0.67001314165259
8.6221587000288	0.67032973998390
8.6048351894374	0.67064634186048
8.5875811515325	0.67096294291889
8.5703961692396	0.67127953877896
8.5532798288160	0.67159612504370
8.5362317198178	0.67191269729927
8.5192514350668	0.67222925111495
8.5023385706183	0.67254578204308
8.4854927257288	0.67286228561909
8.4687135028249	0.67317875736138
8.4520005074711	0.67349519277141
8.4353533483399	0.67381158733357
8.4187716371806	0.67412793651524
8.4022549887892	0.67444423576678
8.3858030209790	0.67476048052146
8.3694153545505	0.67507666619552
8.3530916132627	0.67539278818815
8.3368314238042	0.67570884188149
8.3206344157646	0.67602482264064
8.3045002216066	0.67634072581368
8.2884284766381	0.67665654673169
8.2724188189845	0.67697228070875
8.2564708895621	0.67728792304199
8.2405843320506	0.67760346901158
8.2247587928669	0.67791891388084
8.2089939211391	0.67823425289617
8.1932893686800	0.67854948128718
8.1776447899618	0.67886459426668
8.1620598420909	0.67917958703076
8.1465341847826	0.67949445475882
8.1310674803363	0.67980919261364
8.1156593936113	0.68012379574142
8.1003095920022	0.68043825927187
8.0850177454153	0.68075257831826
8.0697835262450	0.68106674797748
8.0546066093498	0.68138076333014
8.0394866720300	0.68169461944063
8.0244233940043	0.68200831135722
8.0094164573871	0.68232183411210
7.9944655466667	0.68263518272153
7.9795703486825	0.68294835218590
7.9647305526036	0.68326133748981
7.9499458499072	0.68357413360221
7.9352159343568	0.68388673547648
7.9205405019815	0.68419913805053
7.9059192510549	0.68451133624692
7.8913518820742	0.68482332497300
7.8768380977404	0.68513509912096
7.8623776029373	0.68544665356803
7.8479701047120	0.68575798317654
7.8336153122550	0.68606908279409
7.8193129368805	0.68637994725365
7.8050626920073	0.68669057137373
7.7908642931393	0.68700094995849
7.7767174578470	0.68731107779787
7.7626219057483	0.68762094966778
7.7485773584906	0.68793056033019
7.7345835397317	0.68823990453333
7.7206401751223	0.68854897701182
7.7067469922879	0.68885777248683
7.6929037208109	0.68916628566623
7.6791100922131	0.68947451124476
7.6653658399386	0.68978244390422
7.6516706993364	0.69009007831358
7.6380244076433	0.69039740912923
7.6244267039674	0.69070443099508
7.6108773292714	0.69101113854277
7.5973760263558	0.69131752639187
7.5839225398432	0.69162358915003
7.5705166161616	0.69192932141315
7.5571580035291	0.69223471776565
7.5438464519376	0.69253977278056
7.5305817131374	0.69284448101977
7.5173635406219	0.69314883703422
7.5041916896120	0.69345283536410
7.4910659170415	0.69375647053902
7.4779859815415	0.69405973707826
7.4649516434263	0.69436262949093
7.4519626646781	0.69466514227621
7.4390188089330	0.69496726992356
7.4261198414664	0.69526900691291
7.4132655291790	0.69557034771487
7.4004556405826	0.69587128679100
7.3876899457861	0.69617181859396
7.3749682164822	0.69647193756778
7.3622902259332	0.69677163814805
7.3496557489581	0.69707091476217
7.3370645619187	0.69736976182955
7.3245164427071	0.69766817376189
7.3120111707317	0.69796614496333
7.2995485269053	0.69826366983075
7.2871282936315	0.69856074275398
7.2747502547925	0.69885735811603
7.2624141957364	0.69915351029333
7.2501199032648	0.69944919365597
7.2378671656205	0.69974440256796
7.2256557724753	0.70003913138741
7.2134855149182	0.70033337446687
7.2013561854432	0.70062712615346
7.1892675779376	0.70092038078923
7.1772194876706	0.70121313271130
7.1652117112811	0.70150537625221
7.1532440467669	0.70179710574008
7.1413162934731	0.70208831549891
7.1294282520809	0.70237899984884
7.1175797245964	0.70266915310635
7.1057705143399	0.70295876958458
7.0940004259347	0.70324784359352
7.0822692652965	0.70353636944032
7.0705768396226	0.70382434142952
7.0589229573817	0.70411175386329
7.0473074283028	0.70439860104174
7.0357300633654	0.70468487726312
7.0241906747891	0.70497057682410
7.0126890760234	0.70525569402007
7.0012250817375	0.70554022314533
6.9897985078107	0.70582415849341
6.9784091713222	0.70610749435728
6.9670568905415	0.70639022502966
6.9557414849188	0.70667234480325
6.9444627750753	0.70695384797102
6.9332205827937	0.70723472882644
6.9220147310090	0.70751498166376
6.9108450437990	0.70779460077827
6.8997113463751	0.70807358046656
6.8886134650735	0.70835191502682
6.8775512273457	0.70862959875903
6.8665244617499	0.70890662596530
6.8555329979419	0.70918299095006
6.8445766666667	0.70945868802040
6.8336552997493	0.70973371148627
6.8227687300865	0.71000805566078
6.8119167916383	0.71028171486046
6.8010993194192	0.71055468340548
6.7903161494904	0.71082695561999
6.7795671189507	0.71109852583230
6.7688520659291	0.71136938837521
6.7581708295762	0.71163953758622
6.7475232500563	0.71190896780783
6.7369091685393	0.71217767338776
6.7263284271932	0.71244564867926
6.7157808691756	0.71271288804133
6.7052663386267	0.71297938583899
6.6947846806610	0.71324513644353
6.6843357413601	0.71351013423281
6.6739193677649	0.71377437359145
6.6635354078684	0.71403784891114
6.6531837106081	0.71430055459086
6.6428641258586	0.71456248503718
6.6325765044248	0.71482363466446
6.6223206980340	0.71508399789513
6.6120965593295	0.71534356915996
6.6019039418630	0.71560234289828
6.5917427000879	0.71586031355823
6.5816126893524	0.71611747559703
6.5715137658922	0.71637382348125
6.5614457868243	0.71662935168699
6.5514086101399	0.71688405470017
6.5414020946978	0.71713792701679
6.5314261002179	0.71739096314315
6.5214804872743	0.71764315759608
6.5115651172893	0.71789450490322
6.5016798525266	0.71814499960324
6.4918245560849	0.71839463624606
6.4819990918919	0.71864340939313
6.4722033246978	0.71889131361765
6.4624371200690	0.71913834350479
6.4527003443823	0.71938449365194
6.4429928648184	0.71962975866895
6.4333145493562	0.71987413317835
6.4236652667667	0.72011761181558
6.4140448866068	0.72036018922924
6.4044532792138	0.72060186008128
6.3948903156997	0.72084261904727
6.3853558679446	0.72108246081660
6.3758498085921	0.72132138009270
6.3663720110427	0.72155937159328
6.3569223494487	0.72179643005056
6.3475006987084	0.72203255021145
6.3381069344609	0.72226772683779
6.3287409330800	0.72250195470659
6.3194025716695	0.72273522861022
6.3100917280572	0.72296754335661
6.3008082807902	0.72319889376950
6.2915521091291	0.72342927468864
6.2823230930427	0.72365868096996
6.2731211132036	0.72388710748583
6.2639460509820	0.72411454912527
6.2547977884415	0.72434100079408
6.2456762083333	0.72456645741514
6.2365811940919	0.72479091392853
6.2275126298297	0.72501436529182
6.2184704003319	0.72523680648015
6.2094543910522	0.72545823248655
6.2004644881075	0.72567863832204
6.1915005782734	0.72589801901590
6.1825625489792	0.72611636961579
6.1736502883031	0.72633368518800
6.1647636849681	0.72654996081762
6.1559026283368	0.72676519160870
6.1470670084068	0.72697937268450
6.1382567158067	0.72719249918760
6.1294716417910	0.72740456628014
6.1207116782360	0.72761556914398
6.1119767176351	0.72782550298089
6.1032666530945	0.72803436301270
6.0945813783289	0.72824214448152
6.0859207876573	0.72844884264988
6.0772847759984	0.72865445280092
6.0686732388664	0.72885897023858
6.0600860723671	0.72906239028773
6.0515231731934	0.72926470829438
6.0429844386212	0.72946591962583
6.0344697665056	0.72966601967081
6.0259790552764	0.72986500383971
6.0175122039342	0.73006286756470
6.0090691120465	0.73025960629988
6.0006496797438	0.73045521552148
5.9922538077154	0.73064969072799
5.9838813972056	0.73084302744034
5.9755323500100	0.73103522120204
5.9672065684713	0.73122626757933
5.9589039554760	0.73141616216136
5.9506244144502	0.73160490056033
5.9423678493558	0.73179247841162
5.9341341646873	0.73197889137398
5.9259232654675	0.73216413512964
5.9177350572444	0.73234820538450
5.9095694460871	0.73253109786821
5.9014263385827	0.73271280833440
5.8933056418321	0.73289333256074
5.8852072634472	0.73307266634916
5.8771311115468	0.73325080552592
5.8690770947533	0.73342774594179
5.8610451221896	0.73360348347219
5.8530351034752	0.73377801401730
5.8450469487229	0.73395133350224
5.8370805685358	0.73412343787714
5.8291358740035	0.73429432311735
5.8212127766990	0.73446398522352
5.8133111886756	0.73463242022173
5.8054310224632	0.73479962416366
5.7975721910656	0.73496559312667
5.7897346079567	0.73513032321399
5.7819181870781	0.73529381055477
5.7741228428351	0.73545605130427
5.7663484900942	0.73561704164395
5.7585950441798	0.73577677778163
5.7508624208709	0.73593525595154
5.7431505363985	0.73609247241454
5.7354593074421	0.73624842345817
5.7277886511272	0.73640310539677
5.7201384850219	0.73655651457166
5.7125087271341	0.73670864735119
5.7048992959087	0.73685950013090
5.6973101102242	0.73700906933360
5.6897410893908	0.73715735140954
5.6821921531463	0.73730434283646
5.6746632216544	0.73745004011975
5.6671542155009	0.73759443979256
5.6596650556919	0.73773753841586
5.6521956636501	0.73787933257864
5.6447459612126	0.73801981889794
5.6373158706281	0.73815899401900
5.6299053145540	0.73829685461537
5.6225142160540	0.73843339738898
5.6151424985952	0.73856861907031
5.6077900860456	0.73870251641845
5.6004569026714	0.73883508622120
5.5931428731343	0.73896632529522
5.5858479224893	0.73909623048609
5.5785719761816	0.73922479866845
5.5713149600446	0.73935202674607
5.5640768002970	0.73947791165197
5.5568574235403	0.73960245034852
5.5496567567568	0.73972563982755
5.5424747273063	0.73984747711044
5.5353112629247	0.73996795924820
5.5281662917204	0.74008708332163
5.5210397421731	0.74020484644135
5.5139315431304	0.74032124574793
5.5068416238060	0.74043627841201
5.4997699137773	0.74054994163435
5.4927163429828	0.74066223264597
5.4856808417200	0.74077314870820
5.4786633406433	0.74088268711282
5.4716637707611	0.74099084518215
5.4646820634342	0.74109762026910
5.4577181503732	0.74120300975732
5.4507719636364	0.74130701106126
5.4438434356274	0.74140962162628
5.4369324990932	0.74151083892872
5.4300390871219	0.74161066047601
5.4231631331404	0.74170908380677
5.4163045709124	0.74180610649088
5.4094633345363	0.74190172612959
5.4026393584430	0.74199594035558
5.3958325773938	0.74208874683308
5.3890429264785	0.74218014325796
5.3822703411131	0.74227012735778
5.3755147570378	0.74235869689193
5.3687761103152	0.74244584965168
5.3620543373278	0.74253158346028
5.3553493747767	0.74261589617306
5.3486611596789	0.74269878567747
5.3419896293656	0.74278024989324
5.3353347214807	0.74286028677240
5.3286963739780	0.74293889429938
5.3220745251198	0.74301607049112
5.3154691134752	0.74309181339713
5.3088800779175	0.74316612109957
5.3023073576229	0.74323899171337
5.2957508920685	0.74331042338625
5.2892106210303	0.74338041429886
5.2826864845815	0.74344896266482
5.2761784230905	0.74351606673082
5.2696863772192	0.74358172477673
5.2632102879213	0.74364593511559
5.2567500964405	0.74370869609380
5.2503057443082	0.74377000609111
5.2438771733427	0.74382986352075
5.2374643256464	0.74388826682949
5.2310671436050	0.74394521449771
5.2246855698850	0.74400070503947
5.2183195474326	0.74405473700263
5.2119690194715	0.74410730896887
5.2056339295016	0.74415841955380
5.1993142212973	0.74420806740700
5.1930098389052	0.74425625121213
5.1867207266436	0.74430296968700
5.1804468290997	0.74434822158360
5.1741880911288	0.74439200568821
5.1679444578521	0.74443432082145
5.1617158746556	0.74447516583839
5.1555022871883	0.74451453962853
5.1493036413604	0.74455244111598
5.1431198833419	0.74458886925944
5.1369509595613	0.74462382305230
5.1307968167037	0.74465730152272
5.1246574017094	0.74468930373366
5.1185326617722	0.74471982878296
5.1124225443383	0.74474887580342
5.1063269971044	0.74477644396283
5.1002459680163	0.74480253246407
5.0941794052676	0.74482714054511
5.0881272572980	0.74485026747914
5.0820894727920	0.74487191257459
5.0760660006773	0.74489207517517
5.0700567901235	0.74491075465998
5.0640617905405	0.74492795044350
5.0580809515775	0.74494366197571
5.0521142231210	0.74495788874210
5.0461615552937	0.74497063026371
5.0402228984533	0.74498188609723
5.0342982031906	0.74499165583502
5.0283874203287	0.74499993910516
5.0224905009214	0.74500673557149
5.0166073962517	0.74501204493367
5.0107380578305	0.74501586692723
5.0048824373957	0.74501820132360
4.9990404869101	0.74501904793015
4.9932121585610	0.74501840659025
4.9873974047579	0.74501627718327
4.9815961781323	0.74501265962469
4.9758084315353	0.74500755386605
4.9700341180371	0.74500095989506
4.9642731909256	0.74499287773559
4.9585256037049	0.74498330744772
4.9527913100942	0.74497224912776
4.9470702640264	0.74495970290830
4.9413624196473	0.74494566895821
4.9356677313138	0.74493014748271
4.9299861535932	0.74491313872333
4.9243176412615	0.74489464295802
4.9186621493027	0.74487466050107
4.9130196329072	0.74485319170323
4.9073900474709	0.74483023695167
4.9017733485939	0.74480579667000
4.8961694920790	0.74477987131830
4.8905784339315	0.74475246139315
4.8850001303569	0.74472356742759
4.8794345377604	0.74469318999120
4.8738816127459	0.74466132969004
4.8683413121143	0.74462798716670
4.8628135928629	0.74459316310030
4.8572984121841	0.74455685820648
4.8517957274640	0.74451907323741
4.8463054962819	0.74447980898178
4.8408276764088	0.74443906626481
4.8353622258065	0.74439684594825
4.8299091026261	0.74435314893033
4.8244682652076	0.74430797614583
4.8190396720784	0.74426132856598
4.8136232819525	0.74421320719853
4.8082190537289	0.74416361308768
4.8028269464915	0.74411254731407
4.7974469195071	0.74406001099480
4.7920789322251	0.74400600528335
4.7867229442759	0.74395053136961
4.7813789154705	0.74389359047984
4.7760468057989	0.74383518387661
4.7707265754297	0.74377531285882
4.7654181847083	0.74371397876165
4.7601215941569	0.74365118295649
4.7548367644726	0.74358692685098
4.7495636565272	0.74352121188890
4.7443022313657	0.74345403955017
4.7390524502055	0.74338541135079
4.7338142744355	0.74331532884281
4.7285876656151	0.74324379361427
4.7233725854735	0.74317080728916
4.7181689959081	0.74309637152737
4.7129768589844	0.74302048802460
4.7077961369347	0.74294315851237
4.7026267921569	0.74286438475792
4.6974687872140	0.74278416856413
4.6923220848333	0.74270251176952
4.6871866479049	0.74261941624812
4.6820624394815	0.74253488390943
4.6769494227769	0.74244891669836
4.6718475611657	0.74236151659515
4.6667568181818	0.74227268561528
4.6616771575183	0.74218242580941
4.6566085430258	0.74209073926330
4.6515509387122	0.74199762809772
4.6465043087415	0.74190309446837
4.6414686174330	0.74180714056579
4.6364438292607	0.74170976861527
4.6314299088522	0.74161098087679
4.6264268209877	0.74151077964486
4.6214345305997	0.74140916724849
4.6164530027718	0.74130614605106
4.6114822027380	0.74120171845022
4.6065220958820	0.74109588687779
4.6015726477360	0.74098865379967
4.5966338239804	0.74088002171569
4.5917055904426	0.74076999315955
4.5867879130967	0.74065857069869
4.5818807580621	0.74054575693415
4.5769840916031	0.74043155450050
4.5720978801281	0.74031596606567
4.5672220901889	0.74019899433087
4.5623566884797	0.74008064203045
4.5575016418364	0.73996091193175
4.5526569172361	0.73983980683503
4.5478224817961	0.73971732957327
4.5429983027731	0.73959348301211
4.5381843475628	0.73946827004965
4.5333805836988	0.73934169361635
4.5285869788520	0.73921375667488
4.5238035008299	0.73908446221996
4.5190301175761	0.73895381327828
4.5142667971691	0.73882181290827
4.5095135078219	0.73868846420002
4.5047702178813	0.73855377027508
4.5000368958271	0.73841773428635
4.4953135102714	0.73828035941790
4.4906000299581	0.73814164888482
4.4858964237618	0.73800160593308
4.4812026606876	0.73786023383933
4.4765187098701	0.73771753591079
4.4718445405728	0.73757351548503
4.4671801221875	0.73742817592986
4.4625254242334	0.73728152064314
4.4578804163569	0.73713355305258
4.4532450683304	0.73698427661564
4.4486193500519	0.73683369481928
4.4440032315446	0.73668181117983
4.4393966829557	0.73652862924283
4.4347996745562	0.73637415258281
4.4302121767401	0.73621838480312
4.4256341600236	0.73606132953579
4.4210655950450	0.73590299044130
4.4165064525633	0.73574337120840
4.4119567034584	0.73558247555398
4.4074163187298	0.73542030722280
4.4028852694963	0.73525686998739
4.3983635269953	0.73509216764778
4.3938510625824	0.73492620403136
4.3893478477306	0.73475898299269
4.3848538540295	0.73459050841327
4.3803690531853	0.73442078420139
4.3758934170194	0.73424981429190
4.3714269174686	0.73407760264603
4.3669695265841	0.73390415325119
4.3625212165309	0.73372947012079
4.3580819595871	0.73355355729400
4.3536517281441	0.73337641883559
4.3492304947048	0.73319805883570
4.3448182318841	0.73301848140967
4.3404149124077	0.73283769069781
4.3360205091119	0.73265569086521
4.3316349949429	0.73247248610151
4.3272583429561	0.73228808062076
4.3228905263158	0.73210247866115
4.3185315182944	0.73191568448481
4.3141812922723	0.73172770237767
4.3098398217366	0.73153853664916
4.3055070802815	0.73134819163207
4.3011830416069	0.73115667168232
4.2968676795184	0.73096398117877
4.2925609679267	0.73077012452297
4.2882628808468	0.73057510613899
4.2839733923978	0.73037893047322
4.2796924768023	0.73018160199412
4.2754201083856	0.72998312519205
4.2711562615757	0.72978350457904
4.2669009109024	0.72958274468861
4.2626540309967	0.72938085007552
4.2584155965909	0.72917782531561
4.2541855825174	0.72897367500554
4.2499639637085	0.72876840376264
4.2457507151961	0.72856201622466
4.2415458121109	0.72835451704959
4.2373492296820	0.72814591091543
4.2331609432364	0.72793620252002
4.2289809281986	0.72772539658079
4.2248091600902	0.72751349783460
4.2206456145291	0.72730051103752
4.2164902672293	0.72708644096461
4.2123430940003	0.72687129240973
4.2082040707468	0.72665507018537
4.2040731734680	0.72643777912240
4.1999503782572	0.72621942406990
4.1958356613016	0.72600000989495
4.1917289988814	0.72577954148244
4.1876303673697	0.72555802373489
4.1835397432319	0.72533546157222
4.1794571030252	0.72511185993157
4.1753824233983	0.72488722376714
4.1713156810909	0.72466155804993
4.1672568529330	0.72443486776762
4.1632059158450	0.72420715792436
4.1591628468368	0.72397843354054
4.1551276230076	0.72374869965268
4.1511002215453	0.72351796131319
4.1470806197261	0.72328622359021
4.1430687949143	0.72305349156740
4.1390647245616	0.72281977034383
4.1350683862069	0.72258506503373
4.1310797574755	0.72234938076633
4.1270988160793	0.72211272268575
4.1231255398157	0.72187509595072
4.1191599065677	0.72163650573450
4.1152018943034	0.72139695722469
4.1112514810752	0.72115645562304
4.1073086450199	0.72091500614529
4.1033733643581	0.72067261402104
4.0994456173937	0.72042928449357
4.0955253825137	0.72018502281968
4.0916126381875	0.71993983426953
4.0877073629670	0.71969372412650
4.0838095354856	0.71944669768706
4.0799191344584	0.71919876026056
4.0760361386812	0.71894991716914
4.0721605270307	0.71870017374757
4.0682922784638	0.71844953534312
4.0644313720174	0.71819800731537
4.0605777868075	0.71794559503617
4.0567315020298	0.71769230388940
4.0528924969582	0.71743813927093
4.0490607509454	0.71718310658842
4.0452362434219	0.71692721126124
4.0414189538959	0.71667045872035
4.0376088619529	0.71641285440814
4.0338059472551	0.71615440377835
4.0300101895416	0.71589511229595
4.0262215686274	0.71563498543700
4.0224400644036	0.71537402868859
4.0186656568365	0.71511224754869
4.0148983259676	0.71484964752606
4.0111380519133	0.71458623414017
4.0073848148643	0.71432201292106
4.0036385950855	0.71405698940932
3.9998993729153	0.71379116915589
3.9961671287657	0.71352455772208
3.9924418431216	0.71325716067943
3.9887234965407	0.71298898360960
3.9850120696531	0.71272003210438
3.9813075431607	0.71245031176551
3.9776098978373	0.71217982820469
3.9739191145281	0.71190858704345
3.9702351741491	0.71163659391314
3.9665580576872	0.71136385445481
3.9628877461996	0.71109037431919
3.9592242208135	0.71081615916659
3.9555674627260	0.71054121466690
3.9519174532033	0.71026554649950
3.9482741735809	0.70998916035322
3.9446376052632	0.70971206192630
3.9410077297226	0.70943425692633
3.9373845285001	0.70915575107025
3.9337679832043	0.70887655008426
3.9301580755113	0.70859665970382
3.9265547871644	0.70831608567365
3.9229580999738	0.70803483374762
3.9193679958164	0.70775290968880
3.9157844566353	0.70747031926942
3.9122074644395	0.70718706827084
3.9086370013038	0.70690316248352
3.9050730493682	0.70661860770707
3.9015155908381	0.70633340975017
3.8979646079834	0.70604757443061
3.8944200831385	0.70576110757529
3.8908819987021	0.70547401502016
3.8873503371369	0.70518630261032
3.8838250809690	0.70489797619993
3.8803062127880	0.70460904165230
3.8767937152463	0.70431950483984
3.8732875710594	0.70402937164412
3.8697877630050	0.70373864795585
3.8662942739231	0.70344733967492
3.8628070867156	0.70315545271046
3.8593261843460	0.70286299298077
3.8558515498392	0.70256996641347
3.8523831662812	0.70227637894541
3.8489210168186	0.70198223652281
3.8454650846588	0.70168754510123
3.8420153530693	0.70139231064564
3.8385718053777	0.70109653913044
3.8351344249712	0.70080023653953
3.8317031952965	0.70050340886634
3.8282780998595	0.70020606211387
3.8248591222251	0.69990820229477
3.8214462460166	0.69960983543138
3.8180394549159	0.69931096755578
3.8146387326632	0.69901160470986
3.8112440630562	0.69871175294537
3.8078554299505	0.69841141832397
3.8044728172589	0.69811060691735
3.8010962089514	0.69780932480724
3.7977255890550	0.69750757808549
3.7943609416530	0.69720537285416
3.7910022508852	0.69690271522558
3.7876495009476	0.69659961132244
3.7843026760919	0.69629606727783
3.7809617606256	0.69599208923535
3.7776267389113	0.69568768334920
3.7742975953670	0.69538285578421
3.7709743144654	0.69507761271597
3.7676568807339	0.69477196033090
3.7643452787544	0.69446590482633
3.7610394931627	0.69415945241060
3.7577395086488	0.69385260930312
3.7544453099562	0.69354538173449
3.7511568818819	0.69323777594659
3.7478742092762	0.69292979819263
3.7445972770422	0.69262145473729
3.7413260701360	0.69231275185678
3.7380605735661	0.69200369583897
3.7348007723932	0.69169429298343
3.7315466517301	0.69138454960160
3.7282981967417	0.69107447201679
3.7250553926441	0.69076406656436
3.7218182247052	0.69045333959179
3.7185866782436	0.69014229745875
3.7153607386293	0.68983094653722
3.7121403912828	0.68951929321160
3.7089256216751	0.68920734387878
3.7057164153276	0.68889510494826
3.7025127578115	0.68858258284221
3.6993146347483	0.68826978399562
3.6961220318087	0.68795671485635
3.6929349347130	0.68764338188525
3.6897533292308	0.68732979155626
3.6865772011805	0.68701595035647
3.6834065364295	0.68670186478626
3.6802413208937	0.68638754135935
3.6770815405372	0.68607298660295
3.6739271813725	0.68575820705777
3.6707782294600	0.68544320927818
3.6676346709078	0.68512799983228
3.6644964918714	0.68481258530197
3.6613636785540	0.68449697228305
3.6582362172056	0.68418116738532
3.6551140941234	0.68386517723262
3.6519972956511	0.68354900846296
3.6488858081792	0.68323266772858
3.6457796181442	0.68291616169603
3.6426787120292	0.68259949704623
3.6395830763628	0.68228268047457
3.6364926977196	0.68196571869098
3.6334075627197	0.68164861841997
3.6303276580286	0.68133138640074
3.6272529703569	0.68101402938722
3.6241834864603	0.68069655414811
3.6211191931393	0.68037896746701
3.6180600772387	0.68006127614241
3.6150061256481	0.67974348698777
3.6119573253012	0.67942560683157
3.6089136631756	0.67910764251735
3.6058751262930	0.67878960090379
3.6028417017185	0.67847148886469
3.5998133765610	0.67815331328907
3.5967901379724	0.67783508108116
3.5937719731479	0.67751679916046
3.5907588693257	0.67719847446175
3.5877508137865	0.67688011393513
3.5847477938539	0.67656172454603
3.5817497968937	0.67624331327520
3.5787568103140	0.67592488711879
3.5757688215649	0.67560645308829
3.5727858181385	0.67528801821057
3.5698077875685	0.67496958952785
3.5668347174301	0.67465117409775
3.5638665953400	0.67433277899320
3.5609034089559	0.67401441130249
3.5579451459767	0.67369607812923
3.5549917941421	0.67337778659232
3.5520433412322	0.67305954382591
3.5490997750681	0.67274135697941
3.5461610835108	0.67242323321739
3.5432272544616	0.67210517971958
3.5402982758621	0.67178720368080
3.5373741356932	0.67146931231090
3.5344548219759	0.67115151283471
3.5315403227706	0.67083381249198
3.5286306261770	0.67051621853729
3.5257257203340	0.67019873823997
3.5228255934195	0.66988137888402
3.5199302336503	0.66956414776804
3.5170396292820	0.66924705220511
3.5141537686086	0.66893009952266
3.5112726399625	0.66861329706245
3.5083962317145	0.66829665218034
3.5055245322732	0.66798017224627
3.5026575300853	0.66766386464406
3.4997952136353	0.66734773677131
3.4969375714452	0.66703179603925
3.4940845920746	0.66671604987260
3.4912362641202	0.66640050570938
3.4883925762160	0.66608517100081
3.4855535170329	0.66577005321108
3.4827190752788	0.66545515981721
3.4798892396982	0.66514049830885
3.4770639990721	0.66482607618810
3.4742433422181	0.66451190096931
3.4714272579898	0.66419798017887
3.4686157352771	0.66388432135500
3.4658087630058	0.66357093204755
3.4630063301375	0.66325781981773
3.4602084256694	0.66294499223792
3.4574150386345	0.66263245689140
3.4546261581009	0.66232022137212
3.4518417731721	0.66200829328444
3.4490618729867	0.66169668024283
3.4462864467180	0.66138538987166
3.4435154835745	0.66107442980488
3.4407489727993	0.66076380768572
3.4379869036697	0.66045353116643
3.4352292654979	0.66014360790798
3.4324760476300	0.65983404557969
3.4297272394463	0.65952485185898
3.4269828303612	0.65921603443101
3.4242428098230	0.65890760098834
3.4215071673134	0.65859955923061
3.4187758923480	0.65829191686416
3.4160489744758	0.65798468160171
3.4133264032791	0.65767786116195
3.4106081683732	0.65737146326920
3.4078942594066	0.65706549565301
3.4051846660609	0.65675996604778
3.4024793780502	0.65645488219234
3.3997783851213	0.65615025182958
3.3970816770538	0.65584608270600
3.3943892436594	0.65554238257131
3.3917010747822	0.65523915917800
3.3890171602984	0.65493642028089
3.3863374901163	0.65463417363668
3.3836620541761	0.65433242700351
3.3809908424495	0.65403118814051
3.3783238449403	0.65373046480730
3.3756610516834	0.65343026476354
3.3730024527453	0.65313059576842
3.3703480382237	0.65283146558019
3.3676977982476	0.65253288195565
3.3650517229768	0.65223485264965
3.3624098026021	0.65193738541457
3.3597720273451	0.65164048799978
3.3571383874580	0.65134416815115
3.3545088732237	0.65104843361047
3.3518834749553	0.65075329211495
3.3492621829963	0.65045875139661
3.3466449877205	0.65016481918179
3.3440318795315	0.64987150319052
3.3414228488631	0.64957881113601
3.3388178861789	0.64928675072401
3.3362169819720	0.64899532965225
3.3336201267653	0.64870455560987
3.3310273111111	0.64841443627677
