#Parameters = {thARC=0; nARC=1.5; thsub=1; p=1; nSub=4.75}
#"Wavelength / um"	"T (823) [Real Part]"
#---------------------------------------
14.989622900000	0.57466862073275
14.937342202292	0.57472331128780
14.885424925521	0.57477637728007
14.833867293419	0.57482784097315
14.782665581854	0.57487772455201
14.731816117936	0.57492605012037
14.681315279138	0.57497283969830
14.631159492435	0.57501811521971
14.581345233463	0.57506189852999
14.531869025691	0.57510421138363
14.482727439614	0.57514507544190
14.433917091960	0.57518451227058
14.385434644914	0.57522254333773
14.337276805356	0.57525919001147
14.289440324118	0.57529447355785
14.241921995249	0.57532841513872
14.194718655303	0.57536103580969
14.147827182633	0.57539235651806
14.101244496707	0.57542239810087
14.054967557431	0.57545118128294
14.008993364486	0.57547872667496
13.963318956684	0.57550505477163
13.917941411328	0.57553018594986
13.872857843591	0.57555414046697
13.828065405904	0.57557693845895
13.783561287356	0.57559859993876
13.739342713107	0.57561914479471
13.695406943810	0.57563859278881
13.651751275046	0.57565696355518
13.608373036768	0.57567427659857
13.565269592760	0.57569055129282
13.522438340099	0.57570580687942
13.479876708633	0.57572006246611
13.437582160466	0.57573333702549
13.395552189455	0.57574564939369
13.353784320713	0.57575701826908
13.312276110124	0.57576746221101
13.271025143869	0.57577699963860
13.230029037952	0.57578564882956
13.189285437747	0.57579342791904
13.148792017544	0.57580035489856
13.108546480105	0.57580644761490
13.068546556234	0.57581172376913
13.028790004346	0.57581620091559
12.989274610052	0.57581989646093
12.949998185745	0.57582282766324
12.910958570198	0.57582501163113
12.872153628167	0.57582646532291
12.833581250000	0.57582720554581
12.795239351259	0.57582724895517
12.757125872340	0.57582661205373
12.719238778108	0.57582531119094
12.681576057530	0.57582336256228
12.644135723323	0.57582078220865
12.606915811606	0.57581758601577
12.569914381551	0.57581378971364
12.533129515050	0.57580940887598
12.496559316382	0.57580445891976
12.460201911887	0.57579895510476
12.424055449648	0.57579291253311
12.388118099174	0.57578634614891
12.352388051092	0.57577927073788
12.316863516845	0.57577170092702
12.281542728390	0.57576365118432
12.246423937908	0.57575513581848
12.211505417515	0.57574616897870
12.176785458976	0.57573676465443
12.142262373431	0.57572693667524
12.107934491115	0.57571669871066
12.073800161095	0.57570606427003
12.039857751004	0.57569504670248
12.006105646776	0.57568365919679
11.972542252396	0.57567191478143
11.939165989646	0.57565982632451
11.905975297855	0.57564740653383
11.872968633663	0.57563466795692
11.840144470774	0.57562162298109
11.807501299724	0.57560828383362
11.775037627651	0.57559466258177
11.742751978065	0.57558077113304
11.710642890625	0.57556662123531
11.678708920919	0.57555222447702
11.646948640249	0.57553759228744
11.615360635413	0.57552273593692
11.583943508501	0.57550766653715
11.552695876686	0.57549239504147
11.521616372022	0.57547693224520
11.490703641242	0.57546128878600
11.459956345566	0.57544547514419
11.429373160503	0.57542950164321
11.398952775665	0.57541337844999
11.368693894577	0.57539711557539
11.338595234493	0.57538072287468
11.308655526217	0.57536421004799
11.278873513920	0.57534758664080
11.249247954972	0.57533086204451
11.219777619760	0.57531404549691
11.190461291527	0.57529714608278
11.161297766195	0.57528017273446
11.132285852209	0.57526313423241
11.103424370370	0.57524603920586
11.074712153676	0.57522889613344
11.046148047163	0.57521171334378
11.017730907755	0.57519449901623
10.989459604106	0.57517726118151
10.961333016453	0.57516000772240
10.933350036470	0.57514274637449
10.905509567115	0.57512548472686
10.877810522496	0.57510823022288
10.850251827723	0.57509099016091
10.822832418773	0.57507377169512
10.795551242348	0.57505658183628
10.768407255747	0.57503942745251
10.741399426729	0.57502231527016
10.714526733381	0.57500525187461
10.687788163993	0.57498824371113
10.661182716927	0.57497129708572
10.634709400497	0.57495441816596
10.608367232838	0.57493761298197
10.582155241793	0.57492088742722
10.556072464789	0.57490424725947
10.530117948718	0.57488769810169
10.504290749825	0.57487124544300
10.478589933590	0.57485489463958
10.453014574616	0.57483865091563
10.427563756522	0.57482251936436
10.402236571825	0.57480650494890
10.377032121841	0.57479061250335
10.351949516575	0.57477484673371
10.326987874612	0.57475921221892
10.302146323024	0.57474371341184
10.277423997257	0.57472835464030
10.252820041040	0.57471314010808
10.228333606278	0.57469807389597
10.203963852961	0.57468315996281
10.179709949066	0.57466840214655
10.155571070461	0.57465380416526
10.131546400811	0.57463936961824
10.107635131490	0.57462510198709
10.083836461487	0.57461100463673
10.060149597315	0.57459708081655
10.036573752929	0.57458333366146
10.013108149633	0.57456976619300
9.9897520159947	0.57455638132042
9.9665045877660	0.57454318184181
9.9433651077944	0.57453017044520
9.9203328259431	0.57451734970967
9.8974069990096	0.57450472210648
9.8745868906456	0.57449229000018
9.8518717712783	0.57448005564976
9.8292609180328	0.57446802120975
9.8067536146549	0.57445618873140
9.7843491514360	0.57444456016378
9.7620468251384	0.57443313735495
9.7398459389214	0.57442192205309
9.7177458022690	0.57441091590766
9.6957457309185	0.57440012047055
9.6738450467893	0.57438953719722
9.6520430779137	0.57437916744787
9.6303391583681	0.57436901248861
9.6087326282051	0.57435907349260
9.5872228333866	0.57434935154123
9.5658091257179	0.57433984762527
9.5444908627826	0.57433056264603
9.5232674078780	0.57432149741655
9.5021381299525	0.57431265266275
9.4811024035421	0.57430402902460
9.4601596087094	0.57429562705731
9.4393091309824	0.57428744723246
9.4185503612944	0.57427948993919
9.3978826959248	0.57427175548539
9.3773055364404	0.57426424409882
9.3568182896380	0.57425695592834
9.3364203674868	0.57424989104502
9.3161111870727	0.57424304944335
9.2958901705426	0.57423643104239
9.2757567450495	0.57423003568694
9.2557103426984	0.57422386314870
9.2357504004929	0.57421791312743
9.2158763602828	0.57421218525212
9.1960876687117	0.57420667908218
9.1763837771656	0.57420139410852
9.1567641417227	0.57419632975479
9.1372282231027	0.57419148537850
9.1177754866180	0.57418686027217
9.0984054021244	0.57418245366446
9.0791174439733	0.57417826472138
9.0599110909640	0.57417429254737
9.0407858262967	0.57417053618649
9.0217411375263	0.57416699462353
9.0027765165165	0.57416366678515
8.9838914593947	0.57416055154103
8.9650854665072	0.57415764770499
8.9463580423754	0.57415495403611
8.9277086956522	0.57415246923986
8.9091369390788	0.57415019196922
8.8906422894425	0.57414812082579
8.8722242675348	0.57414625436091
8.8538823981099	0.57414459107678
8.8356162098438	0.57414312942750
8.8174252352941	0.57414186782026
8.7993090108600	0.57414080461636
8.7812670767428	0.57413993813235
8.7632989769073	0.57413926664108
8.7454042590432	0.57413878837279
8.7275824745269	0.57413850151621
8.7098331783847	0.57413840421958
8.6921559292549	0.57413849459178
8.6745502893519	0.57413877070331
8.6570158244297	0.57413923058743
8.6395521037464	0.57413987224116
8.6221587000288	0.57414069362631
8.6048351894374	0.57414169267056
8.5875811515325	0.57414286726847
8.5703961692396	0.57414421528249
8.5532798288160	0.57414573454403
8.5362317198178	0.57414742285443
8.5192514350668	0.57414927798595
8.5023385706183	0.57415129768285
8.4854927257288	0.57415347966231
8.4687135028249	0.57415582161545
8.4520005074711	0.57415832120832
8.4353533483399	0.57416097608286
8.4187716371806	0.57416378385787
8.4022549887892	0.57416674212997
8.3858030209790	0.57416984847459
8.3694153545505	0.57417310044687
8.3530916132627	0.57417649558263
8.3368314238042	0.57418003139929
8.3206344157646	0.57418370539682
8.3045002216066	0.57418751505862
8.2884284766381	0.57419145785249
8.2724188189845	0.57419553123148
8.2564708895621	0.57419973263482
8.2405843320506	0.57420405948879
8.2247587928669	0.57420850920764
8.2089939211391	0.57421307919441
8.1932893686800	0.57421776684184
8.1776447899618	0.57422256953322
8.1620598420909	0.57422748464322
8.1465341847826	0.57423250953877
8.1310674803363	0.57423764157987
8.1156593936113	0.57424287812042
8.1003095920022	0.57424821650904
8.0850177454153	0.57425365408989
8.0697835262450	0.57425918820348
8.0546066093498	0.57426481618742
8.0394866720300	0.57427053537726
8.0244233940043	0.57427634310725
8.0094164573871	0.57428223671109
7.9944655466667	0.57428821352271
7.9795703486825	0.57429427087703
7.9647305526036	0.57430040611067
7.9499458499072	0.57430661656273
7.9352159343568	0.57431289957548
7.9205405019815	0.57431925249509
7.9059192510549	0.57432567267235
7.8913518820742	0.57433215746334
7.8768380977404	0.57433870423016
7.8623776029373	0.57434531034159
7.8479701047120	0.57435197317376
7.8336153122550	0.57435869011081
7.8193129368805	0.57436545854558
7.8050626920073	0.57437227588021
7.7908642931393	0.57437913952681
7.7767174578470	0.57438604690808
7.7626219057483	0.57439299545790
7.7485773584906	0.57439998262201
7.7345835397317	0.57440700585852
7.7206401751223	0.57441406263858
7.7067469922879	0.57442115044691
7.6929037208109	0.57442826678240
7.6791100922131	0.57443540915866
7.6653658399386	0.57444257510459
7.6516706993364	0.57444976216490
7.6380244076433	0.57445696790067
7.6244267039674	0.57446418988987
7.6108773292714	0.57447142572787
7.5973760263558	0.57447867302793
7.5839225398432	0.57448592942175
7.5705166161616	0.57449319255990
7.5571580035291	0.57450046011236
7.5438464519376	0.57450772976892
7.5305817131374	0.57451499923969
7.5173635406219	0.57452226625556
7.5041916896120	0.57452952856857
7.4910659170415	0.57453678395244
7.4779859815415	0.57454403020292
7.4649516434263	0.57455126513822
7.4519626646781	0.57455848659945
7.4390188089330	0.57456569245095
7.4261198414664	0.57457288058073
7.4132655291790	0.57458004890083
7.4004556405826	0.57458719534766
7.3876899457861	0.57459431788239
7.3749682164822	0.57460141449131
7.3622902259332	0.57460848318609
7.3496557489581	0.57461552200420
7.3370645619187	0.57462252900919
7.3245164427071	0.57462950229099
7.3120111707317	0.57463643996622
7.2995485269053	0.57464334017848
7.2871282936315	0.57465020109865
7.2747502547925	0.57465702092513
7.2624141957364	0.57466379788412
7.2501199032648	0.57467053022988
7.2378671656205	0.57467721624497
7.2256557724753	0.57468385424049
7.2134855149182	0.57469044255628
7.2013561854432	0.57469697956117
7.1892675779376	0.57470346365319
7.1772194876706	0.57470989325972
7.1652117112811	0.57471626683776
7.1532440467669	0.57472258287403
7.1413162934731	0.57472883988520
7.1294282520809	0.57473503641802
7.1175797245964	0.57474117104950
7.1057705143399	0.57474724238703
7.0940004259347	0.57475324906853
7.0822692652965	0.57475918976258
7.0705768396226	0.57476506316854
7.0589229573817	0.57477086801665
7.0473074283028	0.57477660306814
7.0357300633654	0.57478226711532
7.0241906747891	0.57478785898166
7.0126890760234	0.57479337752188
7.0012250817375	0.57479882162201
6.9897985078107	0.57480419019944
6.9784091713222	0.57480948220298
6.9670568905415	0.57481469661292
6.9557414849188	0.57481983244102
6.9444627750753	0.57482488873058
6.9332205827937	0.57482986455642
6.9220147310090	0.57483475902494
6.9108450437990	0.57483957127406
6.8997113463751	0.57484430047326
6.8886134650735	0.57484894582356
6.8775512273457	0.57485350655747
6.8665244617499	0.57485798193898
6.8555329979419	0.57486237126354
6.8445766666667	0.57486667385798
6.8336552997493	0.57487088908046
6.8227687300865	0.57487501632046
6.8119167916383	0.57487905499864
6.8010993194192	0.57488300456681
6.7903161494904	0.57488686450785
6.7795671189507	0.57489063433558
6.7688520659291	0.57489431359471
6.7581708295762	0.57489790186071
6.7475232500563	0.57490139873970
6.7369091685393	0.57490480386833
6.7263284271932	0.57490811691367
6.7157808691756	0.57491133757307
6.7052663386267	0.57491446557400
6.6947846806610	0.57491750067395
6.6843357413601	0.57492044266022
6.6739193677649	0.57492329134982
6.6635354078684	0.57492604658925
6.6531837106081	0.57492870825439
6.6428641258586	0.57493127625025
6.6325765044248	0.57493375051084
6.6223206980340	0.57493613099898
6.6120965593295	0.57493841770605
6.6019039418630	0.57494061065186
6.5917427000879	0.57494270988438
6.5816126893524	0.57494471547957
6.5715137658922	0.57494662754113
6.5614457868243	0.57494844620029
6.5514086101399	0.57495017161558
6.5414020946978	0.57495180397260
6.5314261002179	0.57495334348374
6.5214804872743	0.57495479038798
6.5115651172893	0.57495614495063
6.5016798525266	0.57495740746304
6.4918245560849	0.57495857824237
6.4819990918919	0.57495965763132
6.4722033246978	0.57496064599783
6.4624371200690	0.57496154373484
6.4527003443823	0.57496235125998
6.4429928648184	0.57496306901532
6.4333145493562	0.57496369746702
6.4236652667667	0.57496423710510
6.4140448866068	0.57496468844310
6.4044532792138	0.57496505201779
6.3948903156997	0.57496532838885
6.3853558679446	0.57496551813859
6.3758498085921	0.57496562187160
6.3663720110427	0.57496564021444
6.3569223494487	0.57496557381534
6.3475006987084	0.57496542334383
6.3381069344609	0.57496518949046
6.3287409330800	0.57496487296642
6.3194025716695	0.57496447450325
6.3100917280572	0.57496399485244
6.3008082807902	0.57496343478516
6.2915521091291	0.57496279509184
6.2823230930427	0.57496207658187
6.2731211132036	0.57496128008325
6.2639460509820	0.57496040644219
6.2547977884415	0.57495945652280
6.2456762083333	0.57495843120670
6.2365811940919	0.57495733139267
6.2275126298297	0.57495615799630
6.2184704003319	0.57495491194958
6.2094543910522	0.57495359420058
6.2004644881075	0.57495220571303
6.1915005782734	0.57495074746600
6.1825625489792	0.57494922045346
6.1736502883031	0.57494762568398
6.1647636849681	0.57494596418028
6.1559026283368	0.57494423697888
6.1470670084068	0.57494244512974
6.1382567158067	0.57494058969583
6.1294716417910	0.57493867175277
6.1207116782360	0.57493669238846
6.1119767176351	0.57493465270265
6.1032666530945	0.57493255380661
6.0945813783289	0.57493039682267
6.0859207876573	0.57492818288389
6.0772847759984	0.57492591313366
6.0686732388664	0.57492358872525
6.0600860723671	0.57492121082151
6.0515231731934	0.57491878059441
6.0429844386212	0.57491629922466
6.0344697665056	0.57491376790135
6.0259790552764	0.57491118782150
6.0175122039342	0.57490856018973
6.0090691120465	0.57490588621780
6.0006496797438	0.57490316712429
5.9922538077154	0.57490040413413
5.9838813972056	0.57489759847826
5.9755323500100	0.57489475139324
5.9672065684713	0.57489186412081
5.9589039554760	0.57488893790754
5.9506244144502	0.57488597400443
5.9423678493558	0.57488297366652
5.9341341646873	0.57487993815248
5.9259232654675	0.57487686872425
5.9177350572444	0.57487376664665
5.9095694460871	0.57487063318697
5.9014263385827	0.57486746961459
5.8933056418321	0.57486427720063
5.8852072634472	0.57486105721751
5.8771311115468	0.57485781093863
5.8690770947533	0.57485453963794
5.8610451221896	0.57485124458958
5.8530351034752	0.57484792706751
5.8450469487229	0.57484458834512
5.8370805685358	0.57484122969487
5.8291358740035	0.57483785238791
5.8212127766990	0.57483445769372
5.8133111886756	0.57483104687973
5.8054310224632	0.57482762121095
5.7975721910656	0.57482418194963
5.7897346079567	0.57482073035488
5.7819181870781	0.57481726768232
5.7741228428351	0.57481379518372
5.7663484900942	0.57481031410663
5.7585950441798	0.57480682569407
5.7508624208709	0.57480333118413
5.7431505363985	0.57479983180967
5.7354593074421	0.57479632879796
5.7277886511272	0.57479282337031
5.7201384850219	0.57478931674179
5.7125087271341	0.57478581012084
5.7048992959087	0.57478230470898
5.6973101102242	0.57477880170045
5.6897410893908	0.57477530228190
5.6821921531463	0.57477180763209
5.6746632216544	0.57476831892153
5.6671542155009	0.57476483731218
5.6596650556919	0.57476136395714
5.6521956636501	0.57475790000037
5.6447459612126	0.57475444657633
5.6373158706281	0.57475100480971
5.6299053145540	0.57474757581516
5.6225142160540	0.57474416069692
5.6151424985952	0.57474076054861
5.6077900860456	0.57473737645290
5.6004569026714	0.57473400948124
5.5931428731343	0.57473066069357
5.5858479224893	0.57472733113808
5.5785719761816	0.57472402185088
5.5713149600446	0.57472073385580
5.5640768002970	0.57471746816409
5.5568574235403	0.57471422577415
5.5496567567568	0.57471100767132
5.5424747273063	0.57470781482761
5.5353112629247	0.57470464820142
5.5281662917204	0.57470150873736
5.5210397421731	0.57469839736599
5.5139315431304	0.57469531500356
5.5068416238060	0.57469226255184
5.4997699137773	0.57468924089783
5.4927163429828	0.57468625091360
5.4856808417200	0.57468329345605
5.4786633406433	0.57468036936671
5.4716637707611	0.57467747947153
5.4646820634342	0.57467462458068
5.4577181503732	0.57467180548836
5.4507719636364	0.57466902297261
5.4438434356274	0.57466627779515
5.4369324990932	0.57466357070114
5.4300390871219	0.57466090241906
5.4231631331404	0.57465827366053
5.4163045709124	0.57465568512012
5.4094633345363	0.57465313747524
5.4026393584430	0.57465063138591
5.3958325773938	0.57464816749469
5.3890429264785	0.57464574642649
5.3822703411131	0.57464336878844
5.3755147570378	0.57464103516976
5.3687761103152	0.57463874614164
5.3620543373278	0.57463650225707
5.3553493747767	0.57463430405080
5.3486611596789	0.57463215203915
5.3419896293656	0.57463004671996
5.3353347214807	0.57462798857245
5.3286963739780	0.57462597805714
5.3220745251198	0.57462401561574
5.3154691134752	0.57462210167112
5.3088800779175	0.57462023662712
5.3023073576229	0.57461842086860
5.2957508920685	0.57461665476128
5.2892106210303	0.57461493865169
5.2826864845815	0.57461327286716
5.2761784230905	0.57461165771571
5.2696863772192	0.57461009348601
5.2632102879213	0.57460858044735
5.2567500964405	0.57460711884962
5.2503057443082	0.57460570892323
5.2438771733427	0.57460435087911
5.2374643256464	0.57460304490869
5.2310671436050	0.57460179118388
5.2246855698850	0.57460058985704
5.2183195474326	0.57459944106102
5.2119690194715	0.57459834490910
5.2056339295016	0.57459730149504
5.1993142212973	0.57459631089307
5.1930098389052	0.57459537315791
5.1867207266436	0.57459448832478
5.1804468290997	0.57459365640946
5.1741880911288	0.57459287740828
5.1679444578521	0.57459215129818
5.1617158746556	0.57459147803674
5.1555022871883	0.57459085756226
5.1493036413604	0.57459028979376
5.1431198833419	0.57458977463107
5.1369509595613	0.57458931195491
5.1307968167037	0.57458890162692
5.1246574017094	0.57458854348974
5.1185326617722	0.57458823736714
5.1124225443383	0.57458798306402
5.1063269971044	0.57458778036659
5.1002459680163	0.57458762904237
5.0941794052676	0.57458752884039
5.0881272572980	0.57458747949121
5.0820894727920	0.57458748070706
5.0760660006773	0.57458753218200
5.0700567901235	0.57458763359195
5.0640617905405	0.57458778459489
5.0580809515775	0.57458798483097
5.0521142231210	0.57458823392263
5.0461615552937	0.57458853147474
5.0402228984533	0.57458887707477
5.0342982031906	0.57458927029291
5.0283874203287	0.57458971068225
5.0224905009214	0.57459019777892
5.0166073962517	0.57459073110227
5.0107380578305	0.57459131015502
5.0048824373957	0.57459193442345
4.9990404869101	0.57459260337756
4.9932121585610	0.57459331647127
4.9873974047579	0.57459407314261
4.9815961781323	0.57459487281390
4.9758084315353	0.57459571489193
4.9700341180371	0.57459659876820
4.9642731909256	0.57459752381910
4.9585256037049	0.57459848940611
4.9527913100942	0.57459949487604
4.9470702640264	0.57460053956123
4.9413624196473	0.57460162277977
4.9356677313138	0.57460274383575
4.9299861535932	0.57460390201946
4.9243176412615	0.57460509660762
4.9186621493027	0.57460632686367
4.9130196329072	0.57460759203795
4.9073900474709	0.57460889136797
4.9017733485939	0.57461022407869
4.8961694920790	0.57461158938271
4.8905784339315	0.57461298648060
4.8850001303569	0.57461441456109
4.8794345377604	0.57461587280138
4.8738816127459	0.57461736036741
4.8683413121143	0.57461887641411
4.8628135928629	0.57462042008566
4.8572984121841	0.57462199051583
4.8517957274640	0.57462358682818
4.8463054962819	0.57462520813643
4.8408276764088	0.57462685354468
4.8353622258065	0.57462852214773
4.8299091026261	0.57463021303136
4.8244682652076	0.57463192527267
4.8190396720784	0.57463365794030
4.8136232819525	0.57463541009482
4.8082190537289	0.57463718078898
4.8028269464915	0.57463896906802
4.7974469195071	0.57464077397003
4.7920789322251	0.57464259452618
4.7867229442759	0.57464442976113
4.7813789154705	0.57464627869328
4.7760468057989	0.57464814033509
4.7707265754297	0.57465001369348
4.7654181847083	0.57465189777005
4.7601215941569	0.57465379156148
4.7548367644726	0.57465569405983
4.7495636565272	0.57465760425289
4.7443022313657	0.57465952112448
4.7390524502055	0.57466144365483
4.7338142744355	0.57466337082087
4.7285876656151	0.57466530159660
4.7233725854735	0.57466723495343
4.7181689959081	0.57466916986050
4.7129768589844	0.57467110528503
4.7077961369347	0.57467304019268
4.7026267921569	0.57467497354787
4.6974687872140	0.57467690431416
4.6923220848333	0.57467883145456
4.6871866479049	0.57468075393191
4.6820624394815	0.57468267070920
4.6769494227769	0.57468458074994
4.6718475611657	0.57468648301851
4.6667568181818	0.57468837648052
4.6616771575183	0.57469026010313
4.6566085430258	0.57469213285544
4.6515509387122	0.57469399370881
4.6465043087415	0.57469584163724
4.6414686174330	0.57469767561772
4.6364438292607	0.57469949463056
4.6314299088522	0.57470129765978
4.6264268209877	0.57470308369343
4.6214345305997	0.57470485172397
4.6164530027718	0.57470660074861
4.6114822027380	0.57470832976966
4.6065220958820	0.57471003779489
4.6015726477360	0.57471172383789
4.5966338239804	0.57471338691840
4.5917055904426	0.57471502606267
4.5867879130967	0.57471664030384
4.5818807580621	0.57471822868224
4.5769840916031	0.57471979024576
4.5720978801281	0.57472132405021
4.5672220901889	0.57472282915967
4.5623566884797	0.57472430464679
4.5575016418364	0.57472574959317
4.5526569172361	0.57472716308973
4.5478224817961	0.57472854423699
4.5429983027731	0.57472989214544
4.5381843475628	0.57473120593588
4.5333805836988	0.57473248473975
4.5285869788520	0.57473372769947
4.5238035008299	0.57473493396877
4.5190301175761	0.57473610271302
4.5142667971691	0.57473723310954
4.5095135078219	0.57473832434795
4.5047702178813	0.57473937563051
4.5000368958271	0.57474038617238
4.4953135102714	0.57474135520200
4.4906000299581	0.57474228196137
4.4858964237618	0.57474316570638
4.4812026606876	0.57474400570711
4.4765187098701	0.57474480124816
4.4718445405728	0.57474555162891
4.4671801221875	0.57474625616387
4.4625254242334	0.57474691418296
4.4578804163569	0.57474752503179
4.4532450683304	0.57474808807196
4.4486193500519	0.57474860268139
4.4440032315446	0.57474906825451
4.4393966829557	0.57474948420266
4.4347996745562	0.57474984995428
4.4302121767401	0.57475016495519
4.4256341600236	0.57475042866893
4.4210655950450	0.57475064057693
4.4165064525633	0.57475080017887
4.4119567034584	0.57475090699283
4.4074163187298	0.57475096055565
4.4028852694963	0.57475096042312
4.3983635269953	0.57475090617020
4.3938510625824	0.57475079739135
4.3893478477306	0.57475063370068
4.3848538540295	0.57475041473222
4.3803690531853	0.57475014014015
4.3758934170194	0.57474980959898
4.3714269174686	0.57474942280384
4.3669695265841	0.57474897947062
4.3625212165309	0.57474847933623
4.3580819595871	0.57474792215876
4.3536517281441	0.57474730771769
4.3492304947048	0.57474663581411
4.3448182318841	0.57474590627087
4.3404149124077	0.57474511893275
4.3360205091119	0.57474427366668
4.3316349949429	0.57474337036189
4.3272583429561	0.57474240893003
4.3228905263158	0.57474138930541
4.3185315182944	0.57474031144508
4.3141812922723	0.57473917532899
4.3098398217366	0.57473798096017
4.3055070802815	0.57473672836481
4.3011830416069	0.57473541759242
4.2968676795184	0.57473404871594
4.2925609679267	0.57473262183186
4.2882628808468	0.57473113706031
4.2839733923978	0.57472959454518
4.2796924768023	0.57472799445422
4.2754201083856	0.57472633697911
4.2711562615757	0.57472462233554
4.2669009109024	0.57472285076332
4.2626540309967	0.57472102252639
4.2584155965909	0.57471913791294
4.2541855825174	0.57471719723542
4.2499639637085	0.57471520083061
4.2457507151961	0.57471314905966
4.2415458121109	0.57471104230812
4.2373492296820	0.57470888098594
4.2331609432364	0.57470666552754
4.2289809281986	0.57470439639177
4.2248091600902	0.57470207406195
4.2206456145291	0.57469969904584
4.2164902672293	0.57469727187565
4.2123430940003	0.57469479310802
4.2082040707468	0.57469226332396
4.2040731734680	0.57468968312885
4.1999503782572	0.57468705315240
4.1958356613016	0.57468437404859
4.1917289988814	0.57468164649558
4.1876303673697	0.57467887119572
4.1835397432319	0.57467604887540
4.1794571030252	0.57467318028500
4.1753824233983	0.57467026619884
4.1713156810909	0.57466730741499
4.1672568529330	0.57466430475525
4.1632059158450	0.57466125906500
4.1591628468368	0.57465817121308
4.1551276230076	0.57465504209167
4.1511002215453	0.57465187261613
4.1470806197261	0.57464866372486
4.1430687949143	0.57464541637918
4.1390647245616	0.57464213156312
4.1350683862069	0.57463881028325
4.1310797574755	0.57463545356856
4.1270988160793	0.57463206247017
4.1231255398157	0.57462863806123
4.1191599065677	0.57462518143666
4.1152018943034	0.57462169371294
4.1112514810752	0.57461817602791
4.1073086450199	0.57461462954050
4.1033733643581	0.57461105543054
4.0994456173937	0.57460745489847
4.0955253825137	0.57460382916508
4.0916126381875	0.57460017947127
4.0877073629670	0.57459650707778
4.0838095354856	0.57459281326486
4.0799191344584	0.57458909933202
4.0760361386812	0.57458536659771
4.0721605270307	0.57458161639901
4.0682922784638	0.57457785009133
4.0644313720174	0.57457406904803
4.0605777868075	0.57457027466015
4.0567315020298	0.57456646833602
4.0528924969582	0.57456265150092
4.0490607509454	0.57455882559671
4.0452362434219	0.57455499208145
4.0414189538959	0.57455115242906
4.0376088619529	0.57454730812886
4.0338059472551	0.57454346068523
4.0300101895416	0.57453961161719
4.0262215686274	0.57453576245794
4.0224400644036	0.57453191475451
4.0186656568365	0.57452807006725
4.0148983259676	0.57452422996944
4.0111380519133	0.57452039604680
4.0073848148643	0.57451656989706
4.0036385950855	0.57451275312946
3.9998993729153	0.57450894736429
3.9961671287657	0.57450515423240
3.9924418431216	0.57450137537471
3.9887234965407	0.57449761244168
3.9850120696531	0.57449386709281
3.9813075431607	0.57449014099614
3.9776098978373	0.57448643582766
3.9739191145281	0.57448275327083
3.9702351741491	0.57447909501601
3.9665580576872	0.57447546275987
3.9628877461996	0.57447185820487
3.9592242208135	0.57446828305867
3.9555674627260	0.57446473903353
3.9519174532033	0.57446122784574
3.9482741735809	0.57445775121499
3.9446376052632	0.57445431086380
3.9410077297226	0.57445090851686
3.9373845285001	0.57444754590044
3.9337679832043	0.57444422474173
3.9301580755113	0.57444094676821
3.9265547871644	0.57443771370700
3.9229580999738	0.57443452728417
3.9193679958164	0.57443138922414
3.9157844566353	0.57442830124891
3.9122074644395	0.57442526507746
3.9086370013038	0.57442228242500
3.9050730493682	0.57441935500233
3.9015155908381	0.57441648451504
3.8979646079834	0.57441367266289
3.8944200831385	0.57441092113903
3.8908819987021	0.57440823162927
3.8873503371369	0.57440560581135
3.8838250809690	0.57440304535421
3.8803062127880	0.57440055191719
3.8767937152463	0.57439812714933
3.8732875710594	0.57439577268851
3.8697877630050	0.57439349016078
3.8662942739231	0.57439128117946
3.8628070867156	0.57438914734445
3.8593261843460	0.57438709024137
3.8558515498392	0.57438511144075
3.8523831662812	0.57438321249725
3.8489210168186	0.57438139494880
3.8454650846588	0.57437966031582
3.8420153530693	0.57437801010031
3.8385718053777	0.57437644578509
3.8351344249712	0.57437496883289
3.8317031952965	0.57437358068551
3.8282780998595	0.57437228276297
3.8248591222251	0.57437107646262
3.8214462460166	0.57436996315830
3.8180394549159	0.57436894419939
3.8146387326632	0.57436802090999
3.8112440630562	0.57436719458800
3.8078554299505	0.57436646650420
3.8044728172589	0.57436583790136
3.8010962089514	0.57436530999333
3.7977255890550	0.57436488396411
3.7943609416530	0.57436456096693
3.7910022508852	0.57436434212332
3.7876495009476	0.57436422852217
3.7843026760919	0.57436422121879
3.7809617606256	0.57436432123396
3.7776267389113	0.57436452955298
3.7742975953670	0.57436484712473
3.7709743144654	0.57436527486065
3.7676568807339	0.57436581363385
3.7643452787544	0.57436646427808
3.7610394931627	0.57436722758677
3.7577395086488	0.57436810431204
3.7544453099562	0.57436909516375
3.7511568818819	0.57437020080844
3.7478742092762	0.57437142186842
3.7445972770422	0.57437275892069
3.7413260701360	0.57437421249598
3.7380605735661	0.57437578307774
3.7348007723932	0.57437747110113
3.7315466517301	0.57437927695197
3.7282981967417	0.57438120096577
3.7250553926441	0.57438324342668
3.7218182247052	0.57438540456648
3.7185866782436	0.57438768456353
3.7153607386293	0.57439008354175
3.7121403912828	0.57439260156960
3.7089256216751	0.57439523865900
3.7057164153276	0.57439799476436
3.7025127578115	0.57440086978146
3.6993146347483	0.57440386354646
3.6961220318087	0.57440697583482
3.6929349347130	0.57441020636029
3.6897533292308	0.57441355477380
3.6865772011805	0.57441702066248
3.6834065364295	0.57442060354853
3.6802413208937	0.57442430288822
3.6770815405372	0.57442811807082
3.6739271813725	0.57443204841752
3.6707782294600	0.57443609318041
3.6676346709078	0.57444025154137
3.6644964918714	0.57444452261105
3.6613636785540	0.57444890542780
3.6582362172056	0.57445339895659
3.6551140941234	0.57445800208797
3.6519972956511	0.57446271363701
3.6488858081792	0.57446753234221
3.6457796181442	0.57447245686446
3.6426787120292	0.57447748578600
3.6395830763628	0.57448261760932
3.6364926977196	0.57448785075612
3.6334075627197	0.57449318356624
3.6303276580286	0.57449861429664
3.6272529703569	0.57450414112031
3.6241834864603	0.57450976212521
3.6211191931393	0.57451547531326
3.6180600772387	0.57452127859925
3.6150061256481	0.57452716980980
3.6119573253012	0.57453314668236
3.6089136631756	0.57453920686409
3.6058751262930	0.57454534791087
3.6028417017185	0.57455156728628
3.5998133765610	0.57455786236052
3.5967901379724	0.57456423040940
3.5937719731479	0.57457066861334
3.5907588693257	0.57457717405630
3.5877508137865	0.57458374372479
3.5847477938539	0.57459037450688
3.5817497968937	0.57459706319113
3.5787568103140	0.57460380646564
3.5757688215649	0.57461060091702
3.5727858181385	0.57461744302940
3.5698077875685	0.57462432918348
3.5668347174301	0.57463125565548
3.5638665953400	0.57463821861621
3.5609034089559	0.57464521413008
3.5579451459767	0.57465223815415
3.5549917941421	0.57465928653716
3.5520433412322	0.57466635501859
3.5490997750681	0.57467343922768
3.5461610835108	0.57468053468255
3.5432272544616	0.57468763678924
3.5402982758621	0.57469474084077
3.5373741356932	0.57470184201627
3.5344548219759	0.57470893538003
3.5315403227706	0.57471601588065
3.5286306261770	0.57472307835012
3.5257257203340	0.57473011750293
3.5228255934195	0.57473712793525
3.5199302336503	0.57474410412403
3.5170396292820	0.57475104042617
3.5141537686086	0.57475793107765
3.5112726399625	0.57476477019276
3.5083962317145	0.57477155176321
3.5055245322732	0.57477826965740
3.5026575300853	0.57478491761956
3.4997952136353	0.57479148926898
3.4969375714452	0.57479797809928
3.4940845920746	0.57480437747759
3.4912362641202	0.57481068064385
3.4883925762160	0.57481688071004
3.4855535170329	0.57482297065950
3.4827190752788	0.57482894334616
3.4798892396982	0.57483479149391
3.4770639990721	0.57484050769588
3.4742433422181	0.57484608441378
3.4714272579898	0.57485151397725
3.4686157352771	0.57485678858324
3.4658087630058	0.57486190029534
3.4630063301375	0.57486684104324
3.4602084256694	0.57487160262207
3.4574150386345	0.57487617669188
3.4546261581009	0.57488055477704
3.4518417731721	0.57488472826574
3.4490618729867	0.57488868840941
3.4462864467180	0.57489242632228
3.4435154835745	0.57489593298082
3.4407489727993	0.57489919922331
3.4379869036697	0.57490221574939
3.4352292654979	0.57490497311957
3.4324760476300	0.57490746175491
3.4297272394463	0.57490967193650
3.4269828303612	0.57491159380521
3.4242428098230	0.57491321736122
3.4215071673134	0.57491453246375
3.4187758923480	0.57491552883071
3.4160489744758	0.57491619603843
3.4133264032791	0.57491652352135
3.4106081683732	0.57491650057181
3.4078942594066	0.57491611633976
3.4051846660609	0.57491535983259
3.4024793780502	0.57491421991495
3.3997783851213	0.57491268530853
3.3970816770538	0.57491074459199
3.3943892436594	0.57490838620078
3.3917010747822	0.57490559842708
3.3890171602984	0.57490236941972
3.3863374901163	0.57489868718410
3.3836620541761	0.57489453958224
3.3809908424495	0.57488991433271
3.3783238449403	0.57488479901071
3.3756610516834	0.57487918104807
3.3730024527453	0.57487304773340
3.3703480382237	0.57486638621213
3.3676977982476	0.57485918348667
3.3650517229768	0.57485142641658
3.3624098026021	0.57484310171874
3.3597720273451	0.57483419596756
3.3571383874580	0.57482469559524
3.3545088732237	0.57481458689204
3.3518834749553	0.57480385600655
3.3492621829963	0.57479248894604
3.3466449877205	0.57478047157683
3.3440318795315	0.57476778962463
3.3414228488631	0.57475442867502
3.3388178861789	0.57474037417383
3.3362169819720	0.57472561142766
3.3336201267653	0.57471012560436
3.3310273111111	0.57469390173359
