#Parameters = {thARC=1; nARC=2.25; thsub=1; p=1; nSub=4.75}
#"Wavelength / um"	"T (846) [Real Part]"
#---------------------------------------
14.989622900000	0.79623286612836
14.937342202292	0.79773348668660
14.885424925521	0.79923511693643
14.833867293419	0.80073770786814
14.782665581854	0.80224120945130
14.731816117936	0.80374557062992
14.681315279138	0.80525073931768
14.631159492435	0.80675666239346
14.581345233463	0.80826328569700
14.531869025691	0.80977055402474
14.482727439614	0.81127841112596
14.433917091960	0.81278679969903
14.385434644914	0.81429566138795
14.337276805356	0.81580493677904
14.289440324118	0.81731456539794
14.241921995249	0.81882448570676
14.194718655303	0.82033463510152
14.147827182633	0.82184494990979
14.101244496707	0.82335536538860
14.054967557431	0.82486581572260
14.008993364486	0.82637623402248
13.963318956684	0.82788655232361
13.917941411328	0.82939670158497
13.872857843591	0.83090661168840
13.828065405904	0.83241621143803
13.783561287356	0.83392542856006
13.739342713107	0.83543418970277
13.695406943810	0.83694242043691
13.651751275046	0.83845004525628
13.608373036768	0.83995698757866
13.565269592760	0.84146316974706
13.522438340099	0.84296851303124
13.479876708633	0.84447293762959
13.437582160466	0.84597636267128
13.395552189455	0.84747870621875
13.353784320713	0.84897988527058
13.312276110124	0.85047981576462
13.271025143869	0.85197841258149
13.230029037952	0.85347558954841
13.189285437747	0.85497125944344
13.148792017544	0.85646533399997
13.108546480105	0.85795772391163
13.068546556234	0.85944833883760
13.028790004346	0.86093708740814
12.989274610052	0.86242387723070
12.949998185745	0.86390861489619
12.910958570198	0.86539120598581
12.872153628167	0.86687155507809
12.833581250000	0.86834956575653
12.795239351259	0.86982514061737
12.757125872340	0.87129818127801
12.719238778108	0.87276858838562
12.681576057530	0.87423626162629
12.644135723323	0.87570109973452
12.606915811606	0.87716300050313
12.569914381551	0.87862186079357
12.533129515050	0.88007757654667
12.496559316382	0.88153004279378
12.460201911887	0.88297915366836
12.424055449648	0.88442480241794
12.388118099174	0.88586688141657
12.352388051092	0.88730528217761
12.316863516845	0.88873989536708
12.281542728390	0.89017061081727
12.246423937908	0.89159731754095
12.211505417515	0.89301990374588
12.176785458976	0.89443825684983
12.142262373431	0.89585226349601
12.107934491115	0.89726180956896
12.073800161095	0.89866678021081
12.039857751004	0.90006705983810
12.006105646776	0.90146253215889
11.972542252396	0.90285308019041
11.939165989646	0.90423858627714
11.905975297855	0.90561893210927
11.872968633663	0.90699399874165
11.840144470774	0.90836366661317
11.807501299724	0.90972781556653
11.775037627651	0.91108632486850
11.742751978065	0.91243907323058
11.710642890625	0.91378593883009
11.678708920919	0.91512679933170
11.646948640249	0.91646153190938
11.615360635413	0.91779001326873
11.583943508501	0.91911211966985
11.552695876686	0.92042772695044
11.521616372022	0.92173671054949
11.490703641242	0.92303894553127
11.459956345566	0.92433430660977
11.429373160503	0.92562266817350
11.398952775665	0.92690390431073
11.368693894577	0.92817788883508
11.338595234493	0.92944449531155
11.308655526217	0.93070359708283
11.278873513920	0.93195506729609
11.249247954972	0.93319877893005
11.219777619760	0.93443460482248
11.190461291527	0.93566241769799
11.161297766195	0.93688209019622
11.132285852209	0.93809349490030
11.103424370370	0.93929650436571
11.074712153676	0.94049099114942
11.046148047163	0.94167682783937
11.017730907755	0.94285388708418
10.989459604106	0.94402204162328
10.961333016453	0.94518116431722
10.933350036470	0.94633112817829
10.905509567115	0.94747180640143
10.877810522496	0.94860307239534
10.850251827723	0.94972479981387
10.822832418773	0.95083686258769
10.795551242348	0.95193913495606
10.768407255747	0.95303149149893
10.741399426729	0.95411380716917
10.714526733381	0.95518595732503
10.687788163993	0.95624781776274
10.661182716927	0.95729926474926
10.634709400497	0.95834017505527
10.608367232838	0.95937042598815
10.582155241793	0.96038989542523
10.556072464789	0.96139846184705
10.530117948718	0.96239600437073
10.504290749825	0.96338240278348
10.478589933590	0.96435753757610
10.453014574616	0.96532128997657
10.427563756522	0.96627354198370
10.402236571825	0.96721417640074
10.377032121841	0.96814307686906
10.351949516575	0.96906012790175
10.326987874612	0.96996521491731
10.302146323024	0.97085822427317
10.277423997257	0.97173904329925
10.252820041040	0.97260756033141
10.228333606278	0.97346366474480
10.203963852961	0.97430724698715
10.179709949066	0.97513819861189
10.155571070461	0.97595641231118
10.131546400811	0.97676178194877
10.107635131490	0.97755420259266
10.083836461487	0.97833357054763
10.060149597315	0.97909978338755
10.036573752929	0.97985273998740
10.013108149633	0.98059234055520
9.9897520159947	0.98131848666354
9.9665045877660	0.98203108128093
9.9433651077944	0.98273002880285
9.9203328259431	0.98341523508248
9.8974069990096	0.98408660746108
9.8745868906456	0.98474405479814
9.8518717712783	0.98538748750108
9.8292609180328	0.98601681755461
9.8067536146549	0.98663195854968
9.7843491514360	0.98723282571215
9.7620468251384	0.98781933593086
9.7398459389214	0.98839140778539
9.7177458022690	0.98894896157337
9.6957457309185	0.98949191933726
9.6738450467893	0.99002020489073
9.6520430779137	0.99053374384447
9.6303391583681	0.99103246363153
9.6087326282051	0.99151629353216
9.5872228333866	0.99198516469809
9.5658091257179	0.99243901017620
9.5444908627826	0.99287776493174
9.5232674078780	0.99330136587087
9.5021381299525	0.99370975186267
9.4811024035421	0.99410286376051
9.4601596087094	0.99448064442280
9.4393091309824	0.99484303873311
9.4185503612944	0.99518999361973
9.3978826959248	0.99552145807439
9.3773055364404	0.99583738317052
9.3568182896380	0.99613772208068
9.3364203674868	0.99642243009340
9.3161111870727	0.99669146462927
9.2958901705426	0.99694478525631
9.2757567450495	0.99718235370471
9.2557103426984	0.99740413388071
9.2357504004929	0.99761009187990
9.2158763602828	0.99780019599964
9.1960876687117	0.99797441675079
9.1763837771656	0.99813272686874
9.1567641417227	0.99827510132355
9.1372282231027	0.99840151732944
9.1177754866180	0.99851195435343
9.0984054021244	0.99860639412325
9.0791174439733	0.99868482063440
9.0599110909640	0.99874722015652
9.0407858262967	0.99879358123885
9.0217411375263	0.99882389471502
9.0027765165165	0.99883815370692
8.9838914593947	0.99883635362786
8.9650854665072	0.99881849218487
8.9463580423754	0.99878456938025
8.9277086956522	0.99873458751227
8.9091369390788	0.99866855117511
8.8906422894425	0.99858646725792
8.8722242675348	0.99848834494318
8.8538823981099	0.99837419570419
8.8356162098438	0.99824403330178
8.8174252352941	0.99809787378023
8.7993090108600	0.99793573546238
8.7812670767428	0.99775763894397
8.7632989769073	0.99756360708718
8.7454042590432	0.99735366501341
8.7275824745269	0.99712784009526
8.7098331783847	0.99688616194773
8.6921559292549	0.99662866241870
8.6745502893519	0.99635537557863
8.6570158244297	0.99606633770947
8.6395521037464	0.99576158729290
8.6221587000288	0.99544116499776
8.6048351894374	0.99510511366682
8.5875811515325	0.99475347830279
8.5703961692396	0.99438630605362
8.5532798288160	0.99400364619710
8.5362317198178	0.99360555012480
8.5192514350668	0.99319207132532
8.5023385706183	0.99276326536683
8.4854927257288	0.99231918987898
8.4687135028249	0.99185990453422
8.4520005074711	0.99138547102837
8.4353533483399	0.99089595306066
8.4187716371806	0.99039141631313
8.4022549887892	0.98987192842944
8.3858030209790	0.98933755899307
8.3694153545505	0.98878837950499
8.3530916132627	0.98822446336075
8.3368314238042	0.98764588582704
8.3206344157646	0.98705272401769
8.3045002216066	0.98644505686922
8.2884284766381	0.98582296511582
8.2724188189845	0.98518653126388
8.2564708895621	0.98453583956610
8.2405843320506	0.98387097599503
8.2247587928669	0.98319202821629
8.2089939211391	0.98249908556130
8.1932893686800	0.98179223899964
8.1776447899618	0.98107158111097
8.1620598420909	0.98033720605664
8.1465341847826	0.97958920955092
8.1310674803363	0.97882768883184
8.1156593936113	0.97805274263180
8.1003095920022	0.97726447114777
8.0850177454153	0.97646297601128
8.0697835262450	0.97564836025809
8.0546066093498	0.97482072829759
8.0394866720300	0.97398018588202
8.0244233940043	0.97312684007539
8.0094164573871	0.97226079922225
7.9944655466667	0.97138217291622
7.9795703486825	0.97049107196837
7.9647305526036	0.96958760837545
7.9499458499072	0.96867189528796
7.9352159343568	0.96774404697805
7.9205405019815	0.96680417880741
7.9059192510549	0.96585240719499
7.8913518820742	0.96488884958463
7.8768380977404	0.96391362441270
7.8623776029373	0.96292685107561
7.8479701047120	0.96192864989733
7.8336153122550	0.96091914209690
7.8193129368805	0.95989844975593
7.8050626920073	0.95886669578606
7.7908642931393	0.95782400389656
7.7767174578470	0.95677049856187
7.7626219057483	0.95570630498924
7.7485773584906	0.95463154908643
7.7345835397317	0.95354635742952
7.7206401751223	0.95245085723077
7.7067469922879	0.95134517630666
7.6929037208109	0.95022944304597
7.6791100922131	0.94910378637809
7.6653658399386	0.94796833574139
7.6516706993364	0.94682322105184
7.6380244076433	0.94566857267175
7.6244267039674	0.94450452137870
7.6108773292714	0.94333119833470
7.5973760263558	0.94214873505554
7.5839225398432	0.94095726338036
7.5705166161616	0.93975691544144
7.5571580035291	0.93854782363428
7.5438464519376	0.93733012058791
7.5305817131374	0.93610393913540
7.5173635406219	0.93486941228476
7.5041916896120	0.93362667319004
7.4910659170415	0.93237585512273
7.4779859815415	0.93111709144348
7.4649516434263	0.92985051557414
7.4519626646781	0.92857626097005
7.4390188089330	0.92729446109274
7.4261198414664	0.92600524938291
7.4132655291790	0.92470875923376
7.4004556405826	0.92340512396466
7.3876899457861	0.92209447679516
7.3749682164822	0.92077695081940
7.3622902259332	0.91945267898087
7.3496557489581	0.91812179404747
7.3370645619187	0.91678442858706
7.3245164427071	0.91544071494329
7.3120111707317	0.91409078521188
7.2995485269053	0.91273477121727
7.2871282936315	0.91137280448960
7.2747502547925	0.91000501624221
7.2624141957364	0.90863153734945
7.2501199032648	0.90725249832489
7.2378671656205	0.90586802929999
7.2256557724753	0.90447826000314
7.2134855149182	0.90308331973911
7.2013561854432	0.90168333736894
7.1892675779376	0.90027844129021
7.1772194876706	0.89886875941778
7.1652117112811	0.89745441916487
7.1532440467669	0.89603554742460
7.1413162934731	0.89461227055201
7.1294282520809	0.89318471434635
7.1175797245964	0.89175300403397
7.1057705143399	0.89031726425147
7.0940004259347	0.88887761902939
7.0822692652965	0.88743419177624
7.0705768396226	0.88598710526298
7.0589229573817	0.88453648160796
7.0473074283028	0.88308244226217
7.0357300633654	0.88162510799502
7.0241906747891	0.88016459888049
7.0126890760234	0.87870103428363
7.0012250817375	0.87723453284762
6.9897985078107	0.87576521248106
6.9784091713222	0.87429319034582
6.9670568905415	0.87281858284520
6.9557414849188	0.87134150561253
6.9444627750753	0.86986207350017
6.9332205827937	0.86838040056888
6.9220147310090	0.86689660007764
6.9108450437990	0.86541078447377
6.8997113463751	0.86392306538352
6.8886134650735	0.86243355360302
6.8775512273457	0.86094235908960
6.8665244617499	0.85944959095347
6.8555329979419	0.85795535744981
6.8445766666667	0.85645976597121
6.8336552997493	0.85496292304047
6.8227687300865	0.85346493430379
6.8119167916383	0.85196590452426
6.8010993194192	0.85046593757574
6.7903161494904	0.84896513643713
6.7795671189507	0.84746360318687
6.7688520659291	0.84596143899788
6.7581708295762	0.84445874413283
6.7475232500563	0.84295561793964
6.7369091685393	0.84145215884743
6.7263284271932	0.83994846436273
6.7157808691756	0.83844463106596
6.7052663386267	0.83694075460836
6.6947846806610	0.83543692970903
6.6843357413601	0.83393325015246
6.6739193677649	0.83242980878624
6.6635354078684	0.83092669751908
6.6531837106081	0.82942400731915
6.6428641258586	0.82792182821267
6.6325765044248	0.82642024928276
6.6223206980340	0.82491935866862
6.6120965593295	0.82341924356491
6.6019039418630	0.82191999022142
6.5917427000879	0.82042168394301
6.5816126893524	0.81892440908976
6.5715137658922	0.81742824907737
6.5614457868243	0.81593328637788
6.5514086101399	0.81443960252046
6.5414020946978	0.81294727809261
6.5314261002179	0.81145639274147
6.5214804872743	0.80996702517535
6.5115651172893	0.80847925316554
6.5016798525266	0.80699315354828
6.4918245560849	0.80550880222693
6.4819990918919	0.80402627417436
6.4722033246978	0.80254564343553
6.4624371200690	0.80106698313025
6.4527003443823	0.79959036545610
6.4429928648184	0.79811586169159
6.4333145493562	0.79664354219945
6.4236652667667	0.79517347643007
6.4140448866068	0.79370573292516
6.4044532792138	0.79224037932153
6.3948903156997	0.79077748235503
6.3853558679446	0.78931710786463
6.3758498085921	0.78785932079670
6.3663720110427	0.78640418520934
6.3569223494487	0.78495176427693
6.3475006987084	0.78350212029476
6.3381069344609	0.78205531468381
6.3287409330800	0.78061140799564
6.3194025716695	0.77917045991742
6.3100917280572	0.77773252927704
6.3008082807902	0.77629767404839
6.2915521091291	0.77486595135663
6.2823230930427	0.77343741748371
6.2731211132036	0.77201212787391
6.2639460509820	0.77059013713941
6.2547977884415	0.76917149906612
6.2456762083333	0.76775626661940
6.2365811940919	0.76634449195003
6.2275126298297	0.76493622640016
6.2184704003319	0.76353152050933
6.2094543910522	0.76213042402066
6.2004644881075	0.76073298588698
6.1915005782734	0.75933925427711
6.1825625489792	0.75794927658218
6.1736502883031	0.75656309942199
6.1647636849681	0.75518076865144
6.1559026283368	0.75380232936703
6.1470670084068	0.75242782591336
6.1382567158067	0.75105730188969
6.1294716417910	0.74969080015659
6.1207116782360	0.74832836284257
6.1119767176351	0.74697003135077
6.1032666530945	0.74561584636568
6.0945813783289	0.74426584785988
6.0859207876573	0.74292007510082
6.0772847759984	0.74157856665764
6.0686732388664	0.74024136040798
6.0600860723671	0.73890849354480
6.0515231731934	0.73758000258328
6.0429844386212	0.73625592336767
6.0344697665056	0.73493629107819
6.0259790552764	0.73362114023789
6.0175122039342	0.73231050471960
6.0090691120465	0.73100441775282
6.0006496797438	0.72970291193060
5.9922538077154	0.72840601921652
5.9838813972056	0.72711377095153
5.9755323500100	0.72582619786088
5.9672065684713	0.72454333006107
5.9589039554760	0.72326519706667
5.9506244144502	0.72199182779724
5.9423678493558	0.72072325058422
5.9341341646873	0.71945949317779
5.9259232654675	0.71820058275369
5.9177350572444	0.71694654592007
5.9095694460871	0.71569740872432
5.9014263385827	0.71445319665984
5.8933056418321	0.71321393467286
5.8852072634472	0.71197964716914
5.8771311115468	0.71075035802073
5.8690770947533	0.70952609057269
5.8610451221896	0.70830686764973
5.8530351034752	0.70709271156293
5.8450469487229	0.70588364411628
5.8370805685358	0.70467968661335
5.8291358740035	0.70348085986383
5.8212127766990	0.70228718419003
5.8133111886756	0.70109867943344
5.8054310224632	0.69991536496115
5.7975721910656	0.69873725967231
5.7897346079567	0.69756438200451
5.7819181870781	0.69639674994014
5.7741228428351	0.69523438101272
5.7663484900942	0.69407729231318
5.7585950441798	0.69292550049611
5.7508624208709	0.69177902178594
5.7431505363985	0.69063787198315
5.7354593074421	0.68950206647033
5.7277886511272	0.68837162021833
5.7201384850219	0.68724654779223
5.7125087271341	0.68612686335741
5.7048992959087	0.68501258068541
5.6973101102242	0.68390371315993
5.6897410893908	0.68280027378261
5.6821921531463	0.68170227517891
5.6746632216544	0.68060972960386
5.6671542155009	0.67952264894776
5.6596650556919	0.67844104474190
5.6521956636501	0.67736492816416
5.6447459612126	0.67629431004461
5.6373158706281	0.67522920087104
5.6299053145540	0.67416961079447
5.6225142160540	0.67311554963457
5.6151424985952	0.67206702688504
5.6077900860456	0.67102405171900
5.6004569026714	0.66998663299425
5.5931428731343	0.66895477925853
5.5858479224893	0.66792849875472
5.5785719761816	0.66690779942599
5.5713149600446	0.66589268892087
5.5640768002970	0.66488317459838
5.5568574235403	0.66387926353294
5.5496567567568	0.66288096251937
5.5424747273063	0.66188827807782
5.5353112629247	0.66090121645854
5.5281662917204	0.65991978364677
5.5210397421731	0.65894398536745
5.5139315431304	0.65797382708995
5.5068416238060	0.65700931403268
5.4997699137773	0.65605045116777
5.4927163429828	0.65509724322555
5.4856808417200	0.65414969469912
5.4786633406433	0.65320780984879
5.4716637707611	0.65227159270646
5.4646820634342	0.65134104708004
5.4577181503732	0.65041617655772
5.4507719636364	0.64949698451225
5.4438434356274	0.64858347410514
5.4369324990932	0.64767564829089
5.4300390871219	0.64677350982100
5.4231631331404	0.64587706124818
5.4163045709124	0.64498630493024
5.4094633345363	0.64410124303419
5.4026393584430	0.64322187754008
5.3958325773938	0.64234821024492
5.3890429264785	0.64148024276655
5.3822703411131	0.64061797654736
5.3755147570378	0.63976141285810
5.3687761103152	0.63891055280156
5.3620543373278	0.63806539731620
5.3553493747767	0.63722594717980
5.3486611596789	0.63639220301299
5.3419896293656	0.63556416528279
5.3353347214807	0.63474183430608
5.3286963739780	0.63392521025303
5.3220745251198	0.63311429315050
5.3154691134752	0.63230908288534
5.3088800779175	0.63150957920775
5.3023073576229	0.63071578173451
5.2957508920685	0.62992768995218
5.2892106210303	0.62914530322030
5.2826864845815	0.62836862077453
5.2761784230905	0.62759764172968
5.2696863772192	0.62683236508285
5.2632102879213	0.62607278971635
5.2567500964405	0.62531891440072
5.2503057443082	0.62457073779767
5.2438771733427	0.62382825846291
5.2374643256464	0.62309147484904
5.2310671436050	0.62236038530838
5.2246855698850	0.62163498809567
5.2183195474326	0.62091528137087
5.2119690194715	0.62020126320184
5.2056339295016	0.61949293156697
5.1993142212973	0.61879028435783
5.1930098389052	0.61809331938174
5.1867207266436	0.61740203436431
5.1804468290997	0.61671642695197
5.1741880911288	0.61603649471444
5.1679444578521	0.61536223514715
5.1617158746556	0.61469364567366
5.1555022871883	0.61403072364804
5.1493036413604	0.61337346635719
5.1431198833419	0.61272187102315
5.1369509595613	0.61207593480535
5.1307968167037	0.61143565480288
5.1246574017094	0.61080102805666
5.1185326617722	0.61017205155164
5.1124225443383	0.60954872221890
5.1063269971044	0.60893103693778
5.1002459680163	0.60831899253798
5.0941794052676	0.60771258580154
5.0881272572980	0.60711181346492
5.0820894727920	0.60651667222092
5.0760660006773	0.60592715872072
5.0700567901235	0.60534326957569
5.0640617905405	0.60476500135939
5.0580809515775	0.60419235060937
5.0521142231210	0.60362531382905
5.0461615552937	0.60306388748949
5.0402228984533	0.60250806803119
5.0342982031906	0.60195785186586
5.0283874203287	0.60141323537813
5.0224905009214	0.60087421492724
5.0166073962517	0.60034078684875
5.0107380578305	0.59981294745615
5.0048824373957	0.59929069304251
4.9990404869101	0.59877401988205
4.9932121585610	0.59826292423175
4.9873974047579	0.59775740233286
4.9815961781323	0.59725745041246
4.9758084315353	0.59676306468492
4.9700341180371	0.59627424135340
4.9642731909256	0.59579097661133
4.9585256037049	0.59531326664375
4.9527913100942	0.59484110762883
4.9470702640264	0.59437449573917
4.9413624196473	0.59391342714320
4.9356677313138	0.59345789800652
4.9299861535932	0.59300790449319
4.9243176412615	0.59256344276707
4.9186621493027	0.59212450899308
4.9130196329072	0.59169109933844
4.9073900474709	0.59126320997392
4.9017733485939	0.59084083707507
4.8961694920790	0.59042397682340
4.8905784339315	0.59001262540756
4.8850001303569	0.58960677902450
4.8794345377604	0.58920643388059
4.8738816127459	0.58881158619281
4.8683413121143	0.58842223218975
4.8628135928629	0.58803836811279
4.8572984121841	0.58765999021710
4.8517957274640	0.58728709477272
4.8463054962819	0.58691967806560
4.8408276764088	0.58655773639860
4.8353622258065	0.58620126609250
4.8299091026261	0.58585026348695
4.8244682652076	0.58550472494149
4.8190396720784	0.58516464683648
4.8136232819525	0.58483002557400
4.8082190537289	0.58450085757882
4.8028269464915	0.58417713929929
4.7974469195071	0.58385886720820
4.7920789322251	0.58354603780371
4.7867229442759	0.58323864761016
4.7813789154705	0.58293669317893
4.7760468057989	0.58264017108930
4.7707265754297	0.58234907794924
4.7654181847083	0.58206341039622
4.7601215941569	0.58178316509801
4.7548367644726	0.58150833875344
4.7495636565272	0.58123892809321
4.7443022313657	0.58097492988058
4.7390524502055	0.58071634091217
4.7338142744355	0.58046315801865
4.7285876656151	0.58021537806547
4.7233725854735	0.57997299795357
4.7181689959081	0.57973601462006
4.7129768589844	0.57950442503892
4.7077961369347	0.57927822622163
4.7026267921569	0.57905741521789
4.6974687872140	0.57884198911622
4.6923220848333	0.57863194504460
4.6871866479049	0.57842728017112
4.6820624394815	0.57822799170459
4.6769494227769	0.57803407689513
4.6718475611657	0.57784553303478
4.6667568181818	0.57766235745806
4.6616771575183	0.57748454754258
4.6566085430258	0.57731210070961
4.6515509387122	0.57714501442458
4.6465043087415	0.57698328619770
4.6414686174330	0.57682691358443
4.6364438292607	0.57667589418606
4.6314299088522	0.57653022565020
4.6264268209877	0.57638990567131
4.6214345305997	0.57625493199118
4.6164530027718	0.57612530239945
4.6114822027380	0.57600101473405
4.6065220958820	0.57588206688174
4.6015726477360	0.57576845677853
4.5966338239804	0.57566018241014
4.5917055904426	0.57555724181249
4.5867879130967	0.57545963307210
4.5818807580621	0.57536735432654
4.5769840916031	0.57528040376489
4.5720978801281	0.57519877962809
4.5672220901889	0.57512248020943
4.5623566884797	0.57505150385491
4.5575016418364	0.57498584896363
4.5526569172361	0.57492551398823
4.5478224817961	0.57487049743521
4.5429983027731	0.57482079786535
4.5381843475628	0.57477641389405
4.5333805836988	0.57473734419174
4.5285869788520	0.57470358748415
4.5238035008299	0.57467514255274
4.5190301175761	0.57465200823499
4.5142667971691	0.57463418342476
4.5095135078219	0.57462166707260
4.5047702178813	0.57461445818606
4.5000368958271	0.57461255583004
4.4953135102714	0.57461595912706
4.4906000299581	0.57462466725756
4.4858964237618	0.57463867946021
4.4812026606876	0.57465799503220
4.4765187098701	0.57468261332948
4.4718445405728	0.57471253376707
4.4671801221875	0.57474775581930
4.4625254242334	0.57478827902009
4.4578804163569	0.57483410296319
4.4532450683304	0.57488522730241
4.4486193500519	0.57494165175187
4.4440032315446	0.57500337608624
4.4393966829557	0.57507040014095
4.4347996745562	0.57514272381241
4.4302121767401	0.57522034705821
4.4256341600236	0.57530326989735
4.4210655950450	0.57539149241039
4.4165064525633	0.57548501473969
4.4119567034584	0.57558383708955
4.4074163187298	0.57568795972641
4.4028852694963	0.57579738297898
4.3983635269953	0.57591210723846
4.3938510625824	0.57603213295863
4.3893478477306	0.57615746065603
4.3848538540295	0.57628809091008
4.3803690531853	0.57642402436321
4.3758934170194	0.57656526172100
4.3714269174686	0.57671180375225
4.3669695265841	0.57686365128913
4.3625212165309	0.57702080522725
4.3580819595871	0.57718326652576
4.3536517281441	0.57735103620741
4.3492304947048	0.57752411535864
4.3448182318841	0.57770250512965
4.3404149124077	0.57788620673443
4.3360205091119	0.57807522145079
4.3316349949429	0.57826955062045
4.3272583429561	0.57846919564901
4.3228905263158	0.57867415800601
4.3185315182944	0.57888443922490
4.3141812922723	0.57910004090304
4.3098398217366	0.57932096470172
4.3055070802815	0.57954721234611
4.3011830416069	0.57977878562519
4.2968676795184	0.58001568639180
4.2925609679267	0.58025791656247
4.2882628808468	0.58050547811744
4.2839733923978	0.58075837310054
4.2796924768023	0.58101660361910
4.2754201083856	0.58128017184385
4.2711562615757	0.58154908000883
4.2669009109024	0.58182333041121
4.2626540309967	0.58210292541121
4.2584155965909	0.58238786743190
4.2541855825174	0.58267815895906
4.2499639637085	0.58297380254096
4.2457507151961	0.58327480078825
4.2415458121109	0.58358115637366
4.2373492296820	0.58389287203183
4.2331609432364	0.58420995055904
4.2289809281986	0.58453239481299
4.2248091600902	0.58486020771253
4.2206456145291	0.58519339223734
4.2164902672293	0.58553195142766
4.2123430940003	0.58587588838396
4.2082040707468	0.58622520626663
4.2040731734680	0.58657990829559
4.1999503782572	0.58693999774995
4.1958356613016	0.58730547796761
4.1917289988814	0.58767635234487
4.1876303673697	0.58805262433597
4.1835397432319	0.58843429745269
4.1794571030252	0.58882137526385
4.1753824233983	0.58921386139485
4.1713156810909	0.58961175952715
4.1672568529330	0.59001507339775
4.1632059158450	0.59042380679864
4.1591628468368	0.59083796357622
4.1551276230076	0.59125754763072
4.1511002215453	0.59168256291559
4.1470806197261	0.59211301343684
4.1430687949143	0.59254890325238
4.1390647245616	0.59299023647133
4.1350683862069	0.59343701725332
4.1310797574755	0.59388924980773
4.1270988160793	0.59434693839294
4.1231255398157	0.59481008731551
4.1191599065677	0.59527870092939
4.1152018943034	0.59575278363503
4.1112514810752	0.59623233987854
4.1073086450199	0.59671737415076
4.1033733643581	0.59720789098631
4.0994456173937	0.59770389496265
4.0955253825137	0.59820539069905
4.0916126381875	0.59871238285555
4.0877073629670	0.59922487613193
4.0838095354856	0.59974287526659
4.0799191344584	0.60026638503538
4.0760361386812	0.60079541025049
4.0721605270307	0.60132995575919
4.0682922784638	0.60187002644263
4.0644313720174	0.60241562721452
4.0605777868075	0.60296676301984
4.0567315020298	0.60352343883349
4.0528924969582	0.60408565965884
4.0490607509454	0.60465343052634
4.0452362434219	0.60522675649205
4.0414189538959	0.60580564263607
4.0376088619529	0.60639009406101
4.0338059472551	0.60698011589037
4.0300101895416	0.60757571326689
4.0262215686274	0.60817689135085
4.0224400644036	0.60878365531832
4.0186656568365	0.60939601035937
4.0148983259676	0.61001396167625
4.0111380519133	0.61063751448142
4.0073848148643	0.61126667399573
4.0036385950855	0.61190144544630
3.9998993729153	0.61254183406458
3.9961671287657	0.61318784508418
3.9924418431216	0.61383948373873
3.9887234965407	0.61449675525971
3.9850120696531	0.61515966487414
3.9813075431607	0.61582821780226
3.9776098978373	0.61650241925518
3.9739191145281	0.61718227443241
3.9702351741491	0.61786778851934
3.9665580576872	0.61855896668473
3.9628877461996	0.61925581407805
3.9592242208135	0.61995833582676
3.9555674627260	0.62066653703361
3.9519174532033	0.62138042277378
3.9482741735809	0.62209999809197
3.9446376052632	0.62282526799951
3.9410077297226	0.62355623747124
3.9373845285001	0.62429291144247
3.9337679832043	0.62503529480578
3.9301580755113	0.62578339240777
3.9265547871644	0.62653720904575
3.9229580999738	0.62729674946432
3.9193679958164	0.62806201835190
3.9157844566353	0.62883302033718
3.9122074644395	0.62960975998547
3.9086370013038	0.63039224179498
3.9050730493682	0.63118047019303
3.9015155908381	0.63197444953216
3.8979646079834	0.63277418408612
3.8944200831385	0.63357967804588
3.8908819987021	0.63439093551541
3.8873503371369	0.63520796050749
3.8838250809690	0.63603075693936
3.8803062127880	0.63685932862829
3.8767937152463	0.63769367928708
3.8732875710594	0.63853381251944
3.8697877630050	0.63937973181528
3.8662942739231	0.64023144054588
3.8628070867156	0.64108894195904
3.8593261843460	0.64195223917399
3.8558515498392	0.64282133517635
3.8523831662812	0.64369623281287
3.8489210168186	0.64457693478611
3.8454650846588	0.64546344364902
3.8420153530693	0.64635576179940
3.8385718053777	0.64725389147425
3.8351344249712	0.64815783474398
3.8317031952965	0.64906759350659
3.8282780998595	0.64998316948161
3.8248591222251	0.65090456420406
3.8214462460166	0.65183177901816
3.8180394549159	0.65276481507104
3.8146387326632	0.65370367330622
3.8112440630562	0.65464835445709
3.8078554299505	0.65559885904012
3.8044728172589	0.65655518734806
3.8010962089514	0.65751733944298
3.7977255890550	0.65848531514914
3.7943609416530	0.65945911404582
3.7910022508852	0.66043873545989
3.7876495009476	0.66142417845838
3.7843026760919	0.66241544184081
3.7809617606256	0.66341252413146
3.7776267389113	0.66441542357145
3.7742975953670	0.66542413811071
3.7709743144654	0.66643866539978
3.7676568807339	0.66745900278152
3.7643452787544	0.66848514728260
3.7610394931627	0.66951709560495
3.7577395086488	0.67055484411692
3.7544453099562	0.67159838884445
3.7511568818819	0.67264772546198
3.7478742092762	0.67370284928324
3.7445972770422	0.67476375525190
3.7413260701360	0.67583043793207
3.7380605735661	0.67690289149863
3.7348007723932	0.67798110972738
3.7315466517301	0.67906508598511
3.7282981967417	0.68015481321945
3.7250553926441	0.68125028394856
3.7218182247052	0.68235149025069
3.7185866782436	0.68345842375357
3.7153607386293	0.68457107562362
3.7121403912828	0.68568943655501
3.7089256216751	0.68681349675858
3.7057164153276	0.68794324595054
3.7025127578115	0.68907867334106
3.6993146347483	0.69021976762266
3.6961220318087	0.69136651695844
3.6929349347130	0.69251890897015
3.6897533292308	0.69367693072608
3.6865772011805	0.69484056872880
3.6834065364295	0.69600980890271
3.6802413208937	0.69718463658142
3.6770815405372	0.69836503649500
3.6739271813725	0.69955099275699
3.6707782294600	0.70074248885130
3.6676346709078	0.70193950761892
3.6644964918714	0.70314203124445
3.6613636785540	0.70435004124247
3.6582362172056	0.70556351844375
3.6551140941234	0.70678244298123
3.6519972956511	0.70800679427596
3.6488858081792	0.70923655102271
3.6457796181442	0.71047169117553
3.6426787120292	0.71171219193311
3.6395830763628	0.71295802972392
3.6364926977196	0.71420918019131
3.6334075627197	0.71546561817827
3.6303276580286	0.71672731771221
3.6272529703569	0.71799425198942
3.6241834864603	0.71926639335948
3.6211191931393	0.72054371330946
3.6180600772387	0.72182618244795
3.6150061256481	0.72311377048898
3.6119573253012	0.72440644623577
3.6089136631756	0.72570417756428
3.6058751262930	0.72700693140667
3.6028417017185	0.72831467373462
3.5998133765610	0.72962736954243
3.5967901379724	0.73094498283007
3.5937719731479	0.73226747658601
3.5907588693257	0.73359481276999
3.5877508137865	0.73492695229560
3.5847477938539	0.73626385501276
3.5817497968937	0.73760547969006
3.5787568103140	0.73895178399701
3.5757688215649	0.74030272448611
3.5727858181385	0.74165825657489
3.5698077875685	0.74301833452780
3.5668347174301	0.74438291143796
3.5638665953400	0.74575193920887
3.5609034089559	0.74712536853605
3.5579451459767	0.74850314888847
3.5549917941421	0.74988522849006
3.5520433412322	0.75127155430100
3.5490997750681	0.75266207199905
3.5461610835108	0.75405672596074
3.5432272544616	0.75545545924259
3.5402982758621	0.75685821356213
3.5373741356932	0.75826492927910
3.5344548219759	0.75967554537638
3.5315403227706	0.76108999944109
3.5286306261770	0.76250822764553
3.5257257203340	0.76393016472821
3.5228255934195	0.76535574397481
3.5199302336503	0.76678489719918
3.5170396292820	0.76821755472437
3.5141537686086	0.76965364536365
3.5112726399625	0.77109309640160
3.5083962317145	0.77253583357523
3.5055245322732	0.77398178105516
3.5026575300853	0.77543086142685
3.4997952136353	0.77688299567199
3.4969375714452	0.77833810314984
3.4940845920746	0.77979610157884
3.4912362641202	0.78125690701818
3.4883925762160	0.78272043384958
3.4855535170329	0.78418659475926
3.4827190752788	0.78565530071991
3.4798892396982	0.78712646097301
3.4770639990721	0.78859998301117
3.4742433422181	0.79007577256076
3.4714272579898	0.79155373356477
3.4686157352771	0.79303376816579
3.4658087630058	0.79451577668934
3.4630063301375	0.79599965762737
3.4602084256694	0.79748530762213
3.4574150386345	0.79897262145022
3.4546261581009	0.80046149200701
3.4518417731721	0.80195181029140
3.4490618729867	0.80344346539083
3.4462864467180	0.80493634446678
3.4435154835745	0.80643033274050
3.4407489727993	0.80792531347925
3.4379869036697	0.80942116798292
3.4352292654979	0.81091777557104
3.4324760476300	0.81241501357027
3.4297272394463	0.81391275730239
3.4269828303612	0.81541088007273
3.4242428098230	0.81690925315917
3.4215071673134	0.81840774580159
3.4187758923480	0.81990622519195
3.4160489744758	0.82140455646491
3.4133264032791	0.82290260268905
3.4106081683732	0.82440022485868
3.4078942594066	0.82589728188635
3.4051846660609	0.82739363059598
3.4024793780502	0.82888912571666
3.3997783851213	0.83038361987717
3.3970816770538	0.83187696360128
3.3943892436594	0.83336900530368
3.3917010747822	0.83485959128685
3.3890171602984	0.83634856573856
3.3863374901163	0.83783577073030
3.3836620541761	0.83932104621655
3.3809908424495	0.84080423003483
3.3783238449403	0.84228515790679
3.3756610516834	0.84376366344005
3.3730024527453	0.84523957813109
3.3703480382237	0.84671273136913
3.3676977982476	0.84818295044083
3.3650517229768	0.84965006053622
3.3624098026021	0.85111388475550
3.3597720273451	0.85257424411696
3.3571383874580	0.85403095756602
3.3545088732237	0.85548384198527
3.3518834749553	0.85693271220573
3.3492621829963	0.85837738101926
3.3466449877205	0.85981765919207
3.3440318795315	0.86125335547949
3.3414228488631	0.86268427664197
3.3388178861789	0.86411022746223
3.3362169819720	0.86553101076377
3.3336201267653	0.86694642743065
3.3310273111111	0.86835627642849
