#Parameters = {thARC=1; nARC=2; thsub=1; p=1; nSub=1.25}
#"Wavelength / um"	"T (84) [Real Part]"
#--------------------------------------
14.989622900000	0.82329457867732
14.937342202292	0.82257497338784
14.885424925521	0.82185697719008
14.833867293419	0.82114061235442
14.782665581854	0.82042590093518
14.731816117936	0.81971286477166
14.681315279138	0.81900152548924
14.631159492435	0.81829190450045
14.581345233463	0.81758402300609
14.531869025691	0.81687790199628
14.482727439614	0.81617356225166
14.433917091960	0.81547102434445
14.385434644914	0.81477030863962
14.337276805356	0.81407143529602
14.289440324118	0.81337442426755
14.241921995249	0.81267929530433
14.194718655303	0.81198606795383
14.147827182633	0.81129476156211
14.101244496707	0.81060539527495
14.054967557431	0.80991798803909
14.008993364486	0.80923255860341
13.963318956684	0.80854912552012
13.917941411328	0.80786770714603
13.872857843591	0.80718832164369
13.828065405904	0.80651098698270
13.783561287356	0.80583572094088
13.739342713107	0.80516254110553
13.695406943810	0.80449146487465
13.651751275046	0.80382250945825
13.608373036768	0.80315569187949
13.565269592760	0.80249102897604
13.522438340099	0.80182853740128
13.479876708633	0.80116823362557
13.437582160466	0.80051013393751
13.395552189455	0.79985425444522
13.353784320713	0.79920061107759
13.312276110124	0.79854921958557
13.271025143869	0.79790009554345
13.230029037952	0.79725325435008
13.189285437747	0.79660871123023
13.148792017544	0.79596648123579
13.108546480105	0.79532657924711
13.068546556234	0.79468901997424
13.028790004346	0.79405381795822
12.989274610052	0.79342098757237
12.949998185745	0.79279054302359
12.910958570198	0.79216249835359
12.872153628167	0.79153686744021
12.833581250000	0.79091366399869
12.795239351259	0.79029290158297
12.757125872340	0.78967459358692
12.719238778108	0.78905875324569
12.681576057530	0.78844539363691
12.644135723323	0.78783452768203
12.606915811606	0.78722616814757
12.569914381551	0.78662032764638
12.533129515050	0.78601701863894
12.496559316382	0.78541625343460
12.460201911887	0.78481804419288
12.424055449648	0.78422240292469
12.388118099174	0.78362934149366
12.352388051092	0.78303887161731
12.316863516845	0.78245100486840
12.281542728390	0.78186575267611
12.246423937908	0.78128312632732
12.211505417515	0.78070313696789
12.176785458976	0.78012579560384
12.142262373431	0.77955111310263
12.107934491115	0.77897910019440
12.073800161095	0.77840976747319
12.039857751004	0.77784312539817
12.006105646776	0.77727918429487
11.972542252396	0.77671795435638
11.939165989646	0.77615944564463
11.905975297855	0.77560366809151
11.872968633663	0.77505063150017
11.840144470774	0.77450034554613
11.807501299724	0.77395281977858
11.775037627651	0.77340806362148
11.742751978065	0.77286608637481
11.710642890625	0.77232689721574
11.678708920919	0.77179050519978
11.646948640249	0.77125691926201
11.615360635413	0.77072614821817
11.583943508501	0.77019820076591
11.552695876686	0.76967308548587
11.521616372022	0.76915081084289
11.490703641242	0.76863138518711
11.459956345566	0.76811481675515
11.429373160503	0.76760111367121
11.398952775665	0.76709028394823
11.368693894577	0.76658233548897
11.338595234493	0.76607727608719
11.308655526217	0.76557511342869
11.278873513920	0.76507585509247
11.249247954972	0.76457950855177
11.219777619760	0.76408608117525
11.190461291527	0.76359558022797
11.161297766195	0.76310801287255
11.132285852209	0.76262338617020
11.103424370370	0.76214170708181
11.074712153676	0.76166298246898
11.046148047163	0.76118721909511
11.017730907755	0.76071442362640
10.989459604106	0.76024460263295
10.961333016453	0.75977776258972
10.933350036470	0.75931390987761
10.905509567115	0.75885305078448
10.877810522496	0.75839519150610
10.850251827723	0.75794033814724
10.822832418773	0.75748849672260
10.795551242348	0.75703967315783
10.768407255747	0.75659387329052
10.741399426729	0.75615110287116
10.714526733381	0.75571136756412
10.687788163993	0.75527467294860
10.661182716927	0.75484102451961
10.634709400497	0.75441042768889
10.608367232838	0.75398288778586
10.582155241793	0.75355841005858
10.556072464789	0.75313699967463
10.530117948718	0.75271866172205
10.504290749825	0.75230340121028
10.478589933590	0.75189122307102
10.453014574616	0.75148213215915
10.427563756522	0.75107613325361
10.402236571825	0.75067323105830
10.377032121841	0.75027343020294
10.351949516575	0.74987673524393
10.326987874612	0.74948315066523
10.302146323024	0.74909268087921
10.277423997257	0.74870533022748
10.252820041040	0.74832110298175
10.228333606278	0.74794000334463
10.203963852961	0.74756203545049
10.179709949066	0.74718720336623
10.155571070461	0.74681551109215
10.131546400811	0.74644696256270
10.107635131490	0.74608156164727
10.083836461487	0.74571931215103
10.060149597315	0.74536021781565
10.036573752929	0.74500428232010
10.013108149633	0.74465150928140
9.9897520159947	0.74430190225539
9.9665045877660	0.74395546473749
9.9433651077944	0.74361220016338
9.9203328259431	0.74327211190982
9.8974069990096	0.74293520329530
9.8745868906456	0.74260147758081
9.8518717712783	0.74227093797052
9.8292609180328	0.74194358761250
9.8067536146549	0.74161942959942
9.7843491514360	0.74129846696921
9.7620468251384	0.74098070270578
9.7398459389214	0.74066613973967
9.7177458022690	0.74035478094872
9.6957457309185	0.74004662915874
9.6738450467893	0.73974168714414
9.6520430779137	0.73943995762859
9.6303391583681	0.73914144328567
9.6087326282051	0.73884614673946
9.5872228333866	0.73855407056521
9.5658091257179	0.73826521728991
9.5444908627826	0.73797958939293
9.5232674078780	0.73769718930661
9.5021381299525	0.73741801941685
9.4811024035421	0.73714208206369
9.4601596087094	0.73686937954191
9.4393091309824	0.73659991410157
9.4185503612944	0.73633368794861
9.3978826959248	0.73607070324536
9.3773055364404	0.73581096211116
9.3568182896380	0.73555446662281
9.3364203674868	0.73530121881518
9.3161111870727	0.73505122068172
9.2958901705426	0.73480447417494
9.2757567450495	0.73456098120700
9.2557103426984	0.73432074365013
9.2357504004929	0.73408376333719
9.2158763602828	0.73385004206214
9.1960876687117	0.73361958158053
9.1763837771656	0.73339238360998
9.1567641417227	0.73316844983064
9.1372282231027	0.73294778188566
9.1177754866180	0.73273038138164
9.0984054021244	0.73251624988911
9.0791174439733	0.73230538894292
9.0599110909640	0.73209780004274
9.0407858262967	0.73189348465341
9.0217411375263	0.73169244420546
9.0027765165165	0.73149468009541
8.9838914593947	0.73130019368629
8.9650854665072	0.73110898630797
8.9463580423754	0.73092105925756
8.9277086956522	0.73073641379984
8.9091369390788	0.73055505116758
8.8906422894425	0.73037697256198
8.8722242675348	0.73020217915298
8.8538823981099	0.73003067207965
8.8356162098438	0.72986245245052
8.8174252352941	0.72969752134397
8.7993090108600	0.72953587980852
8.7812670767428	0.72937752886319
8.7632989769073	0.72922246949783
8.7454042590432	0.72907070267343
8.7275824745269	0.72892222932241
8.7098331783847	0.72877705034898
8.6921559292549	0.72863516662940
8.6745502893519	0.72849657901227
8.6570158244297	0.72836128831885
8.6395521037464	0.72822929534331
8.6221587000288	0.72810060085300
8.6048351894374	0.72797520558874
8.5875811515325	0.72785311026507
8.5703961692396	0.72773431557050
8.5532798288160	0.72761882216775
8.5362317198178	0.72750663069402
8.5192514350668	0.72739774176119
8.5023385706183	0.72729215595605
8.4854927257288	0.72718987384055
8.4687135028249	0.72709089595199
8.4520005074711	0.72699522280323
8.4353533483399	0.72690285488291
8.4187716371806	0.72681379265562
8.4022549887892	0.72672803656209
8.3858030209790	0.72664558701942
8.3694153545505	0.72656644442117
8.3530916132627	0.72649060913762
8.3368314238042	0.72641808151587
8.3206344157646	0.72634886188003
8.3045002216066	0.72628295053136
8.2884284766381	0.72622034774841
8.2724188189845	0.72616105378716
8.2564708895621	0.72610506888116
8.2405843320506	0.72605239324165
8.2247587928669	0.72600302705770
8.2089939211391	0.72595697049627
8.1932893686800	0.72591422370236
8.1776447899618	0.72587478679913
8.1620598420909	0.72583865988792
8.1465341847826	0.72580584304843
8.1310674803363	0.72577633633871
8.1156593936113	0.72575013979533
8.1003095920022	0.72572725343337
8.0850177454153	0.72570767724653
8.0697835262450	0.72569141120716
8.0546066093498	0.72567845526635
8.0394866720300	0.72566880935392
8.0244233940043	0.72566247337852
8.0094164573871	0.72565944722761
7.9944655466667	0.72565973076753
7.9795703486825	0.72566332384347
7.9647305526036	0.72567022627955
7.9499458499072	0.72568043787878
7.9352159343568	0.72569395842307
7.9205405019815	0.72571078767324
7.9059192510549	0.72573092536902
7.8913518820742	0.72575437122899
7.8768380977404	0.72578112495061
7.8623776029373	0.72581118621017
7.8479701047120	0.72584455466273
7.8336153122550	0.72588122994216
7.8193129368805	0.72592121166098
7.8050626920073	0.72596449941043
7.7908642931393	0.72601109276030
7.7767174578470	0.72606099125896
7.7626219057483	0.72611419443323
7.7485773584906	0.72617070178833
7.7345835397317	0.72623051280781
7.7206401751223	0.72629362695341
7.7067469922879	0.72636004366504
7.6929037208109	0.72642976236063
7.6791100922131	0.72650278243604
7.6653658399386	0.72657910326495
7.6516706993364	0.72665872419873
7.6380244076433	0.72674164456635
7.6244267039674	0.72682786367422
7.6108773292714	0.72691738080607
7.5973760263558	0.72701019522279
7.5839225398432	0.72710630616231
7.5705166161616	0.72720571283944
7.5571580035291	0.72730841444570
7.5438464519376	0.72741441014917
7.5305817131374	0.72752369909431
7.5173635406219	0.72763628040178
7.5041916896120	0.72775215316829
7.4910659170415	0.72787131646635
7.4779859815415	0.72799376934416
7.4649516434263	0.72811951082533
7.4519626646781	0.72824853990873
7.4390188089330	0.72838085556825
7.4261198414664	0.72851645675258
7.4132655291790	0.72865534238503
7.4004556405826	0.72879751136325
7.3876899457861	0.72894296255901
7.3749682164822	0.72909169481797
7.3622902259332	0.72924370695945
7.3496557489581	0.72939899777613
7.3370645619187	0.72955756603383
7.3245164427071	0.72971941047123
7.3120111707317	0.72988452979961
7.2995485269053	0.73005292270257
7.2871282936315	0.73022458783574
7.2747502547925	0.73039952382653
7.2624141957364	0.73057772927376
7.2501199032648	0.73075920274746
7.2378671656205	0.73094394278848
7.2256557724753	0.73113194790823
7.2134855149182	0.73132321658835
7.2013561854432	0.73151774728037
7.1892675779376	0.73171553840542
7.1772194876706	0.73191658835386
7.1652117112811	0.73212089548496
7.1532440467669	0.73232845812656
7.1413162934731	0.73253927457469
7.1294282520809	0.73275334309324
7.1175797245964	0.73297066191360
7.1057705143399	0.73319122923426
7.0940004259347	0.73341504322048
7.0822692652965	0.73364210200386
7.0705768396226	0.73387240368201
7.0589229573817	0.73410594631810
7.0473074283028	0.73434272794052
7.0357300633654	0.73458274654242
7.0241906747891	0.73482600008136
7.0126890760234	0.73507248647883
7.0012250817375	0.73532220361990
6.9897985078107	0.73557514935274
6.9784091713222	0.73583132148820
6.9670568905415	0.73609071779938
6.9557414849188	0.73635333602121
6.9444627750753	0.73661917384995
6.9332205827937	0.73688822894278
6.9220147310090	0.73716049891729
6.9108450437990	0.73743598135108
6.8997113463751	0.73771467378123
6.8886134650735	0.73799657370385
6.8775512273457	0.73828167857360
6.8665244617499	0.73856998580319
6.8555329979419	0.73886149276287
6.8445766666667	0.73915619677997
6.8336552997493	0.73945409513835
6.8227687300865	0.73975518507793
6.8119167916383	0.74005946379415
6.8010993194192	0.74036692843742
6.7903161494904	0.74067757611266
6.7795671189507	0.74099140387870
6.7688520659291	0.74130840874778
6.7581708295762	0.74162858768498
6.7475232500563	0.74195193760770
6.7369091685393	0.74227845538505
6.7263284271932	0.74260813783734
6.7157808691756	0.74294098173552
6.7052663386267	0.74327698380053
6.6947846806610	0.74361614070280
6.6843357413601	0.74395844906165
6.6739193677649	0.74430390544467
6.6635354078684	0.74465250636714
6.6531837106081	0.74500424829144
6.6428641258586	0.74535912762645
6.6325765044248	0.74571714072690
6.6223206980340	0.74607828389279
6.6120965593295	0.74644255336877
6.6019039418630	0.74680994534348
6.5917427000879	0.74718045594895
6.5816126893524	0.74755408125993
6.5715137658922	0.74793081729330
6.5614457868243	0.74831066000735
6.5514086101399	0.74869360530118
6.5414020946978	0.74907964901402
6.5314261002179	0.74946878692458
6.5214804872743	0.74986101475035
6.5115651172893	0.75025632814696
6.5016798525266	0.75065472270749
6.4918245560849	0.75105619396177
6.4819990918919	0.75146073737570
6.4722033246978	0.75186834835057
6.4624371200690	0.75227902222234
6.4527003443823	0.75269275426093
6.4429928648184	0.75310953966954
6.4333145493562	0.75352937358390
6.4236652667667	0.75395225107160
6.4140448866068	0.75437816713131
6.4044532792138	0.75480711669206
6.3948903156997	0.75523909461256
6.3853558679446	0.75567409568040
6.3758498085921	0.75611211461133
6.3663720110427	0.75655314604852
6.3569223494487	0.75699718456179
6.3475006987084	0.75744422464687
6.3381069344609	0.75789426072463
6.3287409330800	0.75834728714032
6.3194025716695	0.75880329816278
6.3100917280572	0.75926228798371
6.3008082807902	0.75972425071684
6.2915521091291	0.76018918039716
6.2823230930427	0.76065707098018
6.2731211132036	0.76112791634105
6.2639460509820	0.76160171027385
6.2547977884415	0.76207844649076
6.2456762083333	0.76255811862121
6.2365811940919	0.76304072021116
6.2275126298297	0.76352624472223
6.2184704003319	0.76401468553087
6.2094543910522	0.76450603592760
6.2004644881075	0.76500028911615
6.1915005782734	0.76549743821262
6.1825625489792	0.76599747624471
6.1736502883031	0.76650039615080
6.1647636849681	0.76700619077919
6.1559026283368	0.76751485288723
6.1470670084068	0.76802637514045
6.1382567158067	0.76854075011178
6.1294716417910	0.76905797028063
6.1207116782360	0.76957802803208
6.1119767176351	0.77010091565602
6.1032666530945	0.77062662534626
6.0945813783289	0.77115514919973
6.0859207876573	0.77168647921554
6.0772847759984	0.77222060729419
6.0686732388664	0.77275752523665
6.0600860723671	0.77329722474348
6.0515231731934	0.77383969741400
6.0429844386212	0.77438493474541
6.0344697665056	0.77493292813187
6.0259790552764	0.77548366886363
6.0175122039342	0.77603714812621
6.0090691120465	0.77659335699942
6.0006496797438	0.77715228645655
5.9922538077154	0.77771392736345
5.9838813972056	0.77827827047763
5.9755323500100	0.77884530644740
5.9672065684713	0.77941502581097
5.9589039554760	0.77998741899552
5.9506244144502	0.78056247631638
5.9423678493558	0.78114018797605
5.9341341646873	0.78172054406336
5.9259232654675	0.78230353455257
5.9177350572444	0.78288914930244
5.9095694460871	0.78347737805536
5.9014263385827	0.78406821043646
5.8933056418321	0.78466163595266
5.8852072634472	0.78525764399185
5.8771311115468	0.78585622382191
5.8690770947533	0.78645736458989
5.8610451221896	0.78706105532102
5.8530351034752	0.78766728491792
5.8450469487229	0.78827604215961
5.8370805685358	0.78888731570066
5.8291358740035	0.78950109407029
5.8212127766990	0.79011736567147
5.8133111886756	0.79073611878002
5.8054310224632	0.79135734154373
5.7975721910656	0.79198102198146
5.7897346079567	0.79260714798227
5.7819181870781	0.79323570730450
5.7741228428351	0.79386668757491
5.7663484900942	0.79450007628779
5.7585950441798	0.79513586080409
5.7508624208709	0.79577402835052
5.7431505363985	0.79641456601867
5.7354593074421	0.79705746076419
5.7277886511272	0.79770269940586
5.7201384850219	0.79835026862473
5.7125087271341	0.79900015496331
5.7048992959087	0.79965234482464
5.6973101102242	0.80030682447148
5.6897410893908	0.80096358002544
5.6821921531463	0.80162259746615
5.6746632216544	0.80228386263038
5.6671542155009	0.80294736121124
5.6596650556919	0.80361307875732
5.6521956636501	0.80428100067186
5.6447459612126	0.80495111221196
5.6373158706281	0.80562339848770
5.6299053145540	0.80629784446139
5.6225142160540	0.80697443494671
5.6151424985952	0.80765315460795
5.6077900860456	0.80833398795916
5.6004569026714	0.80901691936344
5.5931428731343	0.80970193303208
5.5858479224893	0.81038901302381
5.5785719761816	0.81107814324406
5.5713149600446	0.81176930744415
5.5640768002970	0.81246248922056
5.5568574235403	0.81315767201420
5.5496567567568	0.81385483910964
5.5424747273063	0.81455397363438
5.5353112629247	0.81525505855815
5.5281662917204	0.81595807669220
5.5210397421731	0.81666301068856
5.5139315431304	0.81736984303938
5.5068416238060	0.81807855607621
5.4997699137773	0.81878913196935
5.4927163429828	0.81950155272720
5.4856808417200	0.82021580019555
5.4786633406433	0.82093185605698
5.4716637707611	0.82164970183020
5.4646820634342	0.82236931886944
5.4577181503732	0.82309068836382
5.4507719636364	0.82381379133678
5.4438434356274	0.82453860864546
5.4369324990932	0.82526512098012
5.4300390871219	0.82599330886361
5.4231631331404	0.82672315265077
5.4163045709124	0.82745463252792
5.4094633345363	0.82818772851235
5.4026393584430	0.82892242045174
5.3958325773938	0.82965868802374
5.3890429264785	0.83039651073542
5.3822703411131	0.83113586792285
5.3755147570378	0.83187673875059
5.3687761103152	0.83261910221129
5.3620543373278	0.83336293712526
5.3553493747767	0.83410822214002
5.3486611596789	0.83485493572994
5.3419896293656	0.83560305619586
5.3353347214807	0.83635256166471
5.3286963739780	0.83710343008915
5.3220745251198	0.83785563924729
5.3154691134752	0.83860916674231
5.3088800779175	0.83936399000223
5.3023073576229	0.84012008627957
5.2957508920685	0.84087743265115
5.2892106210303	0.84163600601779
5.2826864845815	0.84239578310414
5.2761784230905	0.84315674045843
5.2696863772192	0.84391885445232
5.2632102879213	0.84468210128073
5.2567500964405	0.84544645696166
5.2503057443082	0.84621189733611
5.2438771733427	0.84697839806796
5.2374643256464	0.84774593464388
5.2310671436050	0.84851448237326
5.2246855698850	0.84928401638818
5.2183195474326	0.85005451164342
5.2119690194715	0.85082594291639
5.2056339295016	0.85159828480724
5.1993142212973	0.85237151173882
5.1930098389052	0.85314559795685
5.1867207266436	0.85392051752991
5.1804468290997	0.85469624434965
5.1741880911288	0.85547275213086
5.1679444578521	0.85625001441169
5.1617158746556	0.85702800455379
5.1555022871883	0.85780669574257
5.1493036413604	0.85858606098742
5.1431198833419	0.85936607312198
5.1369509595613	0.86014670480441
5.1307968167037	0.86092792851775
5.1246574017094	0.86170971657022
5.1185326617722	0.86249204109562
5.1124225443383	0.86327487405373
5.1063269971044	0.86405818723069
5.1002459680163	0.86484195223952
5.0941794052676	0.86562614052053
5.0881272572980	0.86641072334189
5.0820894727920	0.86719567180012
5.0760660006773	0.86798095682069
5.0700567901235	0.86876654915858
5.0640617905405	0.86955241939893
5.0580809515775	0.87033853795768
5.0521142231210	0.87112487508225
5.0461615552937	0.87191140085228
5.0402228984533	0.87269808518032
5.0342982031906	0.87348489781265
5.0283874203287	0.87427180833007
5.0224905009214	0.87505878614872
5.0166073962517	0.87584580052098
5.0107380578305	0.87663282053634
5.0048824373957	0.87741981512232
4.9990404869101	0.87820675304548
4.9932121585610	0.87899360291237
4.9873974047579	0.87978033317056
4.9815961781323	0.88056691210974
4.9758084315353	0.88135330786275
4.9700341180371	0.88213948840678
4.9642731909256	0.88292542156445
4.9585256037049	0.88371107500507
4.9527913100942	0.88449641624584
4.9470702640264	0.88528141265309
4.9413624196473	0.88606603144362
4.9356677313138	0.88685023968599
4.9299861535932	0.88763400430191
4.9243176412615	0.88841729206763
4.9186621493027	0.88920006961538
4.9130196329072	0.88998230343481
4.9073900474709	0.89076395987456
4.9017733485939	0.89154500514371
4.8961694920790	0.89232540531344
4.8905784339315	0.89310512631860
4.8850001303569	0.89388413395935
4.8794345377604	0.89466239390287
4.8738816127459	0.89543987168506
4.8683413121143	0.89621653271231
4.8628135928629	0.89699234226329
4.8572984121841	0.89776726549074
4.8517957274640	0.89854126742340
4.8463054962819	0.89931431296787
4.8408276764088	0.90008636691057
4.8353622258065	0.90085739391968
4.8299091026261	0.90162735854719
4.8244682652076	0.90239622523092
4.8190396720784	0.90316395829665
4.8136232819525	0.90393052196017
4.8082190537289	0.90469588032952
4.8028269464915	0.90545999740712
4.7974469195071	0.90622283709204
4.7920789322251	0.90698436318226
4.7867229442759	0.90774453937697
4.7813789154705	0.90850332927895
4.7760468057989	0.90926069639689
4.7707265754297	0.91001660414785
4.7654181847083	0.91077101585971
4.7601215941569	0.91152389477364
4.7548367644726	0.91227520404667
4.7495636565272	0.91302490675419
4.7443022313657	0.91377296589263
4.7390524502055	0.91451934438201
4.7338142744355	0.91526400506869
4.7285876656151	0.91600691072803
4.7233725854735	0.91674802406715
4.7181689959081	0.91748730772771
4.7129768589844	0.91822472428875
4.7077961369347	0.91896023626948
4.7026267921569	0.91969380613223
4.6974687872140	0.92042539628535
4.6923220848333	0.92115496908615
4.6871866479049	0.92188248684391
4.6820624394815	0.92260791182291
4.6769494227769	0.92333120624547
4.6718475611657	0.92405233229505
4.6667568181818	0.92477125211940
4.6616771575183	0.92548792783367
4.6566085430258	0.92620232152368
4.6515509387122	0.92691439524905
4.6465043087415	0.92762411104654
4.6414686174330	0.92833143093331
4.6364438292607	0.92903631691023
4.6314299088522	0.92973873096525
4.6264268209877	0.93043863507679
4.6214345305997	0.93113599121713
4.6164530027718	0.93183076135588
4.6114822027380	0.93252290746344
4.6065220958820	0.93321239151452
4.6015726477360	0.93389917549165
4.5966338239804	0.93458322138879
4.5917055904426	0.93526449121484
4.5867879130967	0.93594294699734
4.5818807580621	0.93661855078606
4.5769840916031	0.93729126465670
4.5720978801281	0.93796105071459
4.5672220901889	0.93862787109837
4.5623566884797	0.93929168798381
4.5575016418364	0.93995246358752
4.5526569172361	0.94061016017077
4.5478224817961	0.94126474004331
4.5429983027731	0.94191616556724
4.5381843475628	0.94256439916082
4.5333805836988	0.94320940330240
4.5285869788520	0.94385114053431
4.5238035008299	0.94448957346679
4.5190301175761	0.94512466478197
4.5142667971691	0.94575637723777
4.5095135078219	0.94638467367196
4.5047702178813	0.94700951700611
4.5000368958271	0.94763087024962
4.4953135102714	0.94824869650380
4.4906000299581	0.94886295896587
4.4858964237618	0.94947362093306
4.4812026606876	0.95008064580666
4.4765187098701	0.95068399709616
4.4718445405728	0.95128363842334
4.4671801221875	0.95187953352635
4.4625254242334	0.95247164626392
4.4578804163569	0.95305994061944
4.4532450683304	0.95364438070514
4.4486193500519	0.95422493076624
4.4440032315446	0.95480155518513
4.4393966829557	0.95537421848552
4.4347996745562	0.95594288533667
4.4302121767401	0.95650752055753
4.4256341600236	0.95706808912096
4.4210655950450	0.95762455615792
4.4165064525633	0.95817688696168
4.4119567034584	0.95872504699201
4.4074163187298	0.95926900187936
4.4028852694963	0.95980871742913
4.3983635269953	0.96034415962581
4.3938510625824	0.96087529463722
4.3893478477306	0.96140208881867
4.3848538540295	0.96192450871721
4.3803690531853	0.96244252107578
4.3758934170194	0.96295609283742
4.3714269174686	0.96346519114944
4.3669695265841	0.96396978336759
4.3625212165309	0.96446983706026
4.3580819595871	0.96496532001257
4.3536517281441	0.96545620023060
4.3492304947048	0.96594244594547
4.3448182318841	0.96642402561748
4.3404149124077	0.96690090794025
4.3360205091119	0.96737306184478
4.3316349949429	0.96784045650354
4.3272583429561	0.96830306133456
4.3228905263158	0.96876084600550
4.3185315182944	0.96921378043763
4.3141812922723	0.96966183480988
4.3098398217366	0.97010497956285
4.3055070802815	0.97054318540276
4.3011830416069	0.97097642330542
4.2968676795184	0.97140466452017
4.2925609679267	0.97182788057378
4.2882628808468	0.97224604327434
4.2839733923978	0.97265912471510
4.2796924768023	0.97306709727836
4.2754201083856	0.97346993363922
4.2711562615757	0.97386760676939
4.2669009109024	0.97426008994092
4.2626540309967	0.97464735672994
4.2584155965909	0.97502938102035
4.2541855825174	0.97540613700745
4.2499639637085	0.97577759920159
4.2457507151961	0.97614374243176
4.2415458121109	0.97650454184913
4.2373492296820	0.97685997293056
4.2331609432364	0.97721001148214
4.2289809281986	0.97755463364257
4.2248091600902	0.97789381588658
4.2206456145291	0.97822753502832
4.2164902672293	0.97855576822470
4.2123430940003	0.97887849297860
4.2082040707468	0.97919568714221
4.2040731734680	0.97950732892016
4.1999503782572	0.97981339687271
4.1958356613016	0.98011386991884
4.1917289988814	0.98040872733933
4.1876303673697	0.98069794877980
4.1835397432319	0.98098151425362
4.1794571030252	0.98125940414491
4.1753824233983	0.98153159921134
4.1713156810909	0.98179808058702
4.1672568529330	0.98205882978524
4.1632059158450	0.98231382870119
4.1591628468368	0.98256305961465
4.1551276230076	0.98280650519259
4.1511002215453	0.98304414849176
4.1470806197261	0.98327597296115
4.1430687949143	0.98350196244452
4.1390647245616	0.98372210118273
4.1350683862069	0.98393637381610
4.1310797574755	0.98414476538674
4.1270988160793	0.98434726134072
4.1231255398157	0.98454384753025
4.1191599065677	0.98473451021584
4.1152018943034	0.98491923606829
4.1112514810752	0.98509801217071
4.1073086450199	0.98527082602043
4.1033733643581	0.98543766553090
4.0994456173937	0.98559851903347
4.0955253825137	0.98575337527915
4.0916126381875	0.98590222344028
4.0877073629670	0.98604505311214
4.0838095354856	0.98618185431451
4.0799191344584	0.98631261749319
4.0760361386812	0.98643733352136
4.0721605270307	0.98655599370100
4.0682922784638	0.98666858976415
4.0644313720174	0.98677511387413
4.0605777868075	0.98687555862674
4.0567315020298	0.98696991705131
4.0528924969582	0.98705818261174
4.0490607509454	0.98714034920748
4.0452362434219	0.98721641117440
4.0414189538959	0.98728636328560
4.0376088619529	0.98735020075220
4.0338059472551	0.98740791922400
4.0300101895416	0.98745951479011
4.0262215686274	0.98750498397950
4.0224400644036	0.98754432376148
4.0186656568365	0.98757753154607
4.0148983259676	0.98760460518442
4.0111380519133	0.98762554296901
4.0073848148643	0.98764034363390
4.0036385950855	0.98764900635483
3.9998993729153	0.98765153074929
3.9961671287657	0.98764791687654
3.9924418431216	0.98763816523750
3.9887234965407	0.98762227677461
3.9850120696531	0.98760025287163
3.9813075431607	0.98757209535335
3.9776098978373	0.98753780648521
3.9739191145281	0.98749738897292
3.9702351741491	0.98745084596193
3.9665580576872	0.98739818103687
3.9628877461996	0.98733939822095
3.9592242208135	0.98727450197521
3.9555674627260	0.98720349719780
3.9519174532033	0.98712638922311
3.9482741735809	0.98704318382088
3.9446376052632	0.98695388719520
3.9410077297226	0.98685850598351
3.9373845285001	0.98675704725546
3.9337679832043	0.98664951851174
3.9301580755113	0.98653592768285
3.9265547871644	0.98641628312778
3.9229580999738	0.98629059363263
3.9193679958164	0.98615886840918
3.9157844566353	0.98602111709338
3.9122074644395	0.98587734974378
3.9086370013038	0.98572757683990
3.9050730493682	0.98557180928051
3.9015155908381	0.98541005838191
3.8979646079834	0.98524233587605
3.8944200831385	0.98506865390871
3.8908819987021	0.98488902503748
3.8873503371369	0.98470346222980
3.8838250809690	0.98451197886086
3.8803062127880	0.98431458871152
3.8767937152463	0.98411130596602
3.8732875710594	0.98390214520985
3.8697877630050	0.98368712142735
3.8662942739231	0.98346624999939
3.8628070867156	0.98323954670095
3.8593261843460	0.98300702769860
3.8558515498392	0.98276870954803
3.8523831662812	0.98252460919140
3.8489210168186	0.98227474395473
3.8454650846588	0.98201913154522
3.8420153530693	0.98175779004844
3.8385718053777	0.98149073792561
3.8351344249712	0.98121799401068
3.8317031952965	0.98093957750745
3.8282780998595	0.98065550798664
3.8248591222251	0.98036580538286
3.8214462460166	0.98007048999159
3.8180394549159	0.97976958246605
3.8146387326632	0.97946310381407
3.8112440630562	0.97915107539493
3.8078554299505	0.97883351891610
3.8044728172589	0.97851045642997
3.8010962089514	0.97818191033052
3.7977255890550	0.97784790334999
3.7943609416530	0.97750845855546
3.7910022508852	0.97716359934539
3.7876495009476	0.97681334944620
3.7843026760919	0.97645773290867
3.7809617606256	0.97609677410444
3.7776267389113	0.97573049772241
3.7742975953670	0.97535892876508
3.7709743144654	0.97498209254493
3.7676568807339	0.97460001468069
3.7643452787544	0.97421272109364
3.7610394931627	0.97382023800381
3.7577395086488	0.97342259192623
3.7544453099562	0.97301980966708
3.7511568818819	0.97261191831984
3.7478742092762	0.97219894526143
3.7445972770422	0.97178091814829
3.7413260701360	0.97135786491245
3.7380605735661	0.97092981375758
3.7348007723932	0.97049679315498
3.7315466517301	0.97005883183964
3.7282981967417	0.96961595880615
3.7250553926441	0.96916820330468
3.7218182247052	0.96871559483690
3.7185866782436	0.96825816315193
3.7153607386293	0.96779593824218
3.7121403912828	0.96732895033927
3.7089256216751	0.96685722990989
3.7057164153276	0.96638080765161
3.7025127578115	0.96589971448876
3.6993146347483	0.96541398156821
3.6961220318087	0.96492364025520
3.6929349347130	0.96442872212913
3.6897533292308	0.96392925897933
3.6865772011805	0.96342528280087
3.6834065364295	0.96291682579026
3.6802413208937	0.96240392034130
3.6770815405372	0.96188659904075
3.6739271813725	0.96136489466412
3.6707782294600	0.96083884017140
3.6676346709078	0.96030846870278
3.6644964918714	0.95977381357444
3.6613636785540	0.95923490827419
3.6582362172056	0.95869178645730
3.6551140941234	0.95814448194214
3.6519972956511	0.95759302870599
3.6488858081792	0.95703746088071
3.6457796181442	0.95647781274851
3.6426787120292	0.95591411873768
3.6395830763628	0.95534641341832
3.6364926977196	0.95477473149810
3.6334075627197	0.95419910781799
3.6303276580286	0.95361957734806
3.6272529703569	0.95303617518321
3.6241834864603	0.95244893653894
3.6211191931393	0.95185789674716
3.6180600772387	0.95126309125196
3.6150061256481	0.95066455560544
3.6119573253012	0.95006232546349
3.6089136631756	0.94945643658162
3.6058751262930	0.94884692481084
3.6028417017185	0.94823382609345
3.5998133765610	0.94761717645898
3.5967901379724	0.94699701201999
3.5937719731479	0.94637336896804
3.5907588693257	0.94574628356955
3.5877508137865	0.94511579216176
3.5847477938539	0.94448193114869
3.5817497968937	0.94384473699706
3.5787568103140	0.94320424623232
3.5757688215649	0.94256049543463
3.5727858181385	0.94191352123492
3.5698077875685	0.94126336031088
3.5668347174301	0.94061004938309
3.5638665953400	0.93995362521107
3.5609034089559	0.93929412458939
3.5579451459767	0.93863158434386
3.5549917941421	0.93796604132762
3.5520433412322	0.93729753241737
3.5490997750681	0.93662609450957
3.5461610835108	0.93595176451666
3.5432272544616	0.93527457936334
3.5402982758621	0.93459457598287
3.5373741356932	0.93391179131334
3.5344548219759	0.93322626229404
3.5315403227706	0.93253802586185
3.5286306261770	0.93184711894759
3.5257257203340	0.93115357847250
3.5228255934195	0.93045744134464
3.5199302336503	0.92975874445542
3.5170396292820	0.92905752467612
3.5141537686086	0.92835381885437
3.5112726399625	0.92764766381081
3.5083962317145	0.92693909633566
3.5055245322732	0.92622815318534
3.5026575300853	0.92551487107917
3.4997952136353	0.92479928669608
3.4969375714452	0.92408143667130
3.4940845920746	0.92336135759318
3.4912362641202	0.92263908599998
3.4883925762160	0.92191465837665
3.4855535170329	0.92118811115179
3.4827190752788	0.92045948069447
3.4798892396982	0.91972880331121
3.4770639990721	0.91899611524295
3.4742433422181	0.91826145266203
3.4714272579898	0.91752485166924
3.4686157352771	0.91678634829091
3.4658087630058	0.91604597847598
3.4630063301375	0.91530377809320
3.4602084256694	0.91455978292826
3.4574150386345	0.91381402868103
3.4546261581009	0.91306655096280
3.4518417731721	0.91231738529356
3.4490618729867	0.91156656709936
3.4462864467180	0.91081413170962
3.4435154835745	0.91006011435455
3.4407489727993	0.90930455016256
3.4379869036697	0.90854747415778
3.4352292654979	0.90778892125748
3.4324760476300	0.90702892626968
3.4297272394463	0.90626752389070
3.4269828303612	0.90550474870275
3.4242428098230	0.90474063517162
3.4215071673134	0.90397521764434
3.4187758923480	0.90320853034689
3.4160489744758	0.90244060738200
3.4133264032791	0.90167148272689
3.4106081683732	0.90090119023115
3.4078942594066	0.90012976361456
3.4051846660609	0.89935723646504
3.4024793780502	0.89858364223655
3.3997783851213	0.89780901424709
3.3970816770538	0.89703338567671
3.3943892436594	0.89625678956553
3.3917010747822	0.89547925881187
3.3890171602984	0.89470082617034
3.3863374901163	0.89392152424998
3.3836620541761	0.89314138551249
3.3809908424495	0.89236044227044
3.3783238449403	0.89157872668552
3.3756610516834	0.89079627076686
3.3730024527453	0.89001310636932
3.3703480382237	0.88922926519193
3.3676977982476	0.88844477877622
3.3650517229768	0.88765967850470
3.3624098026021	0.88687399559931
3.3597720273451	0.88608776111995
3.3571383874580	0.88530100596299
3.3545088732237	0.88451376085987
3.3518834749553	0.88372605637569
3.3492621829963	0.88293792290787
3.3466449877205	0.88214939068481
3.3440318795315	0.88136048976460
3.3414228488631	0.88057125003378
3.3388178861789	0.87978170120610
3.3362169819720	0.87899187282130
3.3336201267653	0.87820179424400
3.3310273111111	0.87741149466257
