#Parameters = {thARC=1; nARC=1.25; thsub=1; p=1; nSub=5}
#"Wavelength / um"	"T (876) [Real Part]"
#---------------------------------------
14.989622900000	0.59017371842484
14.937342202292	0.59041319820834
14.885424925521	0.59065304675466
14.833867293419	0.59089327101487
14.782665581854	0.59113387778686
14.731816117936	0.59137487371619
14.681315279138	0.59161626529692
14.631159492435	0.59185805887248
14.581345233463	0.59210026063657
14.531869025691	0.59234287663404
14.482727439614	0.59258591276181
14.433917091960	0.59282937476979
14.385434644914	0.59307326826181
14.337276805356	0.59331759869656
14.289440324118	0.59356237138859
14.241921995249	0.59380759150922
14.194718655303	0.59405326408757
14.147827182633	0.59429939401154
14.101244496707	0.59454598602881
14.054967557431	0.59479304474785
14.008993364486	0.59504057463896
13.963318956684	0.59528858003527
13.917941411328	0.59553706513383
13.872857843591	0.59578603399660
13.828065405904	0.59603549055157
13.783561287356	0.59628543859379
13.739342713107	0.59653588178644
13.695406943810	0.59678682366193
13.651751275046	0.59703826762299
13.608373036768	0.59729021694374
13.565269592760	0.59754267477080
13.522438340099	0.59779564412443
13.479876708633	0.59804912789958
13.437582160466	0.59830312886708
13.395552189455	0.59855764967469
13.353784320713	0.59881269284828
13.312276110124	0.59906826079294
13.271025143869	0.59932435579412
13.230029037952	0.59958098001876
13.189285437747	0.59983813551645
13.148792017544	0.60009582422055
13.108546480105	0.60035404794938
13.068546556234	0.60061280840733
13.028790004346	0.60087210718603
12.989274610052	0.60113194576551
12.949998185745	0.60139232551535
12.910958570198	0.60165324769584
12.872153628167	0.60191471345915
12.833581250000	0.60217672385049
12.795239351259	0.60243927980924
12.757125872340	0.60270238217016
12.719238778108	0.60296603166451
12.681576057530	0.60323022892126
12.644135723323	0.60349497446821
12.606915811606	0.60376026873317
12.569914381551	0.60402611204511
12.533129515050	0.60429250463533
12.496559316382	0.60455944663864
12.460201911887	0.60482693809448
12.424055449648	0.60509497894807
12.388118099174	0.60536356905163
12.352388051092	0.60563270816545
12.316863516845	0.60590239595910
12.281542728390	0.60617263201254
12.246423937908	0.60644341581730
12.211505417515	0.60671474677757
12.176785458976	0.60698662421140
12.142262373431	0.60725904735180
12.107934491115	0.60753201534787
12.073800161095	0.60780552726595
12.039857751004	0.60807958209070
12.006105646776	0.60835417872630
11.972542252396	0.60862931599749
11.939165989646	0.60890499265071
11.905975297855	0.60918120735521
11.872968633663	0.60945795870417
11.840144470774	0.60973524521576
11.807501299724	0.61001306533427
11.775037627651	0.61029141743116
11.742751978065	0.61057029980618
11.710642890625	0.61084971068845
11.678708920919	0.61112964823747
11.646948640249	0.61141011054426
11.615360635413	0.61169109563238
11.583943508501	0.61197260145901
11.552695876686	0.61225462591596
11.521616372022	0.61253716683075
11.490703641242	0.61282022196761
11.459956345566	0.61310378902856
11.429373160503	0.61338786565436
11.398952775665	0.61367244942559
11.368693894577	0.61395753786363
11.338595234493	0.61424312843167
11.308655526217	0.61452921853567
11.278873513920	0.61481580552542
11.249247954972	0.61510288669545
11.219777619760	0.61539045928601
11.190461291527	0.61567852048409
11.161297766195	0.61596706742431
11.132285852209	0.61625609718992
11.103424370370	0.61654560681369
11.074712153676	0.61683559327890
11.046148047163	0.61712605352023
11.017730907755	0.61741698442468
10.989459604106	0.61770838283249
10.961333016453	0.61800024553802
10.933350036470	0.61829256929067
10.905509567115	0.61858535079576
10.877810522496	0.61887858671537
10.850251827723	0.61917227366927
10.822832418773	0.61946640823570
10.795551242348	0.61976098695229
10.768407255747	0.62005600631686
10.741399426729	0.62035146278826
10.714526733381	0.62064735278722
10.687788163993	0.62094367269710
10.661182716927	0.62124041886478
10.634709400497	0.62153758760138
10.608367232838	0.62183517518308
10.582155241793	0.62213317785193
10.556072464789	0.62243159181653
10.530117948718	0.62273041325290
10.504290749825	0.62302963830514
10.478589933590	0.62332926308621
10.453014574616	0.62362928367866
10.427563756522	0.62392969613536
10.402236571825	0.62423049648019
10.377032121841	0.62453168070875
10.351949516575	0.62483324478907
10.326987874612	0.62513518466227
10.302146323024	0.62543749624327
10.277423997257	0.62574017542142
10.252820041040	0.62604321806115
10.228333606278	0.62634662000268
10.203963852961	0.62665037706257
10.179709949066	0.62695448503442
10.155571070461	0.62725893968944
10.131546400811	0.62756373677708
10.107635131490	0.62786887202562
10.083836461487	0.62817434114277
10.060149597315	0.62848013981624
10.036573752929	0.62878626371431
10.013108149633	0.62909270848640
9.9897520159947	0.62939946976360
9.9665045877660	0.62970654315923
9.9433651077944	0.63001392426938
9.9203328259431	0.63032160867339
9.8974069990096	0.63062959193441
9.8745868906456	0.63093786959988
9.8518717712783	0.63124643720203
9.8292609180328	0.63155529025835
9.8067536146549	0.63186442427209
9.7843491514360	0.63217383473269
9.7620468251384	0.63248351711629
9.7398459389214	0.63279346688612
9.7177458022690	0.63310367949296
9.6957457309185	0.63341415037558
9.6738450467893	0.63372487496115
9.6520430779137	0.63403584866564
9.6303391583681	0.63434706689423
9.6087326282051	0.63465852504169
9.5872228333866	0.63497021849279
9.5658091257179	0.63528214262265
9.5444908627826	0.63559429279710
9.5232674078780	0.63590666437304
9.5021381299525	0.63621925269881
9.4811024035421	0.63653205311449
9.4601596087094	0.63684506095226
9.4393091309824	0.63715827153668
9.4185503612944	0.63747168018507
9.3978826959248	0.63778528220773
9.3773055364404	0.63809907290829
9.3568182896380	0.63841304758398
9.3364203674868	0.63872720152591
9.3161111870727	0.63904153001933
9.2958901705426	0.63935602834389
9.2757567450495	0.63967069177389
9.2557103426984	0.63998551557856
9.2357504004929	0.64030049502225
9.2158763602828	0.64061562536466
9.1960876687117	0.64093090186109
9.1763837771656	0.64124631976263
9.1567641417227	0.64156187431638
9.1372282231027	0.64187756076563
9.1177754866180	0.64219337435003
9.0984054021244	0.64250931030584
9.0791174439733	0.64282536386602
9.0599110909640	0.64314153026045
9.0407858262967	0.64345780471607
9.0217411375263	0.64377418245704
9.0027765165165	0.64409065870486
8.9838914593947	0.64440722867855
8.9650854665072	0.64472388759474
8.9463580423754	0.64504063066780
8.9277086956522	0.64535745310997
8.9091369390788	0.64567435013149
8.8906422894425	0.64599131694063
8.8722242675348	0.64630834874386
8.8538823981099	0.64662544074592
8.8356162098438	0.64694258814986
8.8174252352941	0.64725978615720
8.7993090108600	0.64757702996790
8.7812670767428	0.64789431478053
8.7632989769073	0.64821163579225
8.7454042590432	0.64852898819889
8.7275824745269	0.64884636719499
8.7098331783847	0.64916376797388
8.6921559292549	0.64948118572765
8.6745502893519	0.64979861564723
8.6570158244297	0.65011605292240
8.6395521037464	0.65043349274181
8.6221587000288	0.65075093029300
8.6048351894374	0.65106836076237
8.5875811515325	0.65138577933527
8.5703961692396	0.65170318119592
8.5532798288160	0.65202056152742
8.5362317198178	0.65233791551178
8.5192514350668	0.65265523832986
8.5023385706183	0.65297252516138
8.4854927257288	0.65328977118489
8.4687135028249	0.65360697157772
8.4520005074711	0.65392412151600
8.4353533483399	0.65424121617457
8.4187716371806	0.65455825072697
8.4022549887892	0.65487522034539
8.3858030209790	0.65519212020063
8.3694153545505	0.65550894546205
8.3530916132627	0.65582569129749
8.3368314238042	0.65614235287325
8.3206344157646	0.65645892535403
8.3045002216066	0.65677540390281
8.2884284766381	0.65709178368086
8.2724188189845	0.65740805984762
8.2564708895621	0.65772422756065
8.2405843320506	0.65804028197555
8.2247587928669	0.65835621824589
8.2089939211391	0.65867203152309
8.1932893686800	0.65898771695642
8.1776447899618	0.65930326969283
8.1620598420909	0.65961868487691
8.1465341847826	0.65993395765082
8.1310674803363	0.66024908315413
8.1156593936113	0.66056405652381
8.1003095920022	0.66087887289409
8.0850177454153	0.66119352739635
8.0697835262450	0.66150801515907
8.0546066093498	0.66182233130772
8.0394866720300	0.66213647096462
8.0244233940043	0.66245042924891
8.0094164573871	0.66276420127639
7.9944655466667	0.66307778215942
7.9795703486825	0.66339116700689
7.9647305526036	0.66370435092400
7.9499458499072	0.66401732901228
7.9352159343568	0.66433009636939
7.9205405019815	0.66464264808906
7.9059192510549	0.66495497926098
7.8913518820742	0.66526708497068
7.8768380977404	0.66557896029947
7.8623776029373	0.66589060032426
7.8479701047120	0.66620200011753
7.8336153122550	0.66651315474718
7.8193129368805	0.66682405927644
7.8050626920073	0.66713470876377
7.7908642931393	0.66744509826277
7.7767174578470	0.66775522282202
7.7626219057483	0.66806507748506
7.7485773584906	0.66837465729023
7.7345835397317	0.66868395727060
7.7206401751223	0.66899297245385
7.7067469922879	0.66930169786219
7.6929037208109	0.66961012851227
7.6791100922131	0.66991825941506
7.6653658399386	0.67022608557578
7.6516706993364	0.67053360199377
7.6380244076433	0.67084080366248
7.6244267039674	0.67114768556929
7.6108773292714	0.67145424269547
7.5973760263558	0.67176047001611
7.5839225398432	0.67206636249999
7.5705166161616	0.67237191510955
7.5571580035291	0.67267712280076
7.5438464519376	0.67298198052309
7.5305817131374	0.67328648321943
7.5173635406219	0.67359062582596
7.5041916896120	0.67389440327218
7.4910659170415	0.67419781048075
7.4779859815415	0.67450084236748
7.4649516434263	0.67480349384126
7.4519626646781	0.67510575980399
7.4390188089330	0.67540763515052
7.4261198414664	0.67570911476861
7.4132655291790	0.67601019353890
7.4004556405826	0.67631086633480
7.3876899457861	0.67661112802253
7.3749682164822	0.67691097346099
7.3622902259332	0.67721039750181
7.3496557489581	0.67750939498924
7.3370645619187	0.67780796076018
7.3245164427071	0.67810608964409
7.3120111707317	0.67840377646304
7.2995485269053	0.67870101603163
7.2871282936315	0.67899780315700
7.2747502547925	0.67929413263880
7.2624141957364	0.67958999926920
7.2501199032648	0.67988539783287
7.2378671656205	0.68018032310700
7.2256557724753	0.68047476986125
7.2134855149182	0.68076873285783
7.2013561854432	0.68106220685143
7.1892675779376	0.68135518658930
7.1772194876706	0.68164766681123
7.1652117112811	0.68193964224957
7.1532440467669	0.68223110762929
7.1413162934731	0.68252205766797
7.1294282520809	0.68281248707584
7.1175797245964	0.68310239055585
7.1057705143399	0.68339176280367
7.0940004259347	0.68368059850776
7.0822692652965	0.68396889234941
7.0705768396226	0.68425663900281
7.0589229573817	0.68454383313508
7.0473074283028	0.68483046940638
7.0357300633654	0.68511654246991
7.0241906747891	0.68540204697205
7.0126890760234	0.68568697755239
7.0012250817375	0.68597132884383
6.9897985078107	0.68625509547267
6.9784091713222	0.68653827205868
6.9670568905415	0.68682085321519
6.9557414849188	0.68710283354924
6.9444627750753	0.68738420766160
6.9332205827937	0.68766497014695
6.9220147310090	0.68794511559395
6.9108450437990	0.68822463858537
6.8997113463751	0.68850353369821
6.8886134650735	0.68878179550381
6.8775512273457	0.68905941856800
6.8665244617499	0.68933639745123
6.8555329979419	0.68961272670868
6.8445766666667	0.68988840089044
6.8336552997493	0.69016341454163
6.8227687300865	0.69043776220257
6.8119167916383	0.69071143840892
6.8010993194192	0.69098443769183
6.7903161494904	0.69125675457815
6.7795671189507	0.69152838359052
6.7688520659291	0.69179931924763
6.7581708295762	0.69206955606434
6.7475232500563	0.69233908855187
6.7369091685393	0.69260791121798
6.7263284271932	0.69287601856720
6.7157808691756	0.69314340510096
6.7052663386267	0.69341006531784
6.6947846806610	0.69367599371373
6.6843357413601	0.69394118478208
6.6739193677649	0.69420563301408
6.6635354078684	0.69446933289885
6.6531837106081	0.69473227892372
6.6428641258586	0.69499446557441
6.6325765044248	0.69525588733525
6.6223206980340	0.69551653868943
6.6120965593295	0.69577641411922
6.6019039418630	0.69603550810622
6.5917427000879	0.69629381513157
6.5816126893524	0.69655132967624
6.5715137658922	0.69680804622123
6.5614457868243	0.69706395924785
6.5514086101399	0.69731906323797
6.5414020946978	0.69757335267426
6.5314261002179	0.69782682204048
6.5214804872743	0.69807946582173
6.5115651172893	0.69833127850470
6.5016798525266	0.69858225457798
6.4918245560849	0.69883238853229
6.4819990918919	0.69908167486081
6.4722033246978	0.69933010805939
6.4624371200690	0.69957768262691
6.4527003443823	0.69982439306551
6.4429928648184	0.70007023388089
6.4333145493562	0.70031519958263
6.4236652667667	0.70055928468445
6.4140448866068	0.70080248370452
6.4044532792138	0.70104479116578
6.3948903156997	0.70128620159619
6.3853558679446	0.70152670952910
6.3758498085921	0.70176630950349
6.3663720110427	0.70200499606435
6.3569223494487	0.70224276376293
6.3475006987084	0.70247960715709
6.3381069344609	0.70271552081159
6.3287409330800	0.70295049929844
6.3194025716695	0.70318453719719
6.3100917280572	0.70341762909527
6.3008082807902	0.70364976958829
6.2915521091291	0.70388095328041
6.2823230930427	0.70411117478461
6.2731211132036	0.70434042872305
6.2639460509820	0.70456870972742
6.2547977884415	0.70479601243921
6.2456762083333	0.70502233151010
6.2365811940919	0.70524766160228
6.2275126298297	0.70547199738875
6.2184704003319	0.70569533355370
6.2094543910522	0.70591766479283
6.2004644881075	0.70613898581368
6.1915005782734	0.70635929133598
6.1825625489792	0.70657857609198
6.1736502883031	0.70679683482679
6.1647636849681	0.70701406229873
6.1559026283368	0.70723025327967
6.1470670084068	0.70744540255535
6.1382567158067	0.70765950492575
6.1294716417910	0.70787255520542
6.1207116782360	0.70808454822381
6.1119767176351	0.70829547882563
6.1032666530945	0.70850534187119
6.0945813783289	0.70871413223673
6.0859207876573	0.70892184481478
6.0772847759984	0.70912847451447
6.0686732388664	0.70933401626191
6.0600860723671	0.70953846500049
6.0515231731934	0.70974181569128
6.0429844386212	0.70994406331329
6.0344697665056	0.71014520286387
6.0259790552764	0.71034522935903
6.0175122039342	0.71054413783377
6.0090691120465	0.71074192334243
6.0006496797438	0.71093858095901
5.9922538077154	0.71113410577751
5.9838813972056	0.71132849291228
5.9755323500100	0.71152173749831
5.9672065684713	0.71171383469160
5.9589039554760	0.71190477966950
5.9506244144502	0.71209456763098
5.9423678493558	0.71228319379699
5.9341341646873	0.71247065341082
5.9259232654675	0.71265694173836
5.9177350572444	0.71284205406844
5.9095694460871	0.71302598571318
5.9014263385827	0.71320873200827
5.8933056418321	0.71339028831332
5.8852072634472	0.71357065001212
5.8771311115468	0.71374981251300
5.8690770947533	0.71392777124915
5.8610451221896	0.71410452167885
5.8530351034752	0.71428005928586
5.8450469487229	0.71445437957966
5.8370805685358	0.71462747809580
5.8291358740035	0.71479935039615
5.8212127766990	0.71496999206922
5.8133111886756	0.71513939873046
5.8054310224632	0.71530756602251
5.7975721910656	0.71547448961554
5.7897346079567	0.71564016520747
5.7819181870781	0.71580458852432
5.7741228428351	0.71596775532041
5.7663484900942	0.71612966137872
5.7585950441798	0.71629030251108
5.7508624208709	0.71644967455849
5.7431505363985	0.71660777339136
5.7354593074421	0.71676459490977
5.7277886511272	0.71692013504378
5.7201384850219	0.71707438975358
5.7125087271341	0.71722735502985
5.7048992959087	0.71737902689394
5.6973101102242	0.71752940139813
5.6897410893908	0.71767847462590
5.6821921531463	0.71782624269211
5.6746632216544	0.71797270174328
5.6671542155009	0.71811784795782
5.6596650556919	0.71826167754622
5.6521956636501	0.71840418675131
5.6447459612126	0.71854537184844
5.6373158706281	0.71868522914574
5.6299053145540	0.71882375498431
5.6225142160540	0.71896094573839
5.6151424985952	0.71909679781565
5.6077900860456	0.71923130765730
5.6004569026714	0.71936447173833
5.5931428731343	0.71949628656769
5.5858479224893	0.71962674868851
5.5785719761816	0.71975585467821
5.5713149600446	0.71988360114875
5.5640768002970	0.72000998474678
5.5568574235403	0.72013500215380
5.5496567567568	0.72025865008634
5.5424747273063	0.72038092529611
5.5353112629247	0.72050182457017
5.5281662917204	0.72062134473110
5.5210397421731	0.72073948263711
5.5139315431304	0.72085623518222
5.5068416238060	0.72097159929637
5.4997699137773	0.72108557194561
5.4927163429828	0.72119815013219
5.4856808417200	0.72130933089468
5.4786633406433	0.72141911130813
5.4716637707611	0.72152748848419
5.4646820634342	0.72163445957120
5.4577181503732	0.72174002175432
5.4507719636364	0.72184417225563
5.4438434356274	0.72194690833425
5.4369324990932	0.72204822728643
5.4300390871219	0.72214812644562
5.4231631331404	0.72224660318263
5.4163045709124	0.72234365490564
5.4094633345363	0.72243927906035
5.4026393584430	0.72253347313001
5.3958325773938	0.72262623463551
5.3890429264785	0.72271756113548
5.3822703411131	0.72280745022632
5.3755147570378	0.72289589954228
5.3687761103152	0.72298290675552
5.3620543373278	0.72306846957617
5.3553493747767	0.72315258575236
5.3486611596789	0.72323525307031
5.3419896293656	0.72331646935431
5.3353347214807	0.72339623246685
5.3286963739780	0.72347454030856
5.3220745251198	0.72355139081831
5.3154691134752	0.72362678197322
5.3088800779175	0.72370071178867
5.3023073576229	0.72377317831835
5.2957508920685	0.72384417965425
5.2892106210303	0.72391371392670
5.2826864845815	0.72398177930436
5.2761784230905	0.72404837399424
5.2696863772192	0.72411349624171
5.2632102879213	0.72417714433049
5.2567500964405	0.72423931658263
5.2503057443082	0.72430001135856
5.2438771733427	0.72435922705702
5.2374643256464	0.72441696211509
5.2310671436050	0.72447321500815
5.2246855698850	0.72452798424988
5.2183195474326	0.72458126839222
5.2119690194715	0.72463306602536
5.2056339295016	0.72468337577772
5.1993142212973	0.72473219631590
5.1930098389052	0.72477952634466
5.1867207266436	0.72482536460689
5.1804468290997	0.72486970988355
5.1741880911288	0.72491256099366
5.1679444578521	0.72495391679422
5.1617158746556	0.72499377618022
5.1555022871883	0.72503213808452
5.1493036413604	0.72506900147788
5.1431198833419	0.72510436536882
5.1369509595613	0.72513822880364
5.1307968167037	0.72517059086634
5.1246574017094	0.72520145067854
5.1185326617722	0.72523080739944
5.1124225443383	0.72525866022575
5.1063269971044	0.72528500839164
5.1002459680163	0.72530985116864
5.0941794052676	0.72533318786563
5.0881272572980	0.72535501782869
5.0820894727920	0.72537534044110
5.0760660006773	0.72539415512323
5.0700567901235	0.72541146133250
5.0640617905405	0.72542725856323
5.0580809515775	0.72544154634667
5.0521142231210	0.72545432425082
5.0461615552937	0.72546559188043
5.0402228984533	0.72547534887686
5.0342982031906	0.72548359491804
5.0283874203287	0.72549032971837
5.0224905009214	0.72549555302863
5.0166073962517	0.72549926463591
5.0107380578305	0.72550146436353
5.0048824373957	0.72550215207094
4.9990404869101	0.72550132765363
4.9932121585610	0.72549899104307
4.9873974047579	0.72549514220659
4.9815961781323	0.72548978114732
4.9758084315353	0.72548290790410
4.9700341180371	0.72547452255136
4.9642731909256	0.72546462519907
4.9585256037049	0.72545321599266
4.9527913100942	0.72544029511288
4.9470702640264	0.72542586277575
4.9413624196473	0.72540991923249
4.9356677313138	0.72539246476939
4.9299861535932	0.72537349970773
4.9243176412615	0.72535302440374
4.9186621493027	0.72533103924844
4.9130196329072	0.72530754466763
4.9073900474709	0.72528254112175
4.9017733485939	0.72525602910580
4.8961694920790	0.72522800914930
4.8905784339315	0.72519848181616
4.8850001303569	0.72516744770461
4.8794345377604	0.72513490744713
4.8738816127459	0.72510086171037
4.8683413121143	0.72506531119503
4.8628135928629	0.72502825663586
4.8572984121841	0.72498969880151
4.8517957274640	0.72494963849448
4.8463054962819	0.72490807655104
4.8408276764088	0.72486501384119
4.8353622258065	0.72482045126852
4.8299091026261	0.72477438977021
4.8244682652076	0.72472683031692
4.8190396720784	0.72467777391271
4.8136232819525	0.72462722159502
4.8082190537289	0.72457517443457
4.8028269464915	0.72452163353530
4.7974469195071	0.72446660003431
4.7920789322251	0.72441007510181
4.7867229442759	0.72435205994107
4.7813789154705	0.72429255578831
4.7760468057989	0.72423156391272
4.7707265754297	0.72416908561635
4.7654181847083	0.72410512223409
4.7601215941569	0.72403967513361
4.7548367644726	0.72397274571532
4.7495636565272	0.72390433541229
4.7443022313657	0.72383444569027
4.7390524502055	0.72376307804761
4.7338142744355	0.72369023401521
4.7285876656151	0.72361591515652
4.7233725854735	0.72354012306747
4.7181689959081	0.72346285937645
4.7129768589844	0.72338412574432
4.7077961369347	0.72330392386429
4.7026267921569	0.72322225546200
4.6974687872140	0.72313912229541
4.6923220848333	0.72305452615484
4.6871866479049	0.72296846886292
4.6820624394815	0.72288095227457
4.6769494227769	0.72279197827701
4.6718475611657	0.72270154878971
4.6667568181818	0.72260966576444
4.6616771575183	0.72251633118520
4.6566085430258	0.72242154706824
4.6515509387122	0.72232531546208
4.6465043087415	0.72222763844746
4.6414686174330	0.72212851813739
4.6364438292607	0.72202795667713
4.6314299088522	0.72192595624420
4.6264268209877	0.72182251904838
4.6214345305997	0.72171764733173
4.6164530027718	0.72161134336863
4.6114822027380	0.72150360946573
4.6065220958820	0.72139444796202
4.6015726477360	0.72128386122884
4.5966338239804	0.72117185166990
4.5917055904426	0.72105842172129
4.5867879130967	0.72094357385151
4.5818807580621	0.72082731056154
4.5769840916031	0.72070963438479
4.5720978801281	0.72059054788720
4.5672220901889	0.72047005366726
4.5623566884797	0.72034815435603
4.5575016418364	0.72022485261717
4.5526569172361	0.72010015114702
4.5478224817961	0.71997405267460
4.5429983027731	0.71984655996168
4.5381843475628	0.71971767580281
4.5333805836988	0.71958740302539
4.5285869788520	0.71945574448968
4.5238035008299	0.71932270308888
4.5190301175761	0.71918828174917
4.5142667971691	0.71905248342977
4.5095135078219	0.71891531112300
4.5047702178813	0.71877676785432
4.5000368958271	0.71863685668238
4.4953135102714	0.71849558069912
4.4906000299581	0.71835294302977
4.4858964237618	0.71820894683298
4.4812026606876	0.71806359530082
4.4765187098701	0.71791689165888
4.4718445405728	0.71776883916630
4.4671801221875	0.71761944111587
4.4625254242334	0.71746870083410
4.4578804163569	0.71731662168124
4.4532450683304	0.71716320705138
4.4486193500519	0.71700846037251
4.4440032315446	0.71685238510659
4.4393966829557	0.71669498474961
4.4347996745562	0.71653626283167
4.4302121767401	0.71637622291703
4.4256341600236	0.71621486860421
4.4210655950450	0.71605220352601
4.4165064525633	0.71588823134962
4.4119567034584	0.71572295577668
4.4074163187298	0.71555638054332
4.4028852694963	0.71538850942027
4.3983635269953	0.71521934621288
4.3938510625824	0.71504889476124
4.3893478477306	0.71487715894019
4.3848538540295	0.71470414265942
4.3803690531853	0.71452984986353
4.3758934170194	0.71435428453207
4.3714269174686	0.71417745067964
4.3669695265841	0.71399935235591
4.3625212165309	0.71381999364570
4.3580819595871	0.71363937866904
4.3536517281441	0.71345751158123
4.3492304947048	0.71327439657286
4.3448182318841	0.71309003786992
4.3404149124077	0.71290443973379
4.3360205091119	0.71271760646133
4.3316349949429	0.71252954238493
4.3272583429561	0.71234025187250
4.3228905263158	0.71214973932759
4.3185315182944	0.71195800918937
4.3141812922723	0.71176506593268
4.3098398217366	0.71157091406810
4.3055070802815	0.71137555814193
4.3011830416069	0.71117900273625
4.2968676795184	0.71098125246893
4.2925609679267	0.71078231199368
4.2882628808468	0.71058218600002
4.2839733923978	0.71038087921335
4.2796924768023	0.71017839639492
4.2754201083856	0.70997474234186
4.2711562615757	0.70976992188719
4.2669009109024	0.70956393989981
4.2626540309967	0.70935680128447
4.2584155965909	0.70914851098182
4.2541855825174	0.70893907396836
4.2499639637085	0.70872849525643
4.2457507151961	0.70851677989419
4.2415458121109	0.70830393296559
4.2373492296820	0.70808995959036
4.2331609432364	0.70787486492395
4.2289809281986	0.70765865415751
4.2248091600902	0.70744133251782
4.2206456145291	0.70722290526726
4.2164902672293	0.70700337770377
4.2123430940003	0.70678275516072
4.2082040707468	0.70656104300694
4.2040731734680	0.70633824664657
4.1999503782572	0.70611437151900
4.1958356613016	0.70588942309882
4.1917289988814	0.70566340689567
4.1876303673697	0.70543632845420
4.1835397432319	0.70520819335392
4.1794571030252	0.70497900720912
4.1753824233983	0.70474877566876
4.1713156810909	0.70451750441628
4.1672568529330	0.70428519916957
4.1632059158450	0.70405186568075
4.1591628468368	0.70381750973606
4.1551276230076	0.70358213715572
4.1511002215453	0.70334575379373
4.1470806197261	0.70310836553773
4.1430687949143	0.70286997830885
4.1390647245616	0.70263059806146
4.1350683862069	0.70239023078306
4.1310797574755	0.70214888249401
4.1270988160793	0.70190655924737
4.1231255398157	0.70166326712866
4.1191599065677	0.70141901225568
4.1152018943034	0.70117380077822
4.1112514810752	0.70092763887785
4.1073086450199	0.70068053276769
4.1033733643581	0.70043248869211
4.0994456173937	0.70018351292652
4.0955253825137	0.69993361177704
4.0916126381875	0.69968279158025
4.0877073629670	0.69943105870289
4.0838095354856	0.69917841954156
4.0799191344584	0.69892488052242
4.0760361386812	0.69867044810084
4.0721605270307	0.69841512876108
4.0682922784638	0.69815892901599
4.0644313720174	0.69790185540661
4.0605777868075	0.69764391450183
4.0567315020298	0.69738511289804
4.0528924969582	0.69712545721872
4.0490607509454	0.69686495411408
4.0452362434219	0.69660361026064
4.0414189538959	0.69634143236084
4.0376088619529	0.69607842714261
4.0338059472551	0.69581460135895
4.0300101895416	0.69554996178748
4.0262215686274	0.69528451522998
4.0224400644036	0.69501826851199
4.0186656568365	0.69475122848226
4.0148983259676	0.69448340201232
4.0111380519133	0.69421479599597
4.0073848148643	0.69394541734878
4.0036385950855	0.69367527300759
3.9998993729153	0.69340436992995
3.9961671287657	0.69313271509363
3.9924418431216	0.69286031549606
3.9887234965407	0.69258717815374
3.9850120696531	0.69231331010173
3.9813075431607	0.69203871839302
3.9776098978373	0.69176341009798
3.9739191145281	0.69148739230370
3.9702351741491	0.69121067211348
3.9665580576872	0.69093325664608
3.9628877461996	0.69065515303520
3.9592242208135	0.69037636842874
3.9555674627260	0.69009690998823
3.9519174532033	0.68981678488810
3.9482741735809	0.68953600031499
3.9446376052632	0.68925456346713
3.9410077297226	0.68897248155358
3.9373845285001	0.68868976179351
3.9337679832043	0.68840641141553
3.9301580755113	0.68812243765688
3.9265547871644	0.68783784776275
3.9229580999738	0.68755264898547
3.9193679958164	0.68726684858377
3.9157844566353	0.68698045382200
3.9122074644395	0.68669347196928
3.9086370013038	0.68640591029879
3.9050730493682	0.68611777608686
3.9015155908381	0.68582907661220
3.8979646079834	0.68553981915505
3.8944200831385	0.68525001099630
3.8908819987021	0.68495965941668
3.8873503371369	0.68466877169585
3.8838250809690	0.68437735511149
3.8803062127880	0.68408541693849
3.8767937152463	0.68379296444794
3.8732875710594	0.68350000490631
3.8697877630050	0.68320654557443
3.8662942739231	0.68291259370662
3.8628070867156	0.68261815654970
3.8593261843460	0.68232324134203
3.8558515498392	0.68202785531257
3.8523831662812	0.68173200567984
3.8489210168186	0.68143569965098
3.8454650846588	0.68113894442072
3.8420153530693	0.68084174717033
3.8385718053777	0.68054411506667
3.8351344249712	0.68024605526107
3.8317031952965	0.67994757488835
3.8282780998595	0.67964868106570
3.8248591222251	0.67934938089168
3.8214462460166	0.67904968144507
3.8180394549159	0.67874958978382
3.8146387326632	0.67844911294393
3.8112440630562	0.67814825793839
3.8078554299505	0.67784703175599
3.8044728172589	0.67754544136021
3.8010962089514	0.67724349368814
3.7977255890550	0.67694119564924
3.7943609416530	0.67663855412425
3.7910022508852	0.67633557596397
3.7876495009476	0.67603226798815
3.7843026760919	0.67572863698422
3.7809617606256	0.67542468970616
3.7776267389113	0.67512043287326
3.7742975953670	0.67481587316892
3.7709743144654	0.67451101723944
3.7676568807339	0.67420587169275
3.7643452787544	0.67390044309719
3.7610394931627	0.67359473798029
3.7577395086488	0.67328876282748
3.7544453099562	0.67298252408081
3.7511568818819	0.67267602813772
3.7478742092762	0.67236928134974
3.7445972770422	0.67206229002121
3.7413260701360	0.67175506040796
3.7380605735661	0.67144759871602
3.7348007723932	0.67113991110032
3.7315466517301	0.67083200366338
3.7282981967417	0.67052388245394
3.7250553926441	0.67021555346569
3.7218182247052	0.66990702263587
3.7185866782436	0.66959829584398
3.7153607386293	0.66928937891041
3.7121403912828	0.66898027759505
3.7089256216751	0.66867099759599
3.7057164153276	0.66836154454810
3.7025127578115	0.66805192402169
3.6993146347483	0.66774214152110
3.6961220318087	0.66743220248334
3.6929349347130	0.66712211227669
3.6897533292308	0.66681187619933
3.6865772011805	0.66650149947788
3.6834065364295	0.66619098726607
3.6802413208937	0.66588034464329
3.6770815405372	0.66556957661318
3.6739271813725	0.66525868810225
3.6707782294600	0.66494768395840
3.6676346709078	0.66463656894958
3.6644964918714	0.66432534776227
3.6613636785540	0.66401402500015
3.6582362172056	0.66370260518258
3.6551140941234	0.66339109274325
3.6519972956511	0.66307949202867
3.6488858081792	0.66276780729679
3.6457796181442	0.66245604271554
3.6426787120292	0.66214420236139
3.6395830763628	0.66183229021790
3.6364926977196	0.66152031017429
3.6334075627197	0.66120826602401
3.6303276580286	0.66089616146328
3.6272529703569	0.66058400008963
3.6241834864603	0.66027178540050
3.6211191931393	0.65995952079176
3.6180600772387	0.65964720955629
3.6150061256481	0.65933485488254
3.6119573253012	0.65902245985306
3.6089136631756	0.65871002744310
3.6058751262930	0.65839756051915
3.6028417017185	0.65808506183752
3.5998133765610	0.65777253404290
3.5967901379724	0.65745997966691
3.5937719731479	0.65714740112673
3.5907588693257	0.65683480072361
3.5877508137865	0.65652218064149
3.5847477938539	0.65620954294559
3.5817497968937	0.65589688958095
3.5787568103140	0.65558422237110
3.5757688215649	0.65527154301657
3.5727858181385	0.65495885309357
3.5698077875685	0.65464615405254
3.5668347174301	0.65433344721680
3.5638665953400	0.65402073378116
3.5609034089559	0.65370801481053
3.5579451459767	0.65339529123857
3.5549917941421	0.65308256386634
3.5520433412322	0.65276983336093
3.5490997750681	0.65245710025412
3.5461610835108	0.65214436494102
3.5432272544616	0.65183162767879
3.5402982758621	0.65151888858530
3.5373741356932	0.65120614763781
3.5344548219759	0.65089340467167
3.5315403227706	0.65058065937904
3.5286306261770	0.65026791130761
3.5257257203340	0.64995515985932
3.5228255934195	0.64964240428913
3.5199302336503	0.64932964370372
3.5170396292820	0.64901687706031
3.5141537686086	0.64870410316542
3.5112726399625	0.64839132067363
3.5083962317145	0.64807852808645
3.5055245322732	0.64776572375106
3.5026575300853	0.64745290585919
3.4997952136353	0.64714007244595
3.4969375714452	0.64682722138869
3.4940845920746	0.64651435040589
3.4912362641202	0.64620145705601
3.4883925762160	0.64588853873644
3.4855535170329	0.64557559268241
3.4827190752788	0.64526261596591
3.4798892396982	0.64494960549465
3.4770639990721	0.64463655801109
3.4742433422181	0.64432347009132
3.4714272579898	0.64401033814419
3.4686157352771	0.64369715841027
3.4658087630058	0.64338392696091
3.4630063301375	0.64307063969731
3.4602084256694	0.64275729234963
3.4574150386345	0.64244388047606
3.4546261581009	0.64213039946201
3.4518417731721	0.64181684451918
3.4490618729867	0.64150321068482
3.4462864467180	0.64118949282086
3.4435154835745	0.64087568561319
3.4407489727993	0.64056178357083
3.4379869036697	0.64024778102527
3.4352292654979	0.63993367212974
3.4324760476300	0.63961945085849
3.4297272394463	0.63930511100617
3.4269828303612	0.63899064618721
3.4242428098230	0.63867604983518
3.4215071673134	0.63836131520222
3.4187758923480	0.63804643535849
3.4160489744758	0.63773140319167
3.4133264032791	0.63741621140644
3.4106081683732	0.63710085252399
3.4078942594066	0.63678531888166
3.4051846660609	0.63646960263244
3.4024793780502	0.63615369574465
3.3997783851213	0.63583759000159
3.3970816770538	0.63552127700119
3.3943892436594	0.63520474815577
3.3917010747822	0.63488799469175
3.3890171602984	0.63457100764944
3.3863374901163	0.63425377788288
3.3836620541761	0.63393629605965
3.3809908424495	0.63361855266078
3.3783238449403	0.63330053798065
3.3756610516834	0.63298224212693
3.3730024527453	0.63266365502060
3.3703480382237	0.63234476639593
3.3676977982476	0.63202556580058
3.3650517229768	0.63170604259567
3.3624098026021	0.63138618595590
3.3597720273451	0.63106598486976
3.3571383874580	0.63074542813972
3.3545088732237	0.63042450438247
3.3518834749553	0.63010320202919
3.3492621829963	0.62978150932593
3.3466449877205	0.62945941433393
3.3440318795315	0.62913690493006
3.3414228488631	0.62881396880722
3.3388178861789	0.62849059347490
3.3362169819720	0.62816676625964
3.3336201267653	0.62784247430566
3.3310273111111	0.62751770457545
