#Parameters = {thARC=0.4; nARC=1.25; thsub=1; p=1; nSub=5}
#"Wavelength / um"	"T (873) [Real Part]"
#---------------------------------------
14.989622900000	0.56124880015115
14.937342202292	0.56128817880515
14.885424925521	0.56132771515381
14.833867293419	0.56136740867035
14.782665581854	0.56140725883282
14.731816117936	0.56144726512410
14.681315279138	0.56148742703200
14.631159492435	0.56152774404920
14.581345233463	0.56156821567329
14.531869025691	0.56160884140681
14.482727439614	0.56164962075727
14.433917091960	0.56169055323710
14.385434644914	0.56173163836376
14.337276805356	0.56177287565969
14.289440324118	0.56181426465231
14.241921995249	0.56185580487409
14.194718655303	0.56189749586253
14.147827182633	0.56193933716013
14.101244496707	0.56198132831447
14.054967557431	0.56202346887815
14.008993364486	0.56206575840885
13.963318956684	0.56210819646928
13.917941411328	0.56215078262724
13.872857843591	0.56219351645557
13.828065405904	0.56223639753219
13.783561287356	0.56227942544007
13.739342713107	0.56232259976725
13.695406943810	0.56236592010682
13.651751275046	0.56240938605695
13.608373036768	0.56245299722083
13.565269592760	0.56249675320673
13.522438340099	0.56254065362793
13.479876708633	0.56258469810277
13.437582160466	0.56262888625460
13.395552189455	0.56267321771179
13.353784320713	0.56271769210772
13.312276110124	0.56276230908076
13.271025143869	0.56280706827426
13.230029037952	0.56285196933657
13.189285437747	0.56289701192095
13.148792017544	0.56294219568563
13.108546480105	0.56298752029379
13.068546556234	0.56303298541346
13.028790004346	0.56307859071763
12.989274610052	0.56312433588412
12.949998185745	0.56317022059563
12.910958570198	0.56321624453969
12.872153628167	0.56326240740866
12.833581250000	0.56330870889967
12.795239351259	0.56335514871466
12.757125872340	0.56340172656030
12.719238778108	0.56344844214799
12.681576057530	0.56349529519384
12.644135723323	0.56354228541865
12.606915811606	0.56358941254786
12.569914381551	0.56363667631155
12.533129515050	0.56368407644439
12.496559316382	0.56373161268564
12.460201911887	0.56377928477910
12.424055449648	0.56382709247309
12.388118099174	0.56387503552041
12.352388051092	0.56392311367834
12.316863516845	0.56397132670858
12.281542728390	0.56401967437721
12.246423937908	0.56406815645470
12.211505417515	0.56411677271584
12.176785458976	0.56416552293973
12.142262373431	0.56421440690973
12.107934491115	0.56426342441345
12.073800161095	0.56431257524267
12.039857751004	0.56436185919337
12.006105646776	0.56441127606564
11.972542252396	0.56446082566366
11.939165989646	0.56451050779569
11.905975297855	0.56456032227399
11.872968633663	0.56461026891481
11.840144470774	0.56466034753836
11.807501299724	0.56471055796874
11.775037627651	0.56476090003394
11.742751978065	0.56481137356577
11.710642890625	0.56486197839983
11.678708920919	0.56491271437549
11.646948640249	0.56496358133582
11.615360635413	0.56501457912758
11.583943508501	0.56506570760115
11.552695876686	0.56511696661051
11.521616372022	0.56516835601319
11.490703641242	0.56521987567024
11.459956345566	0.56527152544617
11.429373160503	0.56532330520893
11.398952775665	0.56537521482984
11.368693894577	0.56542725418358
11.338595234493	0.56547942314813
11.308655526217	0.56553172160473
11.278873513920	0.56558414943782
11.249247954972	0.56563670653505
11.219777619760	0.56568939278716
11.190461291527	0.56574220808801
11.161297766195	0.56579515233448
11.132285852209	0.56584822542647
11.103424370370	0.56590142726682
11.074712153676	0.56595475776130
11.046148047163	0.56600821681854
11.017730907755	0.56606180435000
10.989459604106	0.56611552026990
10.961333016453	0.56616936449523
10.933350036470	0.56622333694565
10.905509567115	0.56627743754348
10.877810522496	0.56633166621363
10.850251827723	0.56638602288359
10.822832418773	0.56644050748334
10.795551242348	0.56649511994534
10.768407255747	0.56654986020450
10.741399426729	0.56660472819807
10.714526733381	0.56665972386568
10.687788163993	0.56671484714921
10.661182716927	0.56677009799284
10.634709400497	0.56682547634289
10.608367232838	0.56688098214791
10.582155241793	0.56693661535851
10.556072464789	0.56699237592739
10.530117948718	0.56704826380930
10.504290749825	0.56710427896095
10.478589933590	0.56716042134099
10.453014574616	0.56721669090998
10.427563756522	0.56727308763031
10.402236571825	0.56732961146622
10.377032121841	0.56738626238366
10.351949516575	0.56744304035036
10.326987874612	0.56749994533569
10.302146323024	0.56755697731068
10.277423997257	0.56761413624793
10.252820041040	0.56767142212162
10.228333606278	0.56772883490742
10.203963852961	0.56778637458248
10.179709949066	0.56784404112535
10.155571070461	0.56790183451601
10.131546400811	0.56795975473573
10.107635131490	0.56801780176711
10.083836461487	0.56807597559401
10.060149597315	0.56813427620151
10.036573752929	0.56819270357584
10.013108149633	0.56825125770440
9.9897520159947	0.56830993857568
9.9665045877660	0.56836874617921
9.9433651077944	0.56842768050557
9.9203328259431	0.56848674154629
9.8974069990096	0.56854592929386
9.8745868906456	0.56860524374164
9.8518717712783	0.56866468488390
9.8292609180328	0.56872425271569
9.8067536146549	0.56878394723287
9.7843491514360	0.56884376843205
9.7620468251384	0.56890371631053
9.7398459389214	0.56896379086632
9.7177458022690	0.56902399209805
9.6957457309185	0.56908432000493
9.6738450467893	0.56914477458678
9.6520430779137	0.56920535584391
9.6303391583681	0.56926606377715
9.6087326282051	0.56932689838778
9.5872228333866	0.56938785967752
9.5658091257179	0.56944894764846
9.5444908627826	0.56951016230307
9.5232674078780	0.56957150364412
9.5021381299525	0.56963297167469
9.4811024035421	0.56969456639812
9.4601596087094	0.56975628781797
9.4393091309824	0.56981813593798
9.4185503612944	0.56988011076208
9.3978826959248	0.56994221229432
9.3773055364404	0.57000444053884
9.3568182896380	0.57006679549987
9.3364203674868	0.57012927718167
9.3161111870727	0.57019188558851
9.2958901705426	0.57025462072465
9.2757567450495	0.57031748259429
9.2557103426984	0.57038047120157
9.2357504004929	0.57044358655052
9.2158763602828	0.57050682864504
9.1960876687117	0.57057019748886
9.1763837771656	0.57063369308555
9.1567641417227	0.57069731543845
9.1372282231027	0.57076106455068
9.1177754866180	0.57082494042507
9.0984054021244	0.57088894306421
9.0791174439733	0.57095307247032
9.0599110909640	0.57101732864534
9.0407858262967	0.57108171159082
9.0217411375263	0.57114622130793
9.0027765165165	0.57121085779744
8.9838914593947	0.57127562105969
8.9650854665072	0.57134051109458
8.9463580423754	0.57140552790153
8.9277086956522	0.57147067147946
8.9091369390788	0.57153594182680
8.8906422894425	0.57160133894143
8.8722242675348	0.57166686282069
8.8538823981099	0.57173251346133
8.8356162098438	0.57179829085952
8.8174252352941	0.57186419501084
8.7993090108600	0.57193022591020
8.7812670767428	0.57199638355191
8.7632989769073	0.57206266792958
8.7454042590432	0.57212907903618
8.7275824745269	0.57219561686396
8.7098331783847	0.57226228140447
8.6921559292549	0.57232907264853
8.6745502893519	0.57239599058621
8.6570158244297	0.57246303520685
8.6395521037464	0.57253020649901
8.6221587000288	0.57259750445046
8.6048351894374	0.57266492904818
8.5875811515325	0.57273248027835
8.5703961692396	0.57280015812631
8.5532798288160	0.57286796257659
8.5362317198178	0.57293589361287
8.5192514350668	0.57300395121797
8.5023385706183	0.57307213537384
8.4854927257288	0.57314044606157
8.4687135028249	0.57320888326136
8.4520005074711	0.57327744695251
8.4353533483399	0.57334613711342
8.4187716371806	0.57341495372158
8.4022549887892	0.57348389675356
8.3858030209790	0.57355296618500
8.3694153545505	0.57362216199061
8.3530916132627	0.57369148414416
8.3368314238042	0.57376093261848
8.3206344157646	0.57383050738541
8.3045002216066	0.57390020841589
8.2884284766381	0.57397003567984
8.2724188189845	0.57403998914624
8.2564708895621	0.57411006878309
8.2405843320506	0.57418027455743
8.2247587928669	0.57425060643528
8.2089939211391	0.57432106438171
8.1932893686800	0.57439164836079
8.1776447899618	0.57446235833560
8.1620598420909	0.57453319426824
8.1465341847826	0.57460415611978
8.1310674803363	0.57467524385035
8.1156593936113	0.57474645741903
8.1003095920022	0.57481779678395
8.0850177454153	0.57488926190220
8.0697835262450	0.57496085272991
8.0546066093498	0.57503256922219
8.0394866720300	0.57510441133317
8.0244233940043	0.57517637901596
8.0094164573871	0.57524847222270
7.9944655466667	0.57532069090454
7.9795703486825	0.57539303501162
7.9647305526036	0.57546550449310
7.9499458499072	0.57553809929716
7.9352159343568	0.57561081937101
7.9205405019815	0.57568366466085
7.9059192510549	0.57575663511194
7.8913518820742	0.57582973066853
7.8768380977404	0.57590295127394
7.8623776029373	0.57597629687051
7.8479701047120	0.57604976739963
7.8336153122550	0.57612336280171
7.8193129368805	0.57619708301625
7.8050626920073	0.57627092798180
7.7908642931393	0.57634489763594
7.7767174578470	0.57641899191537
7.7626219057483	0.57649321075583
7.7485773584906	0.57656755409216
7.7345835397317	0.57664202185829
7.7206401751223	0.57671661398723
7.7067469922879	0.57679133041111
7.6929037208109	0.57686617106117
7.6791100922131	0.57694113586777
7.6653658399386	0.57701622476039
7.6516706993364	0.57709143766765
7.6380244076433	0.57716677451731
7.6244267039674	0.57724223523631
7.6108773292714	0.57731781975070
7.5973760263558	0.57739352798575
7.5839225398432	0.57746935986587
7.5705166161616	0.57754531531470
7.5571580035291	0.57762139425504
7.5438464519376	0.57769759660892
7.5305817131374	0.57777392229759
7.5173635406219	0.57785037124151
7.5041916896120	0.57792694336039
7.4910659170415	0.57800363857320
7.4779859815415	0.57808045679815
7.4649516434263	0.57815739795273
7.4519626646781	0.57823446195371
7.4390188089330	0.57831164871714
7.4261198414664	0.57838895815839
7.4132655291790	0.57846639019214
7.4004556405826	0.57854394473238
7.3876899457861	0.57862162169246
7.3749682164822	0.57869942098505
7.3622902259332	0.57877734252221
7.3496557489581	0.57885538621534
7.3370645619187	0.57893355197524
7.3245164427071	0.57901183971210
7.3120111707317	0.57909024933553
7.2995485269053	0.57916878075453
7.2871282936315	0.57924743387755
7.2747502547925	0.57932620861248
7.2624141957364	0.57940510486665
7.2501199032648	0.57948412254688
7.2378671656205	0.57956326155944
7.2256557724753	0.57964252181012
7.2134855149182	0.57972190320419
7.2013561854432	0.57980140564645
7.1892675779376	0.57988102904121
7.1772194876706	0.57996077329233
7.1652117112811	0.58004063830322
7.1532440467669	0.58012062397687
7.1413162934731	0.58020073021581
7.1294282520809	0.58028095692219
7.1175797245964	0.58036130399774
7.1057705143399	0.58044177134383
7.0940004259347	0.58052235886141
7.0822692652965	0.58060306645112
7.0705768396226	0.58068389401321
7.0589229573817	0.58076484144761
7.0473074283028	0.58084590865391
7.0357300633654	0.58092709553140
7.0241906747891	0.58100840197906
7.0126890760234	0.58108982789558
7.0012250817375	0.58117137317936
6.9897985078107	0.58125303772855
6.9784091713222	0.58133482144103
6.9670568905415	0.58141672421445
6.9557414849188	0.58149874594622
6.9444627750753	0.58158088653352
6.9332205827937	0.58166314587333
6.9220147310090	0.58174552386243
6.9108450437990	0.58182802039742
6.8997113463751	0.58191063537469
6.8886134650735	0.58199336869051
6.8775512273457	0.58207622024096
6.8665244617499	0.58215918992199
6.8555329979419	0.58224227762942
6.8445766666667	0.58232548325893
6.8336552997493	0.58240880670609
6.8227687300865	0.58249224786639
6.8119167916383	0.58257580663520
6.8010993194192	0.58265948290780
6.7903161494904	0.58274327657943
6.7795671189507	0.58282718754524
6.7688520659291	0.58291121570033
6.7581708295762	0.58299536093975
6.7475232500563	0.58307962315851
6.7369091685393	0.58316400225162
6.7263284271932	0.58324849811403
6.7157808691756	0.58333311064070
6.7052663386267	0.58341783972660
6.6947846806610	0.58350268526667
6.6843357413601	0.58358764715589
6.6739193677649	0.58367272528925
6.6635354078684	0.58375791956178
6.6531837106081	0.58384322986854
6.6428641258586	0.58392865610462
6.6325765044248	0.58401419816519
6.6223206980340	0.58409985594543
6.6120965593295	0.58418562934064
6.6019039418630	0.58427151824615
6.5917427000879	0.58435752255737
6.5816126893524	0.58444364216980
6.5715137658922	0.58452987697903
6.5614457868243	0.58461622688075
6.5514086101399	0.58470269177072
6.5414020946978	0.58478927154482
6.5314261002179	0.58487596609905
6.5214804872743	0.58496277532951
6.5115651172893	0.58504969913241
6.5016798525266	0.58513673740409
6.4918245560849	0.58522389004101
6.4819990918919	0.58531115693978
6.4722033246978	0.58539853799711
6.4624371200690	0.58548603310985
6.4527003443823	0.58557364217502
6.4429928648184	0.58566136508975
6.4333145493562	0.58574920175131
6.4236652667667	0.58583715205714
6.4140448866068	0.58592521590482
6.4044532792138	0.58601339319206
6.3948903156997	0.58610168381674
6.3853558679446	0.58619008767688
6.3758498085921	0.58627860467067
6.3663720110427	0.58636723469644
6.3569223494487	0.58645597765267
6.3475006987084	0.58654483343801
6.3381069344609	0.58663380195125
6.3287409330800	0.58672288309133
6.3194025716695	0.58681207675737
6.3100917280572	0.58690138284862
6.3008082807902	0.58699080126447
6.2915521091291	0.58708033190450
6.2823230930427	0.58716997466840
6.2731211132036	0.58725972945603
6.2639460509820	0.58734959616739
6.2547977884415	0.58743957470261
6.2456762083333	0.58752966496197
6.2365811940919	0.58761986684590
6.2275126298297	0.58771018025494
6.2184704003319	0.58780060508977
6.2094543910522	0.58789114125122
6.2004644881075	0.58798178864020
6.1915005782734	0.58807254715777
6.1825625489792	0.58816341670510
6.1736502883031	0.58825439718347
6.1647636849681	0.58834548849426
6.1559026283368	0.58843669053896
6.1470670084068	0.58852800321915
6.1382567158067	0.58861942643649
6.1294716417910	0.58871096009276
6.1207116782360	0.58880260408977
6.1119767176351	0.58889435832945
6.1032666530945	0.58898622271375
6.0945813783289	0.58907819714470
6.0859207876573	0.58917028152441
6.0772847759984	0.58926247575498
6.0686732388664	0.58935477973859
6.0600860723671	0.58944719337743
6.0515231731934	0.58953971657373
6.0429844386212	0.58963234922971
6.0344697665056	0.58972509124761
6.0259790552764	0.58981794252967
6.0175122039342	0.58991090297812
6.0090691120465	0.59000397249516
6.0006496797438	0.59009715098297
5.9922538077154	0.59019043834368
5.9838813972056	0.59028383447939
5.9755323500100	0.59037733929213
5.9672065684713	0.59047095268386
5.9589039554760	0.59056467455648
5.9506244144502	0.59065850481177
5.9423678493558	0.59075244335146
5.9341341646873	0.59084649007712
5.9259232654675	0.59094064489023
5.9177350572444	0.59103490769214
5.9095694460871	0.59112927838406
5.9014263385827	0.59122375686702
5.8933056418321	0.59131834304191
5.8852072634472	0.59141303680944
5.8771311115468	0.59150783807013
5.8690770947533	0.59160274672431
5.8610451221896	0.59169776267208
5.8530351034752	0.59179288581332
5.8450469487229	0.59188811604769
5.8370805685358	0.59198345327457
5.8291358740035	0.59207889739312
5.8212127766990	0.59217444830219
5.8133111886756	0.59227010590035
5.8054310224632	0.59236587008588
5.7975721910656	0.59246174075674
5.7897346079567	0.59255771781057
5.7819181870781	0.59265380114465
5.7741228428351	0.59274999065592
5.7663484900942	0.59284628624096
5.7585950441798	0.59294268779596
5.7508624208709	0.59303919521671
5.7431505363985	0.59313580839860
5.7354593074421	0.59323252723659
5.7277886511272	0.59332935162522
5.7201384850219	0.59342628145855
5.7125087271341	0.59352331663019
5.7048992959087	0.59362045703329
5.6973101102242	0.59371770256047
5.6897410893908	0.59381505310388
5.6821921531463	0.59391250855511
5.6746632216544	0.59401006880524
5.6671542155009	0.59410773374480
5.6596650556919	0.59420550326374
5.6521956636501	0.59430337725143
5.6447459612126	0.59440135559665
5.6373158706281	0.59449943818758
5.6299053145540	0.59459762491178
5.6225142160540	0.59469591565613
5.6151424985952	0.59479431030692
5.6077900860456	0.59489280874973
5.6004569026714	0.59499141086946
5.5931428731343	0.59509011655033
5.5858479224893	0.59518892567584
5.5785719761816	0.59528783812878
5.5713149600446	0.59538685379117
5.5640768002970	0.59548597254430
5.5568574235403	0.59558519426869
5.5496567567568	0.59568451884406
5.5424747273063	0.59578394614936
5.5353112629247	0.59588347606271
5.5281662917204	0.59598310846140
5.5210397421731	0.59608284322190
5.5139315431304	0.59618268021981
5.5068416238060	0.59628261932987
5.4997699137773	0.59638266042594
5.4927163429828	0.59648280338099
5.4856808417200	0.59658304806706
5.4786633406433	0.59668339435529
5.4716637707611	0.59678384211589
5.4646820634342	0.59688439121809
5.4577181503732	0.59698504153018
5.4507719636364	0.59708579291948
5.4438434356274	0.59718664525231
5.4369324990932	0.59728759839401
5.4300390871219	0.59738865220886
5.4231631331404	0.59748980656018
5.4163045709124	0.59759106131019
5.4094633345363	0.59769241632011
5.4026393584430	0.59779387145006
5.3958325773938	0.59789542655911
5.3890429264785	0.59799708150523
5.3822703411131	0.59809883614530
5.3755147570378	0.59820069033510
5.3687761103152	0.59830264392928
5.3620543373278	0.59840469678135
5.3553493747767	0.59850684874369
5.3486611596789	0.59860909966754
5.3419896293656	0.59871144940296
5.3353347214807	0.59881389779885
5.3286963739780	0.59891644470292
5.3220745251198	0.59901908996169
5.3154691134752	0.59912183342048
5.3088800779175	0.59922467492341
5.3023073576229	0.59932761431336
5.2957508920685	0.59943065143200
5.2892106210303	0.59953378611977
5.2826864845815	0.59963701821584
5.2761784230905	0.59974034755816
5.2696863772192	0.59984377398339
5.2632102879213	0.59994729732694
5.2567500964405	0.60005091742296
5.2503057443082	0.60015463410428
5.2438771733427	0.60025844720249
5.2374643256464	0.60036235654785
5.2310671436050	0.60046636196934
5.2246855698850	0.60057046329462
5.2183195474326	0.60067466035006
5.2119690194715	0.60077895296071
5.2056339295016	0.60088334095029
5.1993142212973	0.60098782414120
5.1930098389052	0.60109240235451
5.1867207266436	0.60119707540997
5.1804468290997	0.60130184312599
5.1741880911288	0.60140670531964
5.1679444578521	0.60151166180664
5.1617158746556	0.60161671240138
5.1555022871883	0.60172185691690
5.1493036413604	0.60182709516489
5.1431198833419	0.60193242695571
5.1369509595613	0.60203785209835
5.1307968167037	0.60214337040045
5.1246574017094	0.60224898166832
5.1185326617722	0.60235468570690
5.1124225443383	0.60246048231979
5.1063269971044	0.60256637130924
5.1002459680163	0.60267235247616
5.0941794052676	0.60277842562011
5.0881272572980	0.60288459053929
5.0820894727920	0.60299084703059
5.0760660006773	0.60309719488954
5.0700567901235	0.60320363391033
5.0640617905405	0.60331016388585
5.0580809515775	0.60341678460764
5.0521142231210	0.60352349586590
5.0461615552937	0.60363029744954
5.0402228984533	0.60373718914616
5.0342982031906	0.60384417074202
5.0283874203287	0.60395124202212
5.0224905009214	0.60405840277012
5.0166073962517	0.60416565276842
5.0107380578305	0.60427299179814
5.0048824373957	0.60438041963912
4.9990404869101	0.60448793606992
4.9932121585610	0.60459554086787
4.9873974047579	0.60470323380903
4.9815961781323	0.60481101466823
4.9758084315353	0.60491888321906
4.9700341180371	0.60502683923391
4.9642731909256	0.60513488248394
4.9585256037049	0.60524301273912
4.9527913100942	0.60535122976825
4.9470702640264	0.60545953333892
4.9413624196473	0.60556792321759
4.9356677313138	0.60567639916954
4.9299861535932	0.60578496095895
4.9243176412615	0.60589360834883
4.9186621493027	0.60600234110112
4.9130196329072	0.60611115897665
4.9073900474709	0.60622006173515
4.9017733485939	0.60632904913532
4.8961694920790	0.60643812093478
4.8905784339315	0.60654727689013
4.8850001303569	0.60665651675694
4.8794345377604	0.60676584028979
4.8738816127459	0.60687524724228
4.8683413121143	0.60698473736701
4.8628135928629	0.60709431041568
4.8572984121841	0.60720396613903
4.8517957274640	0.60731370428688
4.8463054962819	0.60742352460818
4.8408276764088	0.60753342685100
4.8353622258065	0.60764341076255
4.8299091026261	0.60775347608921
4.8244682652076	0.60786362257655
4.8190396720784	0.60797384996936
4.8136232819525	0.60808415801163
4.8082190537289	0.60819454644665
4.8028269464915	0.60830501501694
4.7974469195071	0.60841556346434
4.7920789322251	0.60852619153000
4.7867229442759	0.60863689895444
4.7813789154705	0.60874768547752
4.7760468057989	0.60885855083851
4.7707265754297	0.60896949477607
4.7654181847083	0.60908051702835
4.7601215941569	0.60919161733292
4.7548367644726	0.60930279542686
4.7495636565272	0.60941405104679
4.7443022313657	0.60952538392884
4.7390524502055	0.60963679380873
4.7338142744355	0.60974828042179
4.7285876656151	0.60985984350294
4.7233725854735	0.60997148278680
4.7181689959081	0.61008319800764
4.7129768589844	0.61019498889944
4.7077961369347	0.61030685519594
4.7026267921569	0.61041879663063
4.6974687872140	0.61053081293680
4.6923220848333	0.61064290384758
4.6871866479049	0.61075506909592
4.6820624394815	0.61086730841469
4.6769494227769	0.61097962153667
4.6718475611657	0.61109200819458
4.6667568181818	0.61120446812112
4.6616771575183	0.61131700104900
4.6566085430258	0.61142960671096
4.6515509387122	0.61154228483982
4.6465043087415	0.61165503516851
4.6414686174330	0.61176785743009
4.6364438292607	0.61188075135778
4.6314299088522	0.61199371668500
4.6264268209877	0.61210675314542
4.6214345305997	0.61221986047295
4.6164530027718	0.61233303840183
4.6114822027380	0.61244628666660
4.6065220958820	0.61255960500219
4.6015726477360	0.61267299314390
4.5966338239804	0.61278645082750
4.5917055904426	0.61289997778919
4.5867879130967	0.61301357376569
4.5818807580621	0.61312723849426
4.5769840916031	0.61324097171271
4.5720978801281	0.61335477315947
4.5672220901889	0.61346864257359
4.5623566884797	0.61358257969481
4.5575016418364	0.61369658426357
4.5526569172361	0.61381065602103
4.5478224817961	0.61392479470917
4.5429983027731	0.61403900007075
4.5381843475628	0.61415327184937
4.5333805836988	0.61426760978954
4.5285869788520	0.61438201363667
4.5238035008299	0.61449648313710
4.5190301175761	0.61461101803820
4.5142667971691	0.61472561808832
4.5095135078219	0.61484028303689
4.5047702178813	0.61495501263443
4.5000368958271	0.61506980663257
4.4953135102714	0.61518466478412
4.4906000299581	0.61529958684306
4.4858964237618	0.61541457256464
4.4812026606876	0.61552962170534
4.4765187098701	0.61564473402295
4.4718445405728	0.61575990927659
4.4671801221875	0.61587514722677
4.4625254242334	0.61599044763538
4.4578804163569	0.61610581026576
4.4532450683304	0.61622123488272
4.4486193500519	0.61633672125256
4.4440032315446	0.61645226914314
4.4393966829557	0.61656787832388
4.4347996745562	0.61668354856583
4.4302121767401	0.61679927964163
4.4256341600236	0.61691507132565
4.4210655950450	0.61703092339393
4.4165064525633	0.61714683562424
4.4119567034584	0.61726280779616
4.4074163187298	0.61737883969104
4.4028852694963	0.61749493109207
4.3983635269953	0.61761108178432
4.3938510625824	0.61772729155473
4.3893478477306	0.61784356019219
4.3848538540295	0.61795988748755
4.3803690531853	0.61807627323363
4.3758934170194	0.61819271722528
4.3714269174686	0.61830921925941
4.3669695265841	0.61842577913500
4.3625212165309	0.61854239665311
4.3580819595871	0.61865907161698
4.3536517281441	0.61877580383199
4.3492304947048	0.61889259310571
4.3448182318841	0.61900943924793
4.3404149124077	0.61912634207070
4.3360205091119	0.61924330138831
4.3316349949429	0.61936031701739
4.3272583429561	0.61947738877685
4.3228905263158	0.61959451648798
4.3185315182944	0.61971169997444
4.3141812922723	0.61982893906226
4.3098398217366	0.61994623357993
4.3055070802815	0.62006358335836
4.3011830416069	0.62018098823092
4.2968676795184	0.62029844803348
4.2925609679267	0.62041596260442
4.2882628808468	0.62053353178465
4.2839733923978	0.62065115541762
4.2796924768023	0.62076883334935
4.2754201083856	0.62088656542847
4.2711562615757	0.62100435150619
4.2669009109024	0.62112219143636
4.2626540309967	0.62124008507546
4.2584155965909	0.62135803228264
4.2541855825174	0.62147603291972
4.2499639637085	0.62159408685120
4.2457507151961	0.62171219394428
4.2415458121109	0.62183035406891
4.2373492296820	0.62194856709772
4.2331609432364	0.62206683290611
4.2289809281986	0.62218515137223
4.2248091600902	0.62230352237698
4.2206456145291	0.62242194580405
4.2164902672293	0.62254042153990
4.2123430940003	0.62265894947378
4.2082040707468	0.62277752949773
4.2040731734680	0.62289616150662
4.1999503782572	0.62301484539810
4.1958356613016	0.62313358107264
4.1917289988814	0.62325236843354
4.1876303673697	0.62337120738692
4.1835397432319	0.62349009784170
4.1794571030252	0.62360903970965
4.1753824233983	0.62372803290537
4.1713156810909	0.62384707734625
4.1672568529330	0.62396617295253
4.1632059158450	0.62408531964727
4.1591628468368	0.62420451735634
4.1551276230076	0.62432376600843
4.1511002215453	0.62444306553502
4.1470806197261	0.62456241587042
4.1430687949143	0.62468181695171
4.1390647245616	0.62480126871876
4.1350683862069	0.62492077111424
4.1310797574755	0.62504032408355
4.1270988160793	0.62515992757488
4.1231255398157	0.62527958153914
4.1191599065677	0.62539928592998
4.1152018943034	0.62551904070377
4.1112514810752	0.62563884581955
4.1073086450199	0.62575870123909
4.1033733643581	0.62587860692679
4.0994456173937	0.62599856284970
4.0955253825137	0.62611856897752
4.0916126381875	0.62623862528253
4.0877073629670	0.62635873173960
4.0838095354856	0.62647888832617
4.0799191344584	0.62659909502221
4.0760361386812	0.62671935181019
4.0721605270307	0.62683965867508
4.0682922784638	0.62696001560429
4.0644313720174	0.62708042258767
4.0605777868075	0.62720087961745
4.0567315020298	0.62732138668825
4.0528924969582	0.62744194379698
4.0490607509454	0.62756255094289
4.0452362434219	0.62768320812746
4.0414189538959	0.62780391535442
4.0376088619529	0.62792467262968
4.0338059472551	0.62804547996129
4.0300101895416	0.62816633735942
4.0262215686274	0.62828724483630
4.0224400644036	0.62840820240620
4.0186656568365	0.62852921008535
4.0148983259676	0.62865026789192
4.0111380519133	0.62877137584600
4.0073848148643	0.62889253396947
4.0036385950855	0.62901374228605
3.9998993729153	0.62913500082118
3.9961671287657	0.62925630960199
3.9924418431216	0.62937766865724
3.9887234965407	0.62949907801730
3.9850120696531	0.62962053771405
3.9813075431607	0.62974204778084
3.9776098978373	0.62986360825244
3.9739191145281	0.62998521916496
3.9702351741491	0.63010688055582
3.9665580576872	0.63022859246366
3.9628877461996	0.63035035492828
3.9592242208135	0.63047216799059
3.9555674627260	0.63059403169254
3.9519174532033	0.63071594607704
3.9482741735809	0.63083791118790
3.9446376052632	0.63095992706975
3.9410077297226	0.63108199376799
3.9373845285001	0.63120411132871
3.9337679832043	0.63132627979858
3.9301580755113	0.63144849922483
3.9265547871644	0.63157076965513
3.9229580999738	0.63169309113755
3.9193679958164	0.63181546372043
3.9157844566353	0.63193788745235
3.9122074644395	0.63206036238200
3.9086370013038	0.63218288855814
3.9050730493682	0.63230546602950
3.9015155908381	0.63242809484467
3.8979646079834	0.63255077505204
3.8944200831385	0.63267350669970
3.8908819987021	0.63279628983535
3.8873503371369	0.63291912450621
3.8838250809690	0.63304201075892
3.8803062127880	0.63316494863947
3.8767937152463	0.63328793819305
3.8732875710594	0.63341097946401
3.8697877630050	0.63353407249574
3.8662942739231	0.63365721733055
3.8628070867156	0.63378041400961
3.8593261843460	0.63390366257281
3.8558515498392	0.63402696305867
3.8523831662812	0.63415031550422
3.8489210168186	0.63427371994495
3.8454650846588	0.63439717641462
3.8420153530693	0.63452068494519
3.8385718053777	0.63464424556674
3.8351344249712	0.63476785830731
3.8317031952965	0.63489152319280
3.8282780998595	0.63501524024686
3.8248591222251	0.63513900949078
3.8214462460166	0.63526283094337
3.8180394549159	0.63538670462083
3.8146387326632	0.63551063053666
3.8112440630562	0.63563460870149
3.8078554299505	0.63575863912300
3.8044728172589	0.63588272180579
3.8010962089514	0.63600685675124
3.7977255890550	0.63613104395740
3.7943609416530	0.63625528341886
3.7910022508852	0.63637957512661
3.7876495009476	0.63650391906793
3.7843026760919	0.63662831522623
3.7809617606256	0.63675276358097
3.7776267389113	0.63687726410747
3.7742975953670	0.63700181677681
3.7709743144654	0.63712642155570
3.7676568807339	0.63725107840631
3.7643452787544	0.63737578728618
3.7610394931627	0.63750054814802
3.7577395086488	0.63762536093966
3.7544453099562	0.63775022560381
3.7511568818819	0.63787514207799
3.7478742092762	0.63800011029437
3.7445972770422	0.63812513017961
3.7413260701360	0.63825020165473
3.7380605735661	0.63837532463498
3.7348007723932	0.63850049902964
3.7315466517301	0.63862572474194
3.7282981967417	0.63875100166889
3.7250553926441	0.63887632970110
3.7218182247052	0.63900170872267
3.7185866782436	0.63912713861101
3.7153607386293	0.63925261923672
3.7121403912828	0.63937815046342
3.7089256216751	0.63950373214758
3.7057164153276	0.63962936413842
3.7025127578115	0.63975504627768
3.6993146347483	0.63988077839954
3.6961220318087	0.64000656033042
3.6929349347130	0.64013239188883
3.6897533292308	0.64025827288521
3.6865772011805	0.64038420312181
3.6834065364295	0.64051018239246
3.6802413208937	0.64063621048250
3.6770815405372	0.64076228716854
3.6739271813725	0.64088841221834
3.6707782294600	0.64101458539065
3.6676346709078	0.64114080643505
3.6644964918714	0.64126707509177
3.6613636785540	0.64139339109154
3.6582362172056	0.64151975415544
3.6551140941234	0.64164616399471
3.6519972956511	0.64177262031062
3.6488858081792	0.64189912279428
3.6457796181442	0.64202567112648
3.6426787120292	0.64215226497756
3.6395830763628	0.64227890400718
3.6364926977196	0.64240558786423
3.6334075627197	0.64253231618662
3.6303276580286	0.64265908860111
3.6272529703569	0.64278590472319
3.6241834864603	0.64291276415687
3.6211191931393	0.64303966649454
3.6180600772387	0.64316661131679
3.6150061256481	0.64329359819226
3.6119573253012	0.64342062667749
3.6089136631756	0.64354769631670
3.6058751262930	0.64367480664168
3.6028417017185	0.64380195717162
3.5998133765610	0.64392914741290
3.5967901379724	0.64405637685898
3.5937719731479	0.64418364499023
3.5907588693257	0.64431095127374
3.5877508137865	0.64443829516316
3.5847477938539	0.64456567609856
3.5817497968937	0.64469309350626
3.5787568103140	0.64482054679867
3.5757688215649	0.64494803537411
3.5727858181385	0.64507555861667
3.5698077875685	0.64520311589605
3.5668347174301	0.64533070656739
3.5638665953400	0.64545832997112
3.5609034089559	0.64558598543280
3.5579451459767	0.64571367226296
3.5549917941421	0.64584138975694
3.5520433412322	0.64596913719475
3.5490997750681	0.64609691384091
3.5461610835108	0.64622471894429
3.5432272544616	0.64635255173794
3.5402982758621	0.64648041143899
3.5373741356932	0.64660829724844
3.5344548219759	0.64673620835106
3.5315403227706	0.64686414391520
3.5286306261770	0.64699210309267
3.5257257203340	0.64712008501860
3.5228255934195	0.64724808881126
3.5199302336503	0.64737611357195
3.5170396292820	0.64750415838485
3.5141537686086	0.64763222231685
3.5112726399625	0.64776030441747
3.5083962317145	0.64788840371867
3.5055245322732	0.64801651923474
3.5026575300853	0.64814464996213
3.4997952136353	0.64827279487939
3.4969375714452	0.64840095294695
3.4940845920746	0.64852912310706
3.4912362641202	0.64865730428363
3.4883925762160	0.64878549538210
3.4855535170329	0.64891369528934
3.4827190752788	0.64904190287350
3.4798892396982	0.64917011698390
3.4770639990721	0.64929833645093
3.4742433422181	0.64942656008591
3.4714272579898	0.64955478668099
3.4686157352771	0.64968301500902
3.4658087630058	0.64981124382346
3.4630063301375	0.64993947185826
3.4602084256694	0.65006769782778
3.4574150386345	0.65019592042664
3.4546261581009	0.65032413832966
3.4518417731721	0.65045235019176
3.4490618729867	0.65058055464783
3.4462864467180	0.65070875031268
3.4435154835745	0.65083693578093
3.4407489727993	0.65096510962691
3.4379869036697	0.65109327040460
3.4352292654979	0.65122141664754
3.4324760476300	0.65134954686873
3.4297272394463	0.65147765956058
3.4269828303612	0.65160575319484
3.4242428098230	0.65173382622249
3.4215071673134	0.65186187707373
3.4187758923480	0.65198990415786
3.4160489744758	0.65211790586326
3.4133264032791	0.65224588055730
3.4106081683732	0.65237382658631
3.4078942594066	0.65250174227552
3.4051846660609	0.65262962592899
3.4024793780502	0.65275747582962
3.3997783851213	0.65288529023904
3.3970816770538	0.65301306739762
3.3943892436594	0.65314080552441
3.3917010747822	0.65326850281714
3.3890171602984	0.65339615745213
3.3863374901163	0.65352376758435
3.3836620541761	0.65365133134733
3.3809908424495	0.65377884685317
3.3783238449403	0.65390631219254
3.3756610516834	0.65403372543463
3.3730024527453	0.65416108462720
3.3703480382237	0.65428838779654
3.3676977982476	0.65441563294746
3.3650517229768	0.65454281806335
3.3624098026021	0.65466994110614
3.3597720273451	0.65479700001633
3.3571383874580	0.65492399271303
3.3545088732237	0.65505091709394
3.3518834749553	0.65517777103542
3.3492621829963	0.65530455239249
3.3466449877205	0.65543125899887
3.3440318795315	0.65555788866704
3.3414228488631	0.65568443918827
3.3388178861789	0.65581090833265
3.3362169819720	0.65593729384917
3.3336201267653	0.65606359346578
3.3310273111111	0.65618980488941
