#Parameters = {thARC=0.2; nARC=1.75; thsub=1; p=1; nSub=5}
#"Wavelength / um"	"T (884) [Real Part]"
#---------------------------------------
14.989622900000	0.56047087901725
14.937342202292	0.56050521917903
14.885424925521	0.56053969196521
14.833867293419	0.56057429707299
14.782665581854	0.56060903420362
14.731816117936	0.56064390306231
14.681315279138	0.56067890335832
14.631159492435	0.56071403480487
14.581345233463	0.56074929711922
14.531869025691	0.56078469002259
14.482727439614	0.56082021324023
14.433917091960	0.56085586650135
14.385434644914	0.56089164953916
14.337276805356	0.56092756209086
14.289440324118	0.56096360389759
14.241921995249	0.56099977470447
14.194718655303	0.56103607426060
14.147827182633	0.56107250231899
14.101244496707	0.56110905863662
14.054967557431	0.56114574297438
14.008993364486	0.56118255509708
13.963318956684	0.56121949477344
13.917941411328	0.56125656177609
13.872857843591	0.56129375588152
13.828065405904	0.56133107687010
13.783561287356	0.56136852452605
13.739342713107	0.56140609863746
13.695406943810	0.56144379899619
13.651751275046	0.56148162539798
13.608373036768	0.56151957764230
13.565269592760	0.56155765553245
13.522438340099	0.56159585887547
13.479876708633	0.56163418748213
13.437582160466	0.56167264116696
13.395552189455	0.56171121974816
13.353784320713	0.56174992304764
13.312276110124	0.56178875089098
13.271025143869	0.56182770310740
13.230029037952	0.56186677952973
13.189285437747	0.56190597999444
13.148792017544	0.56194530434157
13.108546480105	0.56198475241470
13.068546556234	0.56202432406097
13.028790004346	0.56206401913105
12.989274610052	0.56210383747907
12.949998185745	0.56214377896264
12.910958570198	0.56218384344283
12.872153628167	0.56222403078411
12.833581250000	0.56226434085436
12.795239351259	0.56230477352481
12.757125872340	0.56234532867004
12.719238778108	0.56238600616797
12.681576057530	0.56242680589977
12.644135723323	0.56246772774989
12.606915811606	0.56250877160604
12.569914381551	0.56254993735909
12.533129515050	0.56259122490314
12.496559316382	0.56263263413540
12.460201911887	0.56267416495623
12.424055449648	0.56271581726908
12.388118099174	0.56275759098045
12.352388051092	0.56279948599989
12.316863516845	0.56284150223995
12.281542728390	0.56288363961617
12.246423937908	0.56292589804700
12.211505417515	0.56296827745386
12.176785458976	0.56301077776100
12.142262373431	0.56305339889556
12.107934491115	0.56309614078749
12.073800161095	0.56313900336952
12.039857751004	0.56318198657717
12.006105646776	0.56322509034865
11.972542252396	0.56326831462491
11.939165989646	0.56331165934951
11.905975297855	0.56335512446870
11.872968633663	0.56339870993128
11.840144470774	0.56344241568865
11.807501299724	0.56348624169473
11.775037627651	0.56353018790594
11.742751978065	0.56357425428118
11.710642890625	0.56361844078177
11.678708920919	0.56366274737144
11.646948640249	0.56370717401630
11.615360635413	0.56375172068478
11.583943508501	0.56379638734762
11.552695876686	0.56384117397783
11.521616372022	0.56388608055064
11.490703641242	0.56393110704351
11.459956345566	0.56397625343604
11.429373160503	0.56402151970999
11.398952775665	0.56406690584921
11.368693894577	0.56411241183960
11.338595234493	0.56415803766913
11.308655526217	0.56420378332773
11.278873513920	0.56424964880732
11.249247954972	0.56429563410176
11.219777619760	0.56434173920678
11.190461291527	0.56438796412001
11.161297766195	0.56443430884087
11.132285852209	0.56448077337060
11.103424370370	0.56452735771222
11.074712153676	0.56457406187045
11.046148047163	0.56462088585172
11.017730907755	0.56466782966413
10.989459604106	0.56471489331740
10.961333016453	0.56476207682284
10.933350036470	0.56480938019333
10.905509567115	0.56485680344329
10.877810522496	0.56490434658863
10.850251827723	0.56495200964672
10.822832418773	0.56499979263635
10.795551242348	0.56504769557774
10.768407255747	0.56509571849245
10.741399426729	0.56514386140338
10.714526733381	0.56519212433473
10.687788163993	0.56524050731197
10.661182716927	0.56528901036180
10.634709400497	0.56533763351213
10.608367232838	0.56538637679205
10.582155241793	0.56543524023179
10.556072464789	0.56548422386266
10.530117948718	0.56553332771709
10.504290749825	0.56558255182852
10.478589933590	0.56563189623144
10.453014574616	0.56568136096130
10.427563756522	0.56573094605451
10.402236571825	0.56578065154841
10.377032121841	0.56583047748124
10.351949516575	0.56588042389207
10.326987874612	0.56593049082086
10.302146323024	0.56598067830831
10.277423997257	0.56603098639595
10.252820041040	0.56608141512603
10.228333606278	0.56613196454151
10.203963852961	0.56618263468606
10.179709949066	0.56623342560399
10.155571070461	0.56628433734025
10.131546400811	0.56633536994040
10.107635131490	0.56638652345057
10.083836461487	0.56643779791743
10.060149597315	0.56648919338819
10.036573752929	0.56654070991053
10.013108149633	0.56659234753261
9.9897520159947	0.56664410630304
9.9665045877660	0.56669598627083
9.9433651077944	0.56674798748538
9.9203328259431	0.56680010999647
9.8974069990096	0.56685235385419
9.8745868906456	0.56690471910897
9.8518717712783	0.56695720581152
9.8292609180328	0.56700981401279
9.8067536146549	0.56706254376400
9.7843491514360	0.56711539511658
9.7620468251384	0.56716836812213
9.7398459389214	0.56722146283244
9.7177458022690	0.56727467929944
9.6957457309185	0.56732801757519
9.6738450467893	0.56738147771183
9.6520430779137	0.56743505976158
9.6303391583681	0.56748876377675
9.6087326282051	0.56754258980964
9.5872228333866	0.56759653791259
9.5658091257179	0.56765060813793
9.5444908627826	0.56770480053795
9.5232674078780	0.56775911516491
9.5021381299525	0.56781355207097
9.4811024035421	0.56786811130825
9.4601596087094	0.56792279292872
9.4393091309824	0.56797759698425
9.4185503612944	0.56803252352655
9.3978826959248	0.56808757260717
9.3773055364404	0.56814274427749
9.3568182896380	0.56819803858868
9.3364203674868	0.56825345559170
9.3161111870727	0.56830899533728
9.2958901705426	0.56836465787589
9.2757567450495	0.56842044325773
9.2557103426984	0.56847635153275
9.2357504004929	0.56853238275056
9.2158763602828	0.56858853696050
9.1960876687117	0.56864481421154
9.1763837771656	0.56870121455235
9.1567641417227	0.56875773803120
9.1372282231027	0.56881438469603
9.1177754866180	0.56887115459437
9.0984054021244	0.56892804777337
9.0791174439733	0.56898506427975
9.0599110909640	0.56904220415982
9.0407858262967	0.56909946745945
9.0217411375263	0.56915685422407
9.0027765165165	0.56921436449865
8.9838914593947	0.56927199832768
8.9650854665072	0.56932975575519
8.9463580423754	0.56938763682468
8.9277086956522	0.56944564157919
8.9091369390788	0.56950377006124
8.8906422894425	0.56956202231280
8.8722242675348	0.56962039837534
8.8538823981099	0.56967889828978
8.8356162098438	0.56973752209649
8.8174252352941	0.56979626983529
8.7993090108600	0.56985514154543
8.7812670767428	0.56991413726560
8.7632989769073	0.56997325703389
8.7454042590432	0.57003250088782
8.7275824745269	0.57009186886432
8.7098331783847	0.57015136099970
8.6921559292549	0.57021097732969
8.6745502893519	0.57027071788940
8.6570158244297	0.57033058271332
8.6395521037464	0.57039057183532
8.6221587000288	0.57045068528865
8.6048351894374	0.57051092310593
8.5875811515325	0.57057128531913
8.5703961692396	0.57063177195961
8.5532798288160	0.57069238305806
8.5362317198178	0.57075311864455
8.5192514350668	0.57081397874849
8.5023385706183	0.57087496339863
8.4854927257288	0.57093607262308
8.4687135028249	0.57099730644931
8.4520005074711	0.57105866490410
8.4353533483399	0.57112014801361
8.4187716371806	0.57118175580330
8.4022549887892	0.57124348829801
8.3858030209790	0.57130534552190
8.3694153545505	0.57136732749847
8.3530916132627	0.57142943425057
8.3368314238042	0.57149166580037
8.3206344157646	0.57155402216940
8.3045002216066	0.57161650337854
8.2884284766381	0.57167910944797
8.2724188189845	0.57174184039727
8.2564708895621	0.57180469624532
8.2405843320506	0.57186767701037
8.2247587928669	0.57193078271002
8.2089939211391	0.57199401336121
8.1932893686800	0.57205736898024
8.1776447899618	0.57212084958278
8.1620598420909	0.57218445518385
8.1465341847826	0.57224818579782
8.1310674803363	0.57231204143846
8.1156593936113	0.57237602211888
8.1003095920022	0.57244012785158
8.0850177454153	0.57250435864845
8.0697835262450	0.57256871452074
8.0546066093498	0.57263319547911
8.0394866720300	0.57269780153361
8.0244233940043	0.57276253269368
8.0094164573871	0.57282738896817
7.9944655466667	0.57289237036534
7.9795703486825	0.57295747689287
7.9647305526036	0.57302270855786
7.9499458499072	0.57308806536683
7.9352159343568	0.57315354732574
7.9205405019815	0.57321915444000
7.9059192510549	0.57328488671446
7.8913518820742	0.57335074415341
7.8768380977404	0.57341672676063
7.8623776029373	0.57348283453934
7.8479701047120	0.57354906749227
7.8336153122550	0.57361542562159
7.8193129368805	0.57368190892901
7.8050626920073	0.57374851741570
7.7908642931393	0.57381525108236
7.7767174578470	0.57388210992919
7.7626219057483	0.57394909395593
7.7485773584906	0.57401620316184
7.7345835397317	0.57408343754573
7.7206401751223	0.57415079710596
7.7067469922879	0.57421828184043
7.6929037208109	0.57428589174662
7.6791100922131	0.57435362682161
7.6653658399386	0.57442148706202
7.6516706993364	0.57448947246411
7.6380244076433	0.57455758302370
7.6244267039674	0.57462581873627
7.6108773292714	0.57469417959688
7.5973760263558	0.57476266560027
7.5839225398432	0.57483127674077
7.5705166161616	0.57490001301241
7.5571580035291	0.57496887440886
7.5438464519376	0.57503786092346
7.5305817131374	0.57510697254924
7.5173635406219	0.57517620927894
7.5041916896120	0.57524557110496
7.4910659170415	0.57531505801947
7.4779859815415	0.57538467001431
7.4649516434263	0.57545440708109
7.4519626646781	0.57552426921116
7.4390188089330	0.57559425639562
7.4261198414664	0.57566436862532
7.4132655291790	0.57573460589092
7.4004556405826	0.57580496818285
7.3876899457861	0.57587545549133
7.3749682164822	0.57594606780641
7.3622902259332	0.57601680511793
7.3496557489581	0.57608766741558
7.3370645619187	0.57615865468890
7.3245164427071	0.57622976692726
7.3120111707317	0.57630100411990
7.2995485269053	0.57637236625593
7.2871282936315	0.57644385332435
7.2747502547925	0.57651546531406
7.2624141957364	0.57658720221384
7.2501199032648	0.57665906401241
7.2378671656205	0.57673105069840
7.2256557724753	0.57680316226040
7.2134855149182	0.57687539868692
7.2013561854432	0.57694775996643
7.1892675779376	0.57702024608740
7.1772194876706	0.57709285703824
7.1652117112811	0.57716559280737
7.1532440467669	0.57723845338321
7.1413162934731	0.57731143875417
7.1294282520809	0.57738454890872
7.1175797245964	0.57745778383531
7.1057705143399	0.57753114352247
7.0940004259347	0.57760462795877
7.0822692652965	0.57767823713282
7.0705768396226	0.57775197103334
7.0589229573817	0.57782582964910
7.0473074283028	0.57789981296896
7.0357300633654	0.57797392098190
7.0241906747891	0.57804815367699
7.0126890760234	0.57812251104344
7.0012250817375	0.57819699307055
6.9897985078107	0.57827159974781
6.9784091713222	0.57834633106481
6.9670568905415	0.57842118701133
6.9557414849188	0.57849616757730
6.9444627750753	0.57857127275281
6.9332205827937	0.57864650252816
6.9220147310090	0.57872185689383
6.9108450437990	0.57879733584049
6.8997113463751	0.57887293935903
6.8886134650735	0.57894866744056
6.8775512273457	0.57902452007640
6.8665244617499	0.57910049725812
6.8555329979419	0.57917659897751
6.8445766666667	0.57925282522664
6.8336552997493	0.57932917599779
6.8227687300865	0.57940565128355
6.8119167916383	0.57948225107675
6.8010993194192	0.57955897537052
6.7903161494904	0.57963582415826
6.7795671189507	0.57971279743366
6.7688520659291	0.57978989519072
6.7581708295762	0.57986711742374
6.7475232500563	0.57994446412734
6.7369091685393	0.58002193529644
6.7263284271932	0.58009953092629
6.7157808691756	0.58017725101249
6.7052663386267	0.58025509555095
6.6947846806610	0.58033306453794
6.6843357413601	0.58041115797006
6.6739193677649	0.58048937584427
6.6635354078684	0.58056771815789
6.6531837106081	0.58064618490861
6.6428641258586	0.58072477609446
6.6325765044248	0.58080349171388
6.6223206980340	0.58088233176564
6.6120965593295	0.58096129624893
6.6019039418630	0.58104038516330
6.5917427000879	0.58111959850870
6.5816126893524	0.58119893628546
6.5715137658922	0.58127839849432
6.5614457868243	0.58135798513641
6.5514086101399	0.58143769621325
6.5414020946978	0.58151753172678
6.5314261002179	0.58159749167934
6.5214804872743	0.58167757607368
6.5115651172893	0.58175778491296
6.5016798525266	0.58183811820075
6.4918245560849	0.58191857594105
6.4819990918919	0.58199915813826
6.4722033246978	0.58207986479721
6.4624371200690	0.58216069592313
6.4527003443823	0.58224165152170
6.4429928648184	0.58232273159899
6.4333145493562	0.58240393616153
6.4236652667667	0.58248526521623
6.4140448866068	0.58256671877046
6.4044532792138	0.58264829683199
6.3948903156997	0.58272999940903
6.3853558679446	0.58281182651019
6.3758498085921	0.58289377814452
6.3663720110427	0.58297585432149
6.3569223494487	0.58305805505099
6.3475006987084	0.58314038034331
6.3381069344609	0.58322283020920
6.3287409330800	0.58330540465977
6.3194025716695	0.58338810370660
6.3100917280572	0.58347092736165
6.3008082807902	0.58355387563730
6.2915521091291	0.58363694854634
6.2823230930427	0.58372014610195
6.2731211132036	0.58380346831774
6.2639460509820	0.58388691520769
6.2547977884415	0.58397048678621
6.2456762083333	0.58405418306807
6.2365811940919	0.58413800406846
6.2275126298297	0.58422194980294
6.2184704003319	0.58430602028744
6.2094543910522	0.58439021553830
6.2004644881075	0.58447453557221
6.1915005782734	0.58455898040623
6.1825625489792	0.58464355005781
6.1736502883031	0.58472824454472
6.1647636849681	0.58481306388512
6.1559026283368	0.58489800809749
6.1470670084068	0.58498307720069
6.1382567158067	0.58506827121388
6.1294716417910	0.58515359015657
6.1207116782360	0.58523903404862
6.1119767176351	0.58532460291016
6.1032666530945	0.58541029676168
6.0945813783289	0.58549611562396
6.0859207876573	0.58558205951807
6.0772847759984	0.58566812846540
6.0686732388664	0.58575432248760
6.0600860723671	0.58584064160661
6.0515231731934	0.58592708584466
6.0429844386212	0.58601365522423
6.0344697665056	0.58610034976805
6.0259790552764	0.58618716949911
6.0175122039342	0.58627411444064
6.0090691120465	0.58636118461611
6.0006496797438	0.58644838004919
5.9922538077154	0.58653570076382
5.9838813972056	0.58662314678408
5.9755323500100	0.58671071813430
5.9672065684713	0.58679841483899
5.9589039554760	0.58688623692283
5.9506244144502	0.58697418441068
5.9423678493558	0.58706225732757
5.9341341646873	0.58715045569866
5.9259232654675	0.58723877954929
5.9177350572444	0.58732722890490
5.9095694460871	0.58741580379109
5.9014263385827	0.58750450423354
5.8933056418321	0.58759333025807
5.8852072634472	0.58768228189056
5.8771311115468	0.58777135915700
5.8690770947533	0.58786056208345
5.8610451221896	0.58794989069603
5.8530351034752	0.58803934502091
5.8450469487229	0.58812892508432
5.8370805685358	0.58821863091250
5.8291358740035	0.58830846253172
5.8212127766990	0.58839841996828
5.8133111886756	0.58848850324844
5.8054310224632	0.58857871239849
5.7975721910656	0.58866904744468
5.7897346079567	0.58875950841321
5.7819181870781	0.58885009533026
5.7741228428351	0.58894080822195
5.7663484900942	0.58903164711432
5.7585950441798	0.58912261203335
5.7508624208709	0.58921370300490
5.7431505363985	0.58930492005476
5.7354593074421	0.58939626320860
5.7277886511272	0.58948773249194
5.7201384850219	0.58957932793018
5.7125087271341	0.58967104954859
5.7048992959087	0.58976289737226
5.6973101102242	0.58985487142610
5.6897410893908	0.58994697173485
5.6821921531463	0.59003919832305
5.6746632216544	0.59013155121504
5.6671542155009	0.59022403043494
5.6596650556919	0.59031663600662
5.6521956636501	0.59040936795373
5.6447459612126	0.59050222629965
5.6373158706281	0.59059521106752
5.6299053145540	0.59068832228016
5.6225142160540	0.59078155996013
5.6151424985952	0.59087492412968
5.6077900860456	0.59096841481076
5.6004569026714	0.59106203202496
5.5931428731343	0.59115577579357
5.5858479224893	0.59124964613752
5.5785719761816	0.59134364307737
5.5713149600446	0.59143776663332
5.5640768002970	0.59153201682517
5.5568574235403	0.59162639367235
5.5496567567568	0.59172089719387
5.5424747273063	0.59181552740832
5.5353112629247	0.59191028433386
5.5281662917204	0.59200516798823
5.5210397421731	0.59210017838869
5.5139315431304	0.59219531555206
5.5068416238060	0.59229057949467
5.4997699137773	0.59238597023239
5.4927163429828	0.59248148778057
5.4856808417200	0.59257713215406
5.4786633406433	0.59267290336720
5.4716637707611	0.59276880143381
5.4646820634342	0.59286482636716
5.4577181503732	0.59296097817997
5.4507719636364	0.59305725688442
5.4438434356274	0.59315366249211
5.4369324990932	0.59325019501405
5.4300390871219	0.59334685446070
5.4231631331404	0.59344364084188
5.4163045709124	0.59354055416684
5.4094633345363	0.59363759444418
5.4026393584430	0.59373476168191
5.3958325773938	0.59383205588737
5.3890429264785	0.59392947706728
5.3822703411131	0.59402702522771
5.3755147570378	0.59412470037405
5.3687761103152	0.59422250251104
5.3620543373278	0.59432043164273
5.3553493747767	0.59441848777250
5.3486611596789	0.59451667090301
5.3419896293656	0.59461498103624
5.3353347214807	0.59471341817346
5.3286963739780	0.59481198231521
5.3220745251198	0.59491067346132
5.3154691134752	0.59500949161089
5.3088800779175	0.59510843676227
5.3023073576229	0.59520750891307
5.2957508920685	0.59530670806016
5.2892106210303	0.59540603419964
5.2826864845815	0.59550548732686
5.2761784230905	0.59560506743639
5.2696863772192	0.59570477452203
5.2632102879213	0.59580460857681
5.2567500964405	0.59590456959296
5.2503057443082	0.59600465756193
5.2438771733427	0.59610487247438
5.2374643256464	0.59620521432016
5.2310671436050	0.59630568308833
5.2246855698850	0.59640627876714
5.2183195474326	0.59650700134402
5.2119690194715	0.59660785080560
5.2056339295016	0.59670882713770
5.1993142212973	0.59680993032529
5.1930098389052	0.59691116035254
5.1867207266436	0.59701251720281
5.1804468290997	0.59711400085860
5.1741880911288	0.59721561130162
5.1679444578521	0.59731734851271
5.1617158746556	0.59741921247190
5.1555022871883	0.59752120315840
5.1493036413604	0.59762332055056
5.1431198833419	0.59772556462592
5.1369509595613	0.59782793536117
5.1307968167037	0.59793043273218
5.1246574017094	0.59803305671398
5.1185326617722	0.59813580728078
5.1124225443383	0.59823868440593
5.1063269971044	0.59834168806198
5.1002459680163	0.59844481822063
5.0941794052676	0.59854807485278
5.0881272572980	0.59865145792848
5.0820894727920	0.59875496741698
5.0760660006773	0.59885860328669
5.0700567901235	0.59896236550521
5.0640617905405	0.59906625403934
5.0580809515775	0.59917026885507
5.0521142231210	0.59927440991757
5.0461615552937	0.59937867719123
5.0402228984533	0.59948307063962
5.0342982031906	0.59958759022554
5.0283874203287	0.59969223591101
5.0224905009214	0.59979700765724
5.0166073962517	0.59990190542470
5.0107380578305	0.60000692917307
5.0048824373957	0.60011207886128
4.9990404869101	0.60021735444751
4.9932121585610	0.60032275588918
4.9873974047579	0.60042828314299
4.9815961781323	0.60053393616488
4.9758084315353	0.60063971491010
4.9700341180371	0.60074561933317
4.9642731909256	0.60085164938789
4.9585256037049	0.60095780502739
4.9527913100942	0.60106408620410
4.9470702640264	0.60117049286977
4.9413624196473	0.60127702497549
4.9356677313138	0.60138368247169
4.9299861535932	0.60149046530815
4.9243176412615	0.60159737343403
4.9186621493027	0.60170440679786
4.9130196329072	0.60181156534754
4.9073900474709	0.60191884903040
4.9017733485939	0.60202625779316
4.8961694920790	0.60213379158198
4.8905784339315	0.60224145034246
4.8850001303569	0.60234923401963
4.8794345377604	0.60245714255802
4.8738816127459	0.60256517590160
4.8683413121143	0.60267333399388
4.8628135928629	0.60278161677784
4.8572984121841	0.60289002419599
4.8517957274640	0.60299855619041
4.8463054962819	0.60310721270269
4.8408276764088	0.60321599367402
4.8353622258065	0.60332489904516
4.8299091026261	0.60343392875649
4.8244682652076	0.60354308274800
4.8190396720784	0.60365236095930
4.8136232819525	0.60376176332969
4.8082190537289	0.60387128979811
4.8028269464915	0.60398094030321
4.7974469195071	0.60409071478332
4.7920789322251	0.60420061317653
4.7867229442759	0.60431063542066
4.7813789154705	0.60442078145328
4.7760468057989	0.60453105121177
4.7707265754297	0.60464144463329
4.7654181847083	0.60475196165483
4.7601215941569	0.60486260221323
4.7548367644726	0.60497336624519
4.7495636565272	0.60508425368728
4.7443022313657	0.60519526447599
4.7390524502055	0.60530639854774
4.7338142744355	0.60541765583888
4.7285876656151	0.60552903628573
4.7233725854735	0.60564053982462
4.7181689959081	0.60575216639188
4.7129768589844	0.60586391592386
4.7077961369347	0.60597578835701
4.7026267921569	0.60608778362780
4.6974687872140	0.60619990167287
4.6923220848333	0.60631214242892
4.6871866479049	0.60642450583286
4.6820624394815	0.60653699182173
4.6769494227769	0.60664960033280
4.6718475611657	0.60676233130353
4.6667568181818	0.60687518467164
4.6616771575183	0.60698816037513
4.6566085430258	0.60710125835227
4.6515509387122	0.60721447854169
4.6465043087415	0.60732782088231
4.6414686174330	0.60744128531345
4.6364438292607	0.60755487177484
4.6314299088522	0.60766858020659
4.6264268209877	0.60778241054928
4.6214345305997	0.60789636274396
4.6164530027718	0.60801043673216
4.6114822027380	0.60812463245596
4.6065220958820	0.60823894985795
4.6015726477360	0.60835338888132
4.5966338239804	0.60846794946986
4.5917055904426	0.60858263156798
4.5867879130967	0.60869743512074
4.5818807580621	0.60881236007388
4.5769840916031	0.60892740637384
4.5720978801281	0.60904257396782
4.5672220901889	0.60915786280374
4.5623566884797	0.60927327283033
4.5575016418364	0.60938880399712
4.5526569172361	0.60950445625449
4.5478224817961	0.60962022955366
4.5429983027731	0.60973612384679
4.5381843475628	0.60985213908690
4.5333805836988	0.60996827522800
4.5285869788520	0.61008453222505
4.5238035008299	0.61020091003403
4.5190301175761	0.61031740861191
4.5142667971691	0.61043402791675
4.5095135078219	0.61055076790768
4.5047702178813	0.61066762854491
4.5000368958271	0.61078460978981
4.4953135102714	0.61090171160490
4.4906000299581	0.61101893395390
4.4858964237618	0.61113627680171
4.4812026606876	0.61125374011450
4.4765187098701	0.61137132385968
4.4718445405728	0.61148902800597
4.4671801221875	0.61160685252338
4.4625254242334	0.61172479738331
4.4578804163569	0.61184286255847
4.4532450683304	0.61196104802300
4.4486193500519	0.61207935375244
4.4440032315446	0.61219777972380
4.4393966829557	0.61231632591554
4.4347996745562	0.61243499230760
4.4302121767401	0.61255377888147
4.4256341600236	0.61267268562017
4.4210655950450	0.61279171250827
4.4165064525633	0.61291085953196
4.4119567034584	0.61303012667903
4.4074163187298	0.61314951393890
4.4028852694963	0.61326902130268
4.3983635269953	0.61338864876315
4.3938510625824	0.61350839631478
4.3893478477306	0.61362826395380
4.3848538540295	0.61374825167818
4.3803690531853	0.61386835948766
4.3758934170194	0.61398858738379
4.3714269174686	0.61410893536993
4.3669695265841	0.61422940345128
4.3625212165309	0.61434999163490
4.3580819595871	0.61447069992973
4.3536517281441	0.61459152834660
4.3492304947048	0.61471247689828
4.3448182318841	0.61483354559947
4.3404149124077	0.61495473446681
4.3360205091119	0.61507604351895
4.3316349949429	0.61519747277650
4.3272583429561	0.61531902226210
4.3228905263158	0.61544069200042
4.3185315182944	0.61556248201818
4.3141812922723	0.61568439234413
4.3098398217366	0.61580642300913
4.3055070802815	0.61592857404613
4.3011830416069	0.61605084549017
4.2968676795184	0.61617323737842
4.2925609679267	0.61629574975019
4.2882628808468	0.61641838264694
4.2839733923978	0.61654113611228
4.2796924768023	0.61666401019201
4.2754201083856	0.61678700493410
4.2711562615757	0.61691012038873
4.2669009109024	0.61703335660826
4.2626540309967	0.61715671364731
4.2584155965909	0.61728019156270
4.2541855825174	0.61740379041347
4.2499639637085	0.61752751026094
4.2457507151961	0.61765135116865
4.2415458121109	0.61777531320242
4.2373492296820	0.61789939643032
4.2331609432364	0.61802360092268
4.2289809281986	0.61814792675213
4.2248091600902	0.61827237399356
4.2206456145291	0.61839694272415
4.2164902672293	0.61852163302336
4.2123430940003	0.61864644497293
4.2082040707468	0.61877137865689
4.2040731734680	0.61889643416158
4.1999503782572	0.61902161157561
4.1958356613016	0.61914691098987
4.1917289988814	0.61927233249755
4.1876303673697	0.61939787619411
4.1835397432319	0.61952354217732
4.1794571030252	0.61964933054719
4.1753824233983	0.61977524140601
4.1713156810909	0.61990127485836
4.1672568529330	0.62002743101105
4.1632059158450	0.62015370997316
4.1591628468368	0.62028011185600
4.1551276230076	0.62040663677313
4.1511002215453	0.62053328484033
4.1470806197261	0.62066005617558
4.1430687949143	0.62078695089908
4.1390647245616	0.62091396913320
4.1350683862069	0.62104111100253
4.1310797574755	0.62116837663376
4.1270988160793	0.62129576615579
4.1231255398157	0.62142327969959
4.1191599065677	0.62155091739829
4.1152018943034	0.62167867938709
4.1112514810752	0.62180656580328
4.1073086450199	0.62193457678620
4.1033733643581	0.62206271247723
4.0994456173937	0.62219097301974
4.0955253825137	0.62231935855912
4.0916126381875	0.62244786924271
4.0877073629670	0.62257650521979
4.0838095354856	0.62270526664157
4.0799191344584	0.62283415366112
4.0760361386812	0.62296316643340
4.0721605270307	0.62309230511516
4.0682922784638	0.62322156986500
4.0644313720174	0.62335096084324
4.0605777868075	0.62348047821197
4.0567315020298	0.62361012213495
4.0528924969582	0.62373989277765
4.0490607509454	0.62386979030712
4.0452362434219	0.62399981489206
4.0414189538959	0.62412996670266
4.0376088619529	0.62426024591070
4.0338059472551	0.62439065268938
4.0300101895416	0.62452118721336
4.0262215686274	0.62465184965869
4.0224400644036	0.62478264020277
4.0186656568365	0.62491355902430
4.0148983259676	0.62504460630324
4.0111380519133	0.62517578222076
4.0073848148643	0.62530708695920
4.0036385950855	0.62543852070200
3.9998993729153	0.62557008363368
3.9961671287657	0.62570177593974
3.9924418431216	0.62583359780667
3.9887234965407	0.62596554942183
3.9850120696531	0.62609763097346
3.9813075431607	0.62622984265057
3.9776098978373	0.62636218464290
3.9739191145281	0.62649465714087
3.9702351741491	0.62662726033550
3.9665580576872	0.62675999441837
3.9628877461996	0.62689285958155
3.9592242208135	0.62702585601753
3.9555674627260	0.62715898391914
3.9519174532033	0.62729224347951
3.9482741735809	0.62742563489201
3.9446376052632	0.62755915835013
3.9410077297226	0.62769281404746
3.9373845285001	0.62782660217760
3.9337679832043	0.62796052293407
3.9301580755113	0.62809457651028
3.9265547871644	0.62822876309941
3.9229580999738	0.62836308289433
3.9193679958164	0.62849753608756
3.9157844566353	0.62863212287118
3.9122074644395	0.62876684343672
3.9086370013038	0.62890169797511
3.9050730493682	0.62903668667656
3.9015155908381	0.62917180973054
3.8979646079834	0.62930706732561
3.8944200831385	0.62944245964940
3.8908819987021	0.62957798688850
3.8873503371369	0.62971364922833
3.8838250809690	0.62984944685313
3.8803062127880	0.62998537994579
3.8767937152463	0.63012144868780
3.8732875710594	0.63025765325915
3.8697877630050	0.63039399383820
3.8662942739231	0.63053047060164
3.8628070867156	0.63066708372433
3.8593261843460	0.63080383337925
3.8558515498392	0.63094071973737
3.8523831662812	0.63107774296753
3.8489210168186	0.63121490323640
3.8454650846588	0.63135220070829
3.8420153530693	0.63148963554512
3.8385718053777	0.63162720790626
3.8351344249712	0.63176491794844
3.8317031952965	0.63190276582564
3.8282780998595	0.63204075168898
3.8248591222251	0.63217887568658
3.8214462460166	0.63231713796349
3.8180394549159	0.63245553866154
3.8146387326632	0.63259407791923
3.8112440630562	0.63273275587164
3.8078554299505	0.63287157265025
3.8044728172589	0.63301052838287
3.8010962089514	0.63314962319351
3.7977255890550	0.63328885720225
3.7943609416530	0.63342823052509
3.7910022508852	0.63356774327387
3.7876495009476	0.63370739555613
3.7843026760919	0.63384718747494
3.7809617606256	0.63398711912885
3.7776267389113	0.63412719061167
3.7742975953670	0.63426740201240
3.7709743144654	0.63440775341508
3.7676568807339	0.63454824489866
3.7643452787544	0.63468887653685
3.7610394931627	0.63482964839799
3.7577395086488	0.63497056054493
3.7544453099562	0.63511161303486
3.7511568818819	0.63525280591920
3.7478742092762	0.63539413924344
3.7445972770422	0.63553561304701
3.7413260701360	0.63567722736312
3.7380605735661	0.63581898221865
3.7348007723932	0.63596087763396
3.7315466517301	0.63610291362277
3.7282981967417	0.63624509019203
3.7250553926441	0.63638740734174
3.7218182247052	0.63652986506479
3.7185866782436	0.63667246334687
3.7153607386293	0.63681520216626
3.7121403912828	0.63695808149370
3.7089256216751	0.63710110129224
3.7057164153276	0.63724426151709
3.7025127578115	0.63738756211545
3.6993146347483	0.63753100302637
3.6961220318087	0.63767458418058
3.6929349347130	0.63781830550033
3.6897533292308	0.63796216689927
3.6865772011805	0.63810616828224
3.6834065364295	0.63825030954514
3.6802413208937	0.63839459057475
3.6770815405372	0.63853901124861
3.6739271813725	0.63868357143481
3.6707782294600	0.63882827099185
3.6676346709078	0.63897310976847
3.6644964918714	0.63911808760350
3.6613636785540	0.63926320432567
3.6582362172056	0.63940845975348
3.6551140941234	0.63955385369501
3.6519972956511	0.63969938594774
3.6488858081792	0.63984505629843
3.6457796181442	0.63999086452290
3.6426787120292	0.64013681038590
3.6395830763628	0.64028289364093
3.6364926977196	0.64042911403006
3.6334075627197	0.64057547128378
3.6303276580286	0.64072196512080
3.6272529703569	0.64086859524793
3.6241834864603	0.64101536135986
3.6211191931393	0.64116226313902
3.6180600772387	0.64130930025539
3.6150061256481	0.64145647236635
3.6119573253012	0.64160377911648
3.6089136631756	0.64175122013742
3.6058751262930	0.64189879504767
3.6028417017185	0.64204650345244
3.5998133765610	0.64219434494347
3.5967901379724	0.64234231909884
3.5937719731479	0.64249042548285
3.5907588693257	0.64263866364577
3.5877508137865	0.64278703312374
3.5847477938539	0.64293553343855
3.5817497968937	0.64308416409751
3.5787568103140	0.64323292459323
3.5757688215649	0.64338181440349
3.5727858181385	0.64353083299104
3.5698077875685	0.64367997980343
3.5668347174301	0.64382925427288
3.5638665953400	0.64397865581606
3.5609034089559	0.64412818383392
3.5579451459767	0.64427783771157
3.5549917941421	0.64442761681805
3.5520433412322	0.64457752050621
3.5490997750681	0.64472754811250
3.5461610835108	0.64487769895683
3.5432272544616	0.64502797234240
3.5402982758621	0.64517836755551
3.5373741356932	0.64532888386542
3.5344548219759	0.64547952052417
3.5315403227706	0.64563027676643
3.5286306261770	0.64578115180929
3.5257257203340	0.64593214485218
3.5228255934195	0.64608325507660
3.5199302336503	0.64623448164608
3.5170396292820	0.64638582370589
3.5141537686086	0.64653728038298
3.5112726399625	0.64668885078579
3.5083962317145	0.64684053400406
3.5055245322732	0.64699232910873
3.5026575300853	0.64714423515172
3.4997952136353	0.64729625116584
3.4969375714452	0.64744837616458
3.4940845920746	0.64760060914201
3.4912362641202	0.64775294907258
3.4883925762160	0.64790539491101
3.4855535170329	0.64805794559209
3.4827190752788	0.64821060003062
3.4798892396982	0.64836335712117
3.4770639990721	0.64851621573800
3.4742433422181	0.64866917473487
3.4714272579898	0.64882223294497
3.4686157352771	0.64897538918069
3.4658087630058	0.64912864223357
3.4630063301375	0.64928199087408
3.4602084256694	0.64943543385156
3.4574150386345	0.64958896989407
3.4546261581009	0.64974259770821
3.4518417731721	0.64989631597905
3.4490618729867	0.65005012337000
3.4462864467180	0.65020401852264
3.4435154835745	0.65035800005665
3.4407489727993	0.65051206656965
3.4379869036697	0.65066621663713
3.4352292654979	0.65082044881229
3.4324760476300	0.65097476162592
3.4297272394463	0.65112915358635
3.4269828303612	0.65128362317929
3.4242428098230	0.65143816886773
3.4215071673134	0.65159278909185
3.4187758923480	0.65174748226892
3.4160489744758	0.65190224679319
3.4133264032791	0.65205708103579
3.4106081683732	0.65221198334467
3.4078942594066	0.65236695204447
3.4051846660609	0.65252198543645
3.4024793780502	0.65267708179841
3.3997783851213	0.65283223938461
3.3970816770538	0.65298745642566
3.3943892436594	0.65314273112850
3.3917010747822	0.65329806167626
3.3890171602984	0.65345344622827
3.3863374901163	0.65360888291990
3.3836620541761	0.65376436986259
3.3809908424495	0.65391990514371
3.3783238449403	0.65407548682655
3.3756610516834	0.65423111295028
3.3730024527453	0.65438678152983
3.3703480382237	0.65454249055592
3.3676977982476	0.65469823799497
3.3650517229768	0.65485402178907
3.3624098026021	0.65500983985596
3.3597720273451	0.65516569008898
3.3571383874580	0.65532157035704
3.3545088732237	0.65547747850460
3.3518834749553	0.65563341235165
3.3492621829963	0.65578936969369
3.3466449877205	0.65594534830171
3.3440318795315	0.65610134592218
3.3414228488631	0.65625736027707
3.3388178861789	0.65641338906381
3.3362169819720	0.65656942995529
3.3336201267653	0.65672548059992
3.3310273111111	0.65688153862156
