#Parameters = {thARC=0.4; nARC=2.75; thsub=1; p=1; nSub=5}
#"Wavelength / um"	"T (909) [Real Part]"
#---------------------------------------
14.989622900000	0.60597584053018
14.937342202292	0.60634816319493
14.885424925521	0.60672119732077
14.833867293419	0.60709495535158
14.782665581854	0.60746944958948
14.731816117936	0.60784469219468
14.681315279138	0.60822069518542
14.631159492435	0.60859747043783
14.581345233463	0.60897502968594
14.531869025691	0.60935338452163
14.482727439614	0.60973254639463
14.433917091960	0.61011252661252
14.385434644914	0.61049333634081
14.337276805356	0.61087498660297
14.289440324118	0.61125748828052
14.241921995249	0.61164085211315
14.194718655303	0.61202508869882
14.147827182633	0.61241020849396
14.101244496707	0.61279622181357
14.054967557431	0.61318313883146
14.008993364486	0.61357096958044
13.963318956684	0.61395972395253
13.917941411328	0.61434941169926
13.872857843591	0.61474004243186
13.828065405904	0.61513162562160
13.783561287356	0.61552417060007
13.739342713107	0.61591768655950
13.695406943810	0.61631218255312
13.651751275046	0.61670766749545
13.608373036768	0.61710415016274
13.565269592760	0.61750163919333
13.522438340099	0.61790014308805
13.479876708633	0.61829967021063
13.437582160466	0.61870022878815
13.395552189455	0.61910182691150
13.353784320713	0.61950447253580
13.312276110124	0.61990817348092
13.271025143869	0.62031293743197
13.230029037952	0.62071877193977
13.189285437747	0.62112568442143
13.148792017544	0.62153368216082
13.108546480105	0.62194277230916
13.068546556234	0.62235296188556
13.028790004346	0.62276425777761
12.989274610052	0.62317666674194
12.949998185745	0.62359019540482
12.910958570198	0.62400485026280
12.872153628167	0.62442063768327
12.833581250000	0.62483756390514
12.795239351259	0.62525563503946
12.757125872340	0.62567485707007
12.719238778108	0.62609523585425
12.681576057530	0.62651677712342
12.644135723323	0.62693948648379
12.606915811606	0.62736336941705
12.569914381551	0.62778843128110
12.533129515050	0.62821467731071
12.496559316382	0.62864211261826
12.460201911887	0.62907074219448
12.424055449648	0.62950057090914
12.388118099174	0.62993160351183
12.352388051092	0.63036384463264
12.316863516845	0.63079729878302
12.281542728390	0.63123197035643
12.246423937908	0.63166786362917
12.211505417515	0.63210498276112
12.176785458976	0.63254333179657
12.142262373431	0.63298291466493
12.107934491115	0.63342373518156
12.073800161095	0.63386579704859
12.039857751004	0.63430910385566
12.006105646776	0.63475365908079
11.972542252396	0.63519946609113
11.939165989646	0.63564652814381
11.905975297855	0.63609484838675
11.872968633663	0.63654442985949
11.840144470774	0.63699527549401
11.807501299724	0.63744738811553
11.775037627651	0.63790077044340
11.742751978065	0.63835542509189
11.710642890625	0.63881135457105
11.678708920919	0.63926856128754
11.646948640249	0.63972704754549
11.615360635413	0.64018681554732
11.583943508501	0.64064786739462
11.552695876686	0.64111020508896
11.521616372022	0.64157383053278
11.490703641242	0.64203874553023
11.459956345566	0.64250495178799
11.429373160503	0.64297245091620
11.398952775665	0.64344124442922
11.368693894577	0.64391133374658
11.338595234493	0.64438272019376
11.308655526217	0.64485540500311
11.278873513920	0.64532938931465
11.249247954972	0.64580467417696
11.219777619760	0.64628126054804
11.190461291527	0.64675914929616
11.161297766195	0.64723834120069
11.132285852209	0.64771883695299
11.103424370370	0.64820063715726
11.074712153676	0.64868374233137
11.046148047163	0.64916815290772
11.017730907755	0.64965386923410
10.989459604106	0.65014089157455
10.961333016453	0.65062922011015
10.933350036470	0.65111885493994
10.905509567115	0.65160979608171
10.877810522496	0.65210204347285
10.850251827723	0.65259559697121
10.822832418773	0.65309045635590
10.795551242348	0.65358662132814
10.768407255747	0.65408409151212
10.741399426729	0.65458286645576
10.714526733381	0.65508294563160
10.687788163993	0.65558432843757
10.661182716927	0.65608701419785
10.634709400497	0.65659100216363
10.608367232838	0.65709629151399
10.582155241793	0.65760288135664
10.556072464789	0.65811077072875
10.530117948718	0.65861995859777
10.504290749825	0.65913044386217
10.478589933590	0.65964222535228
10.453014574616	0.66015530183106
10.427563756522	0.66066967199487
10.402236571825	0.66118533447425
10.377032121841	0.66170228783469
10.351949516575	0.66222053057742
10.326987874612	0.66274006114012
10.302146323024	0.66326087789775
10.277423997257	0.66378297916323
10.252820041040	0.66430636318823
10.228333606278	0.66483102816387
10.203963852961	0.66535697222152
10.179709949066	0.66588419343347
10.155571070461	0.66641268981367
10.131546400811	0.66694245931845
10.107635131490	0.66747349984727
10.083836461487	0.66800580924334
10.060149597315	0.66853938529441
10.036573752929	0.66907422573341
10.013108149633	0.66961032823913
9.9897520159947	0.67014769043698
9.9665045877660	0.67068630989954
9.9433651077944	0.67122618414736
9.9203328259431	0.67176731064951
9.8974069990096	0.67230968682431
9.8745868906456	0.67285331003996
9.8518717712783	0.67339817761514
9.8292609180328	0.67394428681972
9.8067536146549	0.67449163487532
9.7843491514360	0.67504021895596
9.7620468251384	0.67559003618869
9.7398459389214	0.67614108365415
9.7177458022690	0.67669335838723
9.6957457309185	0.67724685737760
9.6738450467893	0.67780157757035
9.6520430779137	0.67835751586652
9.6303391583681	0.67891466912371
9.6087326282051	0.67947303415662
9.5872228333866	0.68003260773759
9.5658091257179	0.68059338659719
9.5444908627826	0.68115536742474
9.5232674078780	0.68171854686881
9.5021381299525	0.68228292153780
9.4811024035421	0.68284848800041
9.4601596087094	0.68341524278617
9.4393091309824	0.68398318238595
9.4185503612944	0.68455230325242
9.3978826959248	0.68512260180057
9.3773055364404	0.68569407440816
9.3568182896380	0.68626671741621
9.3364203674868	0.68684052712944
9.3161111870727	0.68741549981672
9.2958901705426	0.68799163171155
9.2757567450495	0.68856891901246
9.2557103426984	0.68914735788345
9.2357504004929	0.68972694445440
9.2158763602828	0.69030767482150
9.1960876687117	0.69088954504764
9.1763837771656	0.69147255116280
9.1567641417227	0.69205668916445
9.1372282231027	0.69264195501791
9.1177754866180	0.69322834465674
9.0984054021244	0.69381585398308
9.0791174439733	0.69440447886803
9.0599110909640	0.69499421515196
9.0407858262967	0.69558505864487
9.0217411375263	0.69617700512669
9.0027765165165	0.69677005034766
8.9838914593947	0.69736419002856
8.9650854665072	0.69795941986108
8.9463580423754	0.69855573550804
8.9277086956522	0.69915313260377
8.9091369390788	0.69975160675431
8.8906422894425	0.70035115353770
8.8722242675348	0.70095176850424
8.8538823981099	0.70155344717676
8.8356162098438	0.70215618505084
8.8174252352941	0.70275997759503
8.7993090108600	0.70336482025112
8.7812670767428	0.70397070843433
8.7632989769073	0.70457763753350
8.7454042590432	0.70518560291134
8.7275824745269	0.70579459990458
8.7098331783847	0.70640462382416
8.6921559292549	0.70701566995543
8.6745502893519	0.70762773355829
8.6570158244297	0.70824080986736
8.6395521037464	0.70885489409212
8.6221587000288	0.70946998141708
8.6048351894374	0.71008606700189
8.5875811515325	0.71070314598145
8.5703961692396	0.71132121346607
8.5532798288160	0.71194026454156
8.5362317198178	0.71256029426931
8.5192514350668	0.71318129768642
8.5023385706183	0.71380326980575
8.4854927257288	0.71442620561604
8.4687135028249	0.71505010008192
8.4520005074711	0.71567494814405
8.4353533483399	0.71630074471908
8.4187716371806	0.71692748469979
8.4022549887892	0.71755516295504
8.3858030209790	0.71818377432987
8.3694153545505	0.71881331364550
8.3530916132627	0.71944377569931
8.3368314238042	0.72007515526491
8.3206344157646	0.72070744709210
8.3045002216066	0.72134064590684
8.2884284766381	0.72197474641131
8.2724188189845	0.72260974328380
8.2564708895621	0.72324563117875
8.2405843320506	0.72388240472668
8.2247587928669	0.72452005853415
8.2089939211391	0.72515858718369
8.1932893686800	0.72579798523379
8.1776447899618	0.72643824721879
8.1620598420909	0.72707936764883
8.1465341847826	0.72772134100977
8.1310674803363	0.72836416176307
8.1156593936113	0.72900782434577
8.1003095920022	0.72965232317031
8.0850177454153	0.73029765262448
8.0697835262450	0.73094380707128
8.0546066093498	0.73159078084883
8.0394866720300	0.73223856827020
8.0244233940043	0.73288716362332
8.0094164573871	0.73353656117082
7.9944655466667	0.73418675514991
7.9795703486825	0.73483773977219
7.9647305526036	0.73548950922353
7.9499458499072	0.73614205766391
7.9352159343568	0.73679537922723
7.9205405019815	0.73744946802116
7.9059192510549	0.73810431812692
7.8913518820742	0.73875992359917
7.8768380977404	0.73941627846575
7.8623776029373	0.74007337672754
7.8479701047120	0.74073121235820
7.8336153122550	0.74138977930404
7.8193129368805	0.74204907148374
7.8050626920073	0.74270908278820
7.7908642931393	0.74336980708026
7.7767174578470	0.74403123819452
7.7626219057483	0.74469336993711
7.7485773584906	0.74535619608541
7.7345835397317	0.74601971038789
7.7206401751223	0.74668390656379
7.7067469922879	0.74734877830294
7.6929037208109	0.74801431926546
7.6791100922131	0.74868052308154
7.6653658399386	0.74934738335118
7.6516706993364	0.75001489364389
7.6380244076433	0.75068304749850
7.6244267039674	0.75135183842281
7.6108773292714	0.75202125989337
7.5973760263558	0.75269130535519
7.5839225398432	0.75336196822148
7.5705166161616	0.75403324187333
7.5571580035291	0.75470511965945
7.5438464519376	0.75537759489591
7.5305817131374	0.75605066086579
7.5173635406219	0.75672431081894
7.5041916896120	0.75739853797167
7.4910659170415	0.75807333550644
7.4779859815415	0.75874869657157
7.4649516434263	0.75942461428096
7.4519626646781	0.76010108171374
7.4390188089330	0.76077809191403
7.4261198414664	0.76145563789055
7.4132655291790	0.76213371261640
7.4004556405826	0.76281230902869
7.3876899457861	0.76349142002825
7.3749682164822	0.76417103847933
7.3622902259332	0.76485115720925
7.3496557489581	0.76553176900812
7.3370645619187	0.76621286662852
7.3245164427071	0.76689444278518
7.3120111707317	0.76757649015465
7.2995485269053	0.76825900137501
7.2871282936315	0.76894196904552
7.2747502547925	0.76962538572633
7.2624141957364	0.77030924393817
7.2501199032648	0.77099353616200
7.2378671656205	0.77167825483871
7.2256557724753	0.77236339236880
7.2134855149182	0.77304894111208
7.2013561854432	0.77373489338733
7.1892675779376	0.77442124147200
7.1772194876706	0.77510797760189
7.1652117112811	0.77579509397085
7.1532440467669	0.77648258273044
7.1413162934731	0.77717043598964
7.1294282520809	0.77785864581453
7.1175797245964	0.77854720422801
7.1057705143399	0.77923610320946
7.0940004259347	0.77992533469443
7.0822692652965	0.78061489057438
7.0705768396226	0.78130476269633
7.0589229573817	0.78199494286261
7.0473074283028	0.78268542283052
7.0357300633654	0.78337619431205
7.0241906747891	0.78406724897361
7.0126890760234	0.78475857843572
7.0012250817375	0.78545017427271
6.9897985078107	0.78614202801248
6.9784091713222	0.78683413113617
6.9670568905415	0.78752647507793
6.9557414849188	0.78821905122461
6.9444627750753	0.78891185091550
6.9332205827937	0.78960486544209
6.9220147310090	0.79029808604775
6.9108450437990	0.79099150392754
6.8997113463751	0.79168511022788
6.8886134650735	0.79237889604639
6.8775512273457	0.79307285243153
6.8665244617499	0.79376697038246
6.8555329979419	0.79446124084875
6.8445766666667	0.79515565473015
6.8336552997493	0.79585020287637
6.8227687300865	0.79654487608685
6.8119167916383	0.79723966511054
6.8010993194192	0.79793456064568
6.7903161494904	0.79862955333963
6.7795671189507	0.79932463378859
6.7688520659291	0.80001979253747
6.7581708295762	0.80071502007967
6.7475232500563	0.80141030685688
6.7369091685393	0.80210564325891
6.7263284271932	0.80280101962354
6.7157808691756	0.80349642623629
6.7052663386267	0.80419185333031
6.6947846806610	0.80488729108618
6.6843357413601	0.80558272963181
6.6739193677649	0.80627815904223
6.6635354078684	0.80697356933949
6.6531837106081	0.80766895049254
6.6428641258586	0.80836429241706
6.6325765044248	0.80905958497537
6.6223206980340	0.80975481797630
6.6120965593295	0.81044998117513
6.6019039418630	0.81114506427341
6.5917427000879	0.81184005691895
6.5816126893524	0.81253494870568
6.5715137658922	0.81322972917361
6.5614457868243	0.81392438780871
6.5514086101399	0.81461891404292
6.5414020946978	0.81531329725403
6.5314261002179	0.81600752676568
6.5214804872743	0.81670159184727
6.5115651172893	0.81739548171399
6.5016798525266	0.81808918552673
6.4918245560849	0.81878269239214
6.4819990918919	0.81947599136255
6.4722033246978	0.82016907143600
6.4624371200690	0.82086192155629
6.4527003443823	0.82155453061290
6.4429928648184	0.82224688744113
6.4333145493562	0.82293898082203
6.4236652667667	0.82363079948252
6.4140448866068	0.82432233209540
6.4044532792138	0.82501356727943
6.3948903156997	0.82570449359937
6.3853558679446	0.82639509956608
6.3758498085921	0.82708537363662
6.3663720110427	0.82777530421431
6.3569223494487	0.82846487964885
6.3475006987084	0.82915408823644
6.3381069344609	0.82984291821987
6.3287409330800	0.83053135778871
6.3194025716695	0.83121939507939
6.3100917280572	0.83190701817537
6.3008082807902	0.83259421510732
6.2915521091291	0.83328097385326
6.2823230930427	0.83396728233873
6.2731211132036	0.83465312843701
6.2639460509820	0.83533849996929
6.2547977884415	0.83602338470487
6.2456762083333	0.83670777036140
6.2365811940919	0.83739164460507
6.2275126298297	0.83807499505088
6.2184704003319	0.83875780926285
6.2094543910522	0.83944007475429
6.2004644881075	0.84012177898805
6.1915005782734	0.84080290937679
6.1825625489792	0.84148345328330
6.1736502883031	0.84216339802072
6.1647636849681	0.84284273085288
6.1559026283368	0.84352143899464
6.1470670084068	0.84419950961213
6.1382567158067	0.84487692982316
6.1294716417910	0.84555368669748
6.1207116782360	0.84622976725722
6.1119767176351	0.84690515847714
6.1032666530945	0.84757984728508
6.0945813783289	0.84825382056232
6.0859207876573	0.84892706514391
6.0772847759984	0.84959956781916
6.0686732388664	0.85027131533195
6.0600860723671	0.85094229438121
6.0515231731934	0.85161249162130
6.0429844386212	0.85228189366249
6.0344697665056	0.85295048707136
6.0259790552764	0.85361825837127
6.0175122039342	0.85428519404281
6.0090691120465	0.85495128052429
6.0006496797438	0.85561650421221
5.9922538077154	0.85628085146174
5.9838813972056	0.85694430858724
5.9755323500100	0.85760686186275
5.9672065684713	0.85826849752249
5.9589039554760	0.85892920176144
5.9506244144502	0.85958896073583
5.9423678493558	0.86024776056367
5.9341341646873	0.86090558732537
5.9259232654675	0.86156242706422
5.9177350572444	0.86221826578704
5.9095694460871	0.86287308946469
5.9014263385827	0.86352688403270
5.8933056418321	0.86417963539185
5.8852072634472	0.86483132940877
5.8771311115468	0.86548195191659
5.8690770947533	0.86613148871551
5.8610451221896	0.86677992557346
5.8530351034752	0.86742724822674
5.8450469487229	0.86807344238066
5.8370805685358	0.86871849371020
5.8291358740035	0.86936238786065
5.8212127766990	0.87000511044833
5.8133111886756	0.87064664706122
5.8054310224632	0.87128698325966
5.7975721910656	0.87192610457707
5.7897346079567	0.87256399652062
5.7819181870781	0.87320064457197
5.7741228428351	0.87383603418793
5.7663484900942	0.87447015080126
5.7585950441798	0.87510297982136
5.7508624208709	0.87573450663500
5.7431505363985	0.87636471660709
5.7354593074421	0.87699359508141
5.7277886511272	0.87762112738141
5.7201384850219	0.87824729881091
5.7125087271341	0.87887209465493
5.7048992959087	0.87949550018045
5.6973101102242	0.88011750063720
5.6897410893908	0.88073808125843
5.6821921531463	0.88135722726174
5.6746632216544	0.88197492384985
5.6671542155009	0.88259115621145
5.6596650556919	0.88320590952198
5.6521956636501	0.88381916894447
5.6447459612126	0.88443091963037
5.6373158706281	0.88504114672034
5.6299053145540	0.88564983534516
5.6225142160540	0.88625697062651
5.6151424985952	0.88686253767786
5.6077900860456	0.88746652160529
5.6004569026714	0.88806890750835
5.5931428731343	0.88866968048095
5.5858479224893	0.88926882561221
5.5785719761816	0.88986632798730
5.5713149600446	0.89046217268839
5.5640768002970	0.89105634479543
5.5568574235403	0.89164882938713
5.5496567567568	0.89223961154177
5.5424747273063	0.89282867633813
5.5353112629247	0.89341600885639
5.5281662917204	0.89400159417897
5.5210397421731	0.89458541739152
5.5139315431304	0.89516746358375
5.5068416238060	0.89574771785036
5.4997699137773	0.89632616529194
5.4927163429828	0.89690279101592
5.4856808417200	0.89747758013743
5.4786633406433	0.89805051778024
5.4716637707611	0.89862158907770
5.4646820634342	0.89919077917361
5.4577181503732	0.89975807322319
5.4507719636364	0.90032345639399
5.4438434356274	0.90088691386679
5.4369324990932	0.90144843083657
5.4300390871219	0.90200799251340
5.4231631331404	0.90256558412339
5.4163045709124	0.90312119090961
5.4094633345363	0.90367479813305
5.4026393584430	0.90422639107350
5.3958325773938	0.90477595503052
5.3890429264785	0.90532347532437
5.3822703411131	0.90586893729693
5.3755147570378	0.90641232631264
5.3687761103152	0.90695362775943
5.3620543373278	0.90749282704966
5.3553493747767	0.90802990962104
5.3486611596789	0.90856486093757
5.3419896293656	0.90909766649048
5.3353347214807	0.90962831179912
5.3286963739780	0.91015678241195
5.3220745251198	0.91068306390743
5.3154691134752	0.91120714189494
5.3088800779175	0.91172900201572
5.3023073576229	0.91224862994381
5.2957508920685	0.91276601138693
5.2892106210303	0.91328113208745
5.2826864845815	0.91379397782326
5.2761784230905	0.91430453440873
5.2696863772192	0.91481278769557
5.2632102879213	0.91531872357380
5.2567500964405	0.91582232797264
5.2503057443082	0.91632358686137
5.2438771733427	0.91682248625032
5.2374643256464	0.91731901219168
5.2310671436050	0.91781315078045
5.2246855698850	0.91830488815535
5.2183195474326	0.91879421049964
5.2119690194715	0.91928110404207
5.2056339295016	0.91976555505776
5.1993142212973	0.92024754986904
5.1930098389052	0.92072707484634
5.1867207266436	0.92120411640910
5.1804468290997	0.92167866102659
5.1741880911288	0.92215069521879
5.1679444578521	0.92262020555725
5.1617158746556	0.92308717866595
5.1555022871883	0.92355160122213
5.1493036413604	0.92401345995717
5.1431198833419	0.92447274165739
5.1369509595613	0.92492943316490
5.1307968167037	0.92538352137846
5.1246574017094	0.92583499325425
5.1185326617722	0.92628383580673
5.1124225443383	0.92673003610945
5.1063269971044	0.92717358129584
5.1002459680163	0.92761445856003
5.0941794052676	0.92805265515763
5.0881272572980	0.92848815840656
5.0820894727920	0.92892095568779
5.0760660006773	0.92935103444613
5.0700567901235	0.92977838219103
5.0640617905405	0.93020298649732
5.0580809515775	0.93062483500600
5.0521142231210	0.93104391542496
5.0461615552937	0.93146021552974
5.0402228984533	0.93187372316430
5.0342982031906	0.93228442624171
5.0283874203287	0.93269231274492
5.0224905009214	0.93309737072745
5.0166073962517	0.93349958831413
5.0107380578305	0.93389895370180
5.0048824373957	0.93429545516000
4.9990404869101	0.93468908103170
4.9932121585610	0.93507981973392
4.9873974047579	0.93546765975851
4.9815961781323	0.93585258967271
4.9758084315353	0.93623459811992
4.9700341180371	0.93661367382029
4.9642731909256	0.93698980557140
4.9585256037049	0.93736298224891
4.9527913100942	0.93773319280716
4.9470702640264	0.93810042627986
4.9413624196473	0.93846467178066
4.9356677313138	0.93882591850379
4.9299861535932	0.93918415572465
4.9243176412615	0.93953937280044
4.9186621493027	0.93989155917072
4.9130196329072	0.94024070435801
4.9073900474709	0.94058679796837
4.9017733485939	0.94092982969197
4.8961694920790	0.94126978930362
4.8905784339315	0.94160666666338
4.8850001303569	0.94194045171706
4.8794345377604	0.94227113449678
4.8738816127459	0.94259870512149
4.8683413121143	0.94292315379751
4.8628135928629	0.94324447081902
4.8572984121841	0.94356264656860
4.8517957274640	0.94387767151769
4.8463054962819	0.94418953622713
4.8408276764088	0.94449823134760
4.8353622258065	0.94480374762012
4.8299091026261	0.94510607587652
4.8244682652076	0.94540520703989
4.8190396720784	0.94570113212504
4.8136232819525	0.94599384223895
4.8082190537289	0.94628332858120
4.8028269464915	0.94656958244443
4.7974469195071	0.94685259521469
4.7920789322251	0.94713235837195
4.7867229442759	0.94740886349045
4.7813789154705	0.94768210223909
4.7760468057989	0.94795206638189
4.7707265754297	0.94821874777830
4.7654181847083	0.94848213838361
4.7601215941569	0.94874223024934
4.7548367644726	0.94899901552358
4.7495636565272	0.94925248645134
4.7443022313657	0.94950263537493
4.7390524502055	0.94974945473426
4.7338142744355	0.94999293706722
4.7285876656151	0.95023307500997
4.7233725854735	0.95046986129728
4.7181689959081	0.95070328876283
4.7129768589844	0.95093335033955
4.7077961369347	0.95116003905988
4.7026267921569	0.95138334805607
4.6974687872140	0.95160327056047
4.6923220848333	0.95181979990585
4.6871866479049	0.95203292952560
4.6820624394815	0.95224265295403
4.6769494227769	0.95244896382667
4.6718475611657	0.95265185588043
4.6667568181818	0.95285132295395
4.6616771575183	0.95304735898776
4.6566085430258	0.95323995802455
4.6515509387122	0.95342911420940
4.6465043087415	0.95361482179000
4.6414686174330	0.95379707511683
4.6364438292607	0.95397586864342
4.6314299088522	0.95415119692654
4.6264268209877	0.95432305462637
4.6214345305997	0.95449143650671
4.6164530027718	0.95465633743519
4.6114822027380	0.95481775238340
4.6065220958820	0.95497567642711
4.6015726477360	0.95513010474640
4.5966338239804	0.95528103262587
4.5917055904426	0.95542845545477
4.5867879130967	0.95557236872713
4.5818807580621	0.95571276804195
4.5769840916031	0.95584964910334
4.5720978801281	0.95598300772063
4.5672220901889	0.95611283980851
4.5623566884797	0.95623914138719
4.5575016418364	0.95636190858246
4.5526569172361	0.95648113762588
4.5478224817961	0.95659682485484
4.5429983027731	0.95670896671270
4.5381843475628	0.95681755974887
4.5333805836988	0.95692260061894
4.5285869788520	0.95702408608474
4.5238035008299	0.95712201301446
4.5190301175761	0.95721637838272
4.5142667971691	0.95730717927066
4.5095135078219	0.95739441286603
4.5047702178813	0.95747807646323
4.5000368958271	0.95755816746343
4.4953135102714	0.95763468337458
4.4906000299581	0.95770762181153
4.4858964237618	0.95777698049605
4.4812026606876	0.95784275725690
4.4765187098701	0.95790495002987
4.4718445405728	0.95796355685787
4.4671801221875	0.95801857589090
4.4625254242334	0.95807000538618
4.4578804163569	0.95811784370811
4.4532450683304	0.95816208932836
4.4486193500519	0.95820274082587
4.4440032315446	0.95823979688689
4.4393966829557	0.95827325630501
4.4347996745562	0.95830311798118
4.4302121767401	0.95832938092372
4.4256341600236	0.95835204424835
4.4210655950450	0.95837110717820
4.4165064525633	0.95838656904379
4.4119567034584	0.95839842928312
4.4074163187298	0.95840668744158
4.4028852694963	0.95841134317200
4.3983635269953	0.95841239623466
4.3938510625824	0.95840984649726
4.3893478477306	0.95840369393493
4.3848538540295	0.95839393863022
4.3803690531853	0.95838058077309
4.3758934170194	0.95836362066090
4.3714269174686	0.95834305869838
4.3669695265841	0.95831889539763
4.3625212165309	0.95829113137810
4.3580819595871	0.95825976736656
4.3536517281441	0.95822480419706
4.3492304947048	0.95818624281095
4.3448182318841	0.95814408425680
4.3404149124077	0.95809832969040
4.3360205091119	0.95804898037472
4.3316349949429	0.95799603767986
4.3272583429561	0.95793950308304
4.3228905263158	0.95787937816853
4.3185315182944	0.95781566462762
4.3141812922723	0.95774836425859
4.3098398217366	0.95767747896665
4.3055070802815	0.95760301076388
4.3011830416069	0.95752496176920
4.2968676795184	0.95744333420830
4.2925609679267	0.95735813041359
4.2882628808468	0.95726935282417
4.2839733923978	0.95717700398573
4.2796924768023	0.95708108655048
4.2754201083856	0.95698160327716
4.2711562615757	0.95687855703087
4.2669009109024	0.95677195078310
4.2626540309967	0.95666178761158
4.2584155965909	0.95654807070027
4.2541855825174	0.95643080333923
4.2499639637085	0.95630998892459
4.2457507151961	0.95618563095842
4.2415458121109	0.95605773304872
4.2373492296820	0.95592629890924
4.2331609432364	0.95579133235948
4.2289809281986	0.95565283732453
4.2248091600902	0.95551081783506
4.2206456145291	0.95536527802711
4.2164902672293	0.95521622214212
4.2123430940003	0.95506365452672
4.2082040707468	0.95490757963270
4.2040731734680	0.95474800201687
4.1999503782572	0.95458492634095
4.1958356613016	0.95441835737148
4.1917289988814	0.95424829997969
4.1876303673697	0.95407475914137
4.1835397432319	0.95389773993678
4.1794571030252	0.95371724755050
4.1753824233983	0.95353328727132
4.1713156810909	0.95334586449209
4.1672568529330	0.95315498470959
4.1632059158450	0.95296065352443
4.1591628468368	0.95276287664085
4.1551276230076	0.95256165986662
4.1511002215453	0.95235700911286
4.1470806197261	0.95214893039392
4.1430687949143	0.95193742982720
4.1390647245616	0.95172251363300
4.1350683862069	0.95150418813434
4.1310797574755	0.95128245975685
4.1270988160793	0.95105733502850
4.1231255398157	0.95082882057952
4.1191599065677	0.95059692314215
4.1152018943034	0.95036164955051
4.1112514810752	0.95012300674035
4.1073086450199	0.94988100174892
4.1033733643581	0.94963564171473
4.0994456173937	0.94938693387735
4.0955253825137	0.94913488557721
4.0916126381875	0.94887950425538
4.0877073629670	0.94862079745338
4.0838095354856	0.94835877281289
4.0799191344584	0.94809343807560
4.0760361386812	0.94782480108291
4.0721605270307	0.94755286977572
4.0682922784638	0.94727765219420
4.0644313720174	0.94699915647750
4.0605777868075	0.94671739086351
4.0567315020298	0.94643236368859
4.0528924969582	0.94614408338733
4.0490607509454	0.94585255849224
4.0452362434219	0.94555779763346
4.0414189538959	0.94525980953852
4.0376088619529	0.94495860303198
4.0338059472551	0.94465418703520
4.0300101895416	0.94434657056597
4.0262215686274	0.94403576273822
4.0224400644036	0.94372177276169
4.0186656568365	0.94340460994162
4.0148983259676	0.94308428367839
4.0111380519133	0.94276080346718
4.0073848148643	0.94243417889764
4.0036385950855	0.94210441965350
3.9998993729153	0.94177153551221
3.9961671287657	0.94143553634459
3.9924418431216	0.94109643211441
3.9887234965407	0.94075423287805
3.9850120696531	0.94040894878403
3.9813075431607	0.94006059007267
3.9776098978373	0.93970916707565
3.9739191145281	0.93935469021558
3.9702351741491	0.93899717000556
3.9665580576872	0.93863661704877
3.9628877461996	0.93827304203799
3.9592242208135	0.93790645575517
3.9555674627260	0.93753686907093
3.9519174532033	0.93716429294411
3.9482741735809	0.93678873842127
3.9446376052632	0.93641021663622
3.9410077297226	0.93602873880945
3.9373845285001	0.93564431624772
3.9337679832043	0.93525696034343
3.9301580755113	0.93486668257416
3.9265547871644	0.93447349450211
3.9229580999738	0.93407740777352
3.9193679958164	0.93367843411815
3.9157844566353	0.93327658534866
3.9122074644395	0.93287187336007
3.9086370013038	0.93246431012915
3.9050730493682	0.93205390771381
3.9015155908381	0.93164067825250
3.8979646079834	0.93122463396357
3.8944200831385	0.93080578714466
3.8908819987021	0.93038415017202
3.8873503371369	0.92995973549988
3.8838250809690	0.92953255565978
3.8803062127880	0.92910262325989
3.8767937152463	0.92866995098432
3.8732875710594	0.92823455159241
3.8697877630050	0.92779643791804
3.8662942739231	0.92735562286889
3.8628070867156	0.92691211942573
3.8593261843460	0.92646594064164
3.8558515498392	0.92601709964131
3.8523831662812	0.92556560962020
3.8489210168186	0.92511148384382
3.8454650846588	0.92465473564692
3.8420153530693	0.92419537843270
3.8385718053777	0.92373342567197
3.8351344249712	0.92326889090235
3.8317031952965	0.92280178772744
3.8282780998595	0.92233212981593
3.8248591222251	0.92185993090081
3.8214462460166	0.92138520477844
3.8180394549159	0.92090796530767
3.8146387326632	0.92042822640901
3.8112440630562	0.91994600206362
3.8078554299505	0.91946130631251
3.8044728172589	0.91897415325549
3.8010962089514	0.91848455705035
3.7977255890550	0.91799253191178
3.7943609416530	0.91749809211053
3.7910022508852	0.91700125197232
3.7876495009476	0.91650202587695
3.7843026760919	0.91600042825723
3.7809617606256	0.91549647359798
3.7776267389113	0.91499017643505
3.7742975953670	0.91448155135421
3.7709743144654	0.91397061299018
3.7676568807339	0.91345737602551
3.7643452787544	0.91294185518954
3.7610394931627	0.91242406525730
3.7577395086488	0.91190402104844
3.7544453099562	0.91138173742609
3.7511568818819	0.91085722929578
3.7478742092762	0.91033051160426
3.7445972770422	0.90980159933842
3.7413260701360	0.90927050752408
3.7380605735661	0.90873725122488
3.7348007723932	0.90820184554104
3.7315466517301	0.90766430560825
3.7282981967417	0.90712464659640
3.7250553926441	0.90658288370843
3.7218182247052	0.90603903217905
3.7185866782436	0.90549310727357
3.7153607386293	0.90494512428661
3.7121403912828	0.90439509854089
3.7089256216751	0.90384304538591
3.7057164153276	0.90328898019673
3.7025127578115	0.90273291837264
3.6993146347483	0.90217487533591
3.6961220318087	0.90161486653045
3.6929349347130	0.90105290742048
3.6897533292308	0.90048901348926
3.6865772011805	0.89992320023769
3.6834065364295	0.89935548318300
3.6802413208937	0.89878587785737
3.6770815405372	0.89821439980660
3.6739271813725	0.89764106458869
3.6707782294600	0.89706588777246
3.6676346709078	0.89648888493619
3.6644964918714	0.89591007166617
3.6613636785540	0.89532946355532
3.6582362172056	0.89474707620174
3.6551140941234	0.89416292520728
3.6519972956511	0.89357702617613
3.6488858081792	0.89298939471332
3.6457796181442	0.89240004642331
3.6426787120292	0.89180899690848
3.6395830763628	0.89121626176770
3.6364926977196	0.89062185659478
3.6334075627197	0.89002579697706
3.6303276580286	0.88942809849384
3.6272529703569	0.88882877671493
3.6241834864603	0.88822784719908
3.6211191931393	0.88762532549250
3.6180600772387	0.88702122712731
3.6150061256481	0.88641556762004
3.6119573253012	0.88580836247001
3.6089136631756	0.88519962715788
3.6058751262930	0.88458937714400
3.6028417017185	0.88397762786693
3.5998133765610	0.88336439474182
3.5967901379724	0.88274969315883
3.5937719731479	0.88213353848161
3.5907588693257	0.88151594604565
3.5877508137865	0.88089693115673
3.5847477938539	0.88027650908931
3.5817497968937	0.87965469508492
3.5787568103140	0.87903150435057
3.5757688215649	0.87840695205716
3.5727858181385	0.87778105333783
3.5698077875685	0.87715382328634
3.5668347174301	0.87652527695550
3.5638665953400	0.87589542935549
3.5609034089559	0.87526429545225
3.5579451459767	0.87463189016587
3.5549917941421	0.87399822836893
3.5520433412322	0.87336332488486
3.5490997750681	0.87272719448633
3.5461610835108	0.87208985189358
3.5432272544616	0.87145131177279
3.5402982758621	0.87081158873442
3.5373741356932	0.87017069733159
3.5344548219759	0.86952865205842
3.5315403227706	0.86888546734835
3.5286306261770	0.86824115757253
3.5257257203340	0.86759573703817
3.5228255934195	0.86694921998685
3.5199302336503	0.86630162059291
3.5170396292820	0.86565295296178
3.5141537686086	0.86500323112832
3.5112726399625	0.86435246905519
3.5083962317145	0.86370068063119
3.5055245322732	0.86304787966962
3.5026575300853	0.86239407990662
3.4997952136353	0.86173929499954
3.4969375714452	0.86108353852527
3.4940845920746	0.86042682397865
3.4912362641202	0.85976916477078
3.4883925762160	0.85911057422742
3.4855535170329	0.85845106558731
3.4827190752788	0.85779065200062
3.4798892396982	0.85712934652725
3.4770639990721	0.85646716213524
3.4742433422181	0.85580411169915
3.4714272579898	0.85514020799845
3.4686157352771	0.85447546371590
3.4658087630058	0.85380989143595
3.4630063301375	0.85314350364314
3.4602084256694	0.85247631272053
3.4574150386345	0.85180833094807
3.4546261581009	0.85113957050105
3.4518417731721	0.85047004344852
3.4490618729867	0.84979976175170
3.4462864467180	0.84912873726246
3.4435154835745	0.84845698172172
3.4407489727993	0.84778450675794
3.4379869036697	0.84711132388553
3.4352292654979	0.84643744450339
3.4324760476300	0.84576287989334
3.4297272394463	0.84508764121859
3.4269828303612	0.84441173952228
3.4242428098230	0.84373518572596
3.4215071673134	0.84305799062810
3.4187758923480	0.84238016490261
3.4160489744758	0.84170171909739
3.4133264032791	0.84102266363286
3.4106081683732	0.84034300880051
3.4078942594066	0.83966276476148
3.4051846660609	0.83898194154510
3.4024793780502	0.83830054904755
3.3997783851213	0.83761859703036
3.3970816770538	0.83693609511911
3.3943892436594	0.83625305280199
3.3917010747822	0.83556947942850
3.3890171602984	0.83488538420802
3.3863374901163	0.83420077620853
3.3836620541761	0.83351566435529
3.3809908424495	0.83283005742949
3.3783238449403	0.83214396406697
3.3756610516834	0.83145739275697
3.3730024527453	0.83077035184082
3.3703480382237	0.83008284951070
3.3676977982476	0.82939489380843
3.3650517229768	0.82870649262421
3.3624098026021	0.82801765369546
3.3597720273451	0.82732838460559
3.3571383874580	0.82663869278286
3.3545088732237	0.82594858549920
3.3518834749553	0.82525806986911
3.3492621829963	0.82456715284851
3.3466449877205	0.82387584123362
3.3440318795315	0.82318414165994
3.3414228488631	0.82249206060114
3.3388178861789	0.82179960436800
3.3362169819720	0.82110677910744
3.3336201267653	0.82041359080146
3.3310273111111	0.81972004526616
