#Parameters = {thARC=0.4; nARC=2.75; thsub=1; p=1; nSub=1.5}
#"Wavelength / um"	"T (153) [Real Part]"
#---------------------------------------
14.008993364486	0.82373599070343
13.963318956684	0.82303422390463
13.917941411328	0.82233215150263
13.872857843591	0.82162978563829
13.828065405904	0.82092713840452
13.783561287356	0.82022422184605
13.739342713107	0.81952104795917
13.695406943810	0.81881762869152
13.651751275046	0.81811397594183
13.608373036768	0.81741010155973
13.565269592760	0.81670601734552
13.522438340099	0.81600173504994
13.479876708633	0.81529726637400
13.437582160466	0.81459262296877
13.395552189455	0.81388781643517
13.353784320713	0.81318285832381
13.312276110124	0.81247776013477
13.271025143869	0.81177253331747
13.230029037952	0.81106718927047
13.189285437747	0.81036173934129
13.148792017544	0.80965619482629
13.108546480105	0.80895056697049
13.068546556234	0.80824486696742
13.028790004346	0.80753910595899
12.989274610052	0.80683329503533
12.949998185745	0.80612744523467
12.910958570198	0.80542156754322
12.872153628167	0.80471567289504
12.833581250000	0.80400977217189
12.795239351259	0.80330387620317
12.757125872340	0.80259799576578
12.719238778108	0.80189214158403
12.681576057530	0.80118632432952
12.644135723323	0.80048055462107
12.606915811606	0.79977484302463
12.569914381551	0.79906920005318
12.533129515050	0.79836363616667
12.496559316382	0.79765816177191
12.460201911887	0.79695278722256
12.424055449648	0.79624752281901
12.388118099174	0.79554237880836
12.352388051092	0.79483736538431
12.316863516845	0.79413249268718
12.281542728390	0.79342777080381
12.246423937908	0.79272320976753
12.211505417515	0.79201881955814
12.176785458976	0.79131461010184
12.142262373431	0.79061059127125
12.107934491115	0.78990677288532
12.073800161095	0.78920316470939
12.039857751004	0.78849977645509
12.006105646776	0.78779661778039
11.972542252396	0.78709369828955
11.939165989646	0.78639102753314
11.905975297855	0.78568861500803
11.872968633663	0.78498647015738
11.840144470774	0.78428460237069
11.807501299724	0.78358302098376
11.775037627651	0.78288173527872
11.742751978065	0.78218075448407
11.710642890625	0.78148008777467
11.678708920919	0.78077974427179
11.646948640249	0.78007973304313
11.615360635413	0.77938006310285
11.583943508501	0.77868074341161
11.552695876686	0.77798178287661
11.521616372022	0.77728319035163
11.490703641242	0.77658497463708
11.459956345566	0.77588714448005
11.429373160503	0.77518970857434
11.398952775665	0.77449267556057
11.368693894577	0.77379605402620
11.338595234493	0.77309985250557
11.308655526217	0.77240407948004
11.278873513920	0.77170874337799
11.249247954972	0.77101385257492
11.219777619760	0.77031941539352
11.190461291527	0.76962544010376
11.161297766195	0.76893193492295
11.132285852209	0.76823890801585
11.103424370370	0.76754636749472
11.074712153676	0.76685432141946
11.046148047163	0.76616277779765
11.017730907755	0.76547174458468
10.989459604106	0.76478122968382
10.961333016453	0.76409124094637
10.933350036470	0.76340178617170
10.905509567115	0.76271287310739
10.877810522496	0.76202450944934
10.850251827723	0.76133670284186
10.822832418773	0.76064946087783
10.795551242348	0.75996279109872
10.768407255747	0.75927670099484
10.741399426729	0.75859119800533
10.714526733381	0.75790628951837
10.687788163993	0.75722198287127
10.661182716927	0.75653828535059
10.634709400497	0.75585520419231
10.608367232838	0.75517274658190
10.582155241793	0.75449091965448
10.556072464789	0.75380973049500
10.530117948718	0.75312918613829
10.504290749825	0.75244929356928
10.478589933590	0.75177005972308
10.453014574616	0.75109149148516
10.427563756522	0.75041359569148
10.402236571825	0.74973637912864
10.377032121841	0.74905984853404
10.351949516575	0.74838401059600
10.326987874612	0.74770887195393
10.302146323024	0.74703443919850
10.277423997257	0.74636071887176
10.252820041040	0.74568771746733
10.228333606278	0.74501544143053
10.203963852961	0.74434389715856
10.179709949066	0.74367309100065
10.155571070461	0.74300302925823
10.131546400811	0.74233371818509
10.107635131490	0.74166516398754
10.083836461487	0.74099737282461
10.060149597315	0.74033035080815
10.036573752929	0.73966410400309
10.013108149633	0.73899863842751
9.9897520159947	0.73833396005291
9.9665045877660	0.73767007480433
9.9433651077944	0.73700698856050
9.9203328259431	0.73634470715410
9.8974069990096	0.73568323637185
9.8745868906456	0.73502258195473
9.8518717712783	0.73436274959817
9.8292609180328	0.73370374495219
9.8067536146549	0.73304557362163
9.7843491514360	0.73238824116628
9.7620468251384	0.73173175310112
9.7398459389214	0.73107611489644
9.7177458022690	0.73042133197810
9.6957457309185	0.72976740972763
9.6738450467893	0.72911435348250
9.6520430779137	0.72846216853625
9.6303391583681	0.72781086013871
9.6087326282051	0.72716043349615
9.5872228333866	0.72651089377153
9.5658091257179	0.72586224608463
9.5444908627826	0.72521449551229
9.5232674078780	0.72456764708857
9.5021381299525	0.72392170580495
9.4811024035421	0.72327667661054
9.4601596087094	0.72263256441223
9.4393091309824	0.72198937407494
9.4185503612944	0.72134711042179
9.3978826959248	0.72070577823427
9.3773055364404	0.72006538225249
9.3568182896380	0.71942592717532
9.3364203674868	0.71878741766064
9.3161111870727	0.71814985832548
9.2958901705426	0.71751325374626
9.2757567450495	0.71687760845899
9.2557103426984	0.71624292695943
9.2357504004929	0.71560921370334
9.2158763602828	0.71497647310662
9.1960876687117	0.71434470954556
9.1763837771656	0.71371392735703
9.1567641417227	0.71308413083864
9.1372282231027	0.71245532424900
9.1177754866180	0.71182751180788
9.0984054021244	0.71120069769640
9.0791174439733	0.71057488605729
9.0599110909640	0.70995008099503
9.0407858262967	0.70932628657607
9.0217411375263	0.70870350682903
9.0027765165165	0.70808174574494
8.9838914593947	0.70746100727736
8.9650854665072	0.70684129534266
8.9463580423754	0.70622261382018
8.9277086956522	0.70560496655243
8.9091369390788	0.70498835734531
8.8906422894425	0.70437278996831
8.8722242675348	0.70375826815469
8.8538823981099	0.70314479560170
8.8356162098438	0.70253237597079
8.8174252352941	0.70192101288778
8.7993090108600	0.70131070994309
8.7812670767428	0.70070147069192
8.7632989769073	0.70009329865447
8.7454042590432	0.69948619731613
8.7275824745269	0.69888017012767
8.7098331783847	0.69827522050547
8.6921559292549	0.69767135183170
8.6745502893519	0.69706856745450
8.6570158244297	0.69646687068823
8.6395521037464	0.69586626481362
8.6221587000288	0.69526675307802
8.6048351894374	0.69466833869554
8.5875811515325	0.69407102484730
8.5703961692396	0.69347481468159
8.5532798288160	0.69287971131410
8.5362317198178	0.69228571782811
8.5192514350668	0.69169283727465
8.5023385706183	0.69110107267277
8.4854927257288	0.69051042700967
8.4687135028249	0.68992090324093
8.4520005074711	0.68933250429071
8.4353533483399	0.68874523305191
8.4187716371806	0.68815909238642
8.4022549887892	0.68757408512526
8.3858030209790	0.68699021406883
8.3694153545505	0.68640748198705
8.3530916132627	0.68582589161959
8.3368314238042	0.68524544567606
8.3206344157646	0.68466614683618
8.3045002216066	0.68408799775000
8.2884284766381	0.68351100103809
8.2724188189845	0.68293515929171
8.2564708895621	0.68236047507301
8.2405843320506	0.68178695091525
8.2247587928669	0.68121458932293
8.2089939211391	0.68064339277205
8.1932893686800	0.68007336371025
8.1776447899618	0.67950450455700
8.1620598420909	0.67893681770384
8.1465341847826	0.67837030551449
8.1310674803363	0.67780497032510
8.1156593936113	0.67724081444441
8.1003095920022	0.67667784015394
8.0850177454153	0.67611604970818
8.0697835262450	0.67555544533476
8.0546066093498	0.67499602923465
8.0394866720300	0.67443780358235
8.0244233940043	0.67388077052606
8.0094164573871	0.67332493218784
