#Parameters = {thARC=0.4; nARC=1; thsub=1; p=1; nSub=1.75}
#"Wavelength / um"	"T (165) [Real Part]"
#---------------------------------------
14.008993364486	0.92669706139952
13.963318956684	0.92674121178749
13.917941411328	0.92678449127794
13.872857843591	0.92682690720126
13.828065405904	0.92686846687165
13.783561287356	0.92690917758685
13.739342713107	0.92694904662786
13.695406943810	0.92698808125865
13.651751275046	0.92702628872594
13.608373036768	0.92706367625889
13.565269592760	0.92710025106888
13.522438340099	0.92713602034921
13.479876708633	0.92717099127486
13.437582160466	0.92720517100225
13.395552189455	0.92723856666895
13.353784320713	0.92727118539350
13.312276110124	0.92730303427507
13.271025143869	0.92733412039331
13.230029037952	0.92736445080804
13.189285437747	0.92739403255904
13.148792017544	0.92742287266581
13.108546480105	0.92745097812736
13.068546556234	0.92747835592193
13.028790004346	0.92750501300680
12.989274610052	0.92753095631804
12.949998185745	0.92755619277032
12.910958570198	0.92758072925666
12.872153628167	0.92760457264823
12.833581250000	0.92762772979412
12.795239351259	0.92765020752112
12.757125872340	0.92767201263356
12.719238778108	0.92769315191304
12.681576057530	0.92771363211825
12.644135723323	0.92773345998480
12.606915811606	0.92775264222495
12.569914381551	0.92777118552749
12.533129515050	0.92778909655749
12.496559316382	0.92780638195612
12.460201911887	0.92782304834050
12.424055449648	0.92783910230344
12.388118099174	0.92785455041333
12.352388051092	0.92786939921391
12.316863516845	0.92788365522411
12.281542728390	0.92789732493786
12.246423937908	0.92791041482395
12.211505417515	0.92792293132580
12.176785458976	0.92793488086135
12.142262373431	0.92794626982287
12.107934491115	0.92795710457678
12.073800161095	0.92796739146351
12.039857751004	0.92797713679734
12.006105646776	0.92798634686623
11.972542252396	0.92799502793168
11.939165989646	0.92800318622856
11.905975297855	0.92801082796500
11.872968633663	0.92801795932219
11.840144470774	0.92802458645427
11.807501299724	0.92803071548820
11.775037627651	0.92803635252359
11.742751978065	0.92804150363256
11.710642890625	0.92804617485964
11.678708920919	0.92805037222162
11.646948640249	0.92805410170742
11.615360635413	0.92805736927796
11.583943508501	0.92806018086603
11.552695876686	0.92806254237620
11.521616372022	0.92806445968465
11.490703641242	0.92806593863910
11.459956345566	0.92806698505866
11.429373160503	0.92806760473375
11.398952775665	0.92806780342595
11.368693894577	0.92806758686793
11.338595234493	0.92806696076332
11.308655526217	0.92806593078661
11.278873513920	0.92806450258307
11.249247954972	0.92806268176862
11.219777619760	0.92806047392975
11.190461291527	0.92805788462342
11.161297766195	0.92805491937699
11.132285852209	0.92805158368809
11.103424370370	0.92804788302458
11.074712153676	0.92804382282440
11.046148047163	0.92803940849558
11.017730907755	0.92803464541607
10.989459604106	0.92802953893370
10.961333016453	0.92802409436612
10.933350036470	0.92801831700069
10.905509567115	0.92801221209444
10.877810522496	0.92800578487396
10.850251827723	0.92799904053540
10.822832418773	0.92799198424433
10.795551242348	0.92798462113572
10.768407255747	0.92797695631387
10.741399426729	0.92796899485235
10.714526733381	0.92796074179393
10.687788163993	0.92795220215057
10.661182716927	0.92794338090330
10.634709400497	0.92793428300222
10.608367232838	0.92792491336645
10.582155241793	0.92791527688403
10.556072464789	0.92790537841196
10.530117948718	0.92789522277608
10.504290749825	0.92788481477108
10.478589933590	0.92787415916043
10.453014574616	0.92786326067637
10.427563756522	0.92785212401985
10.402236571825	0.92784075386053
10.377032121841	0.92782915483670
10.351949516575	0.92781733155530
10.326987874612	0.92780528859187
10.302146323024	0.92779303049053
10.277423997257	0.92778056176395
10.252820041040	0.92776788689335
10.228333606278	0.92775501032844
10.203963852961	0.92774193648746
10.179709949066	0.92772866975710
10.155571070461	0.92771521449256
10.131546400811	0.92770157501745
10.107635131490	0.92768775562388
10.083836461487	0.92767376057235
10.060149597315	0.92765959409183
10.036573752929	0.92764526037971
10.013108149633	0.92763076360180
9.9897520159947	0.92761610789234
9.9665045877660	0.92760129735399
9.9433651077944	0.92758633605785
9.9203328259431	0.92757122804346
9.8974069990096	0.92755597731877
9.8745868906456	0.92754058786020
9.8518717712783	0.92752506361263
9.8292609180328	0.92750940848939
9.8067536146549	0.92749362637230
9.7843491514360	0.92747772111168
9.7620468251384	0.92746169652634
9.7398459389214	0.92744555640366
9.7177458022690	0.92742930449951
9.6957457309185	0.92741294453837
9.6738450467893	0.92739648021331
9.6520430779137	0.92737991518599
9.6303391583681	0.92736325308673
9.6087326282051	0.92734649751451
9.5872228333866	0.92732965203702
9.5658091257179	0.92731272019064
9.5444908627826	0.92729570548056
9.5232674078780	0.92727861138073
9.5021381299525	0.92726144133392
9.4811024035421	0.92724419875178
9.4601596087094	0.92722688701486
9.4393091309824	0.92720950947265
9.4185503612944	0.92719206944359
9.3978826959248	0.92717457021520
9.3773055364404	0.92715701504400
9.3568182896380	0.92713940715568
9.3364203674868	0.92712174974505
9.3161111870727	0.92710404597614
9.2958901705426	0.92708629898223
9.2757567450495	0.92706851186589
9.2557103426984	0.92705068769907
9.2357504004929	0.92703282952313
9.2158763602828	0.92701494034886
9.1960876687117	0.92699702315661
9.1763837771656	0.92697908089628
9.1567641417227	0.92696111648741
9.1372282231027	0.92694313281925
9.1177754866180	0.92692513275079
9.0984054021244	0.92690711911083
9.0791174439733	0.92688909469808
9.0599110909640	0.92687106228117
9.0407858262967	0.92685302459874
9.0217411375263	0.92683498435954
9.0027765165165	0.92681694424244
8.9838914593947	0.92679890689653
8.9650854665072	0.92678087494119
8.9463580423754	0.92676285096616
8.9277086956522	0.92674483753162
8.9091369390788	0.92672683716825
8.8906422894425	0.92670885237730
8.8722242675348	0.92669088563070
8.8538823981099	0.92667293937110
8.8356162098438	0.92665501601198
8.8174252352941	0.92663711793770
8.7993090108600	0.92661924750360
8.7812670767428	0.92660140703607
8.7632989769073	0.92658359883266
8.7454042590432	0.92656582516213
8.7275824745269	0.92654808826454
8.7098331783847	0.92653039035137
8.6921559292549	0.92651273360556
8.6745502893519	0.92649512018163
8.6570158244297	0.92647755220576
8.6395521037464	0.92646003177588
8.6221587000288	0.92644256096176
8.6048351894374	0.92642514180509
8.5875811515325	0.92640777631961
8.5703961692396	0.92639046649116
8.5532798288160	0.92637321427781
8.5362317198178	0.92635602160991
8.5192514350668	0.92633889039026
8.5023385706183	0.92632182249414
8.4854927257288	0.92630481976942
8.4687135028249	0.92628788403670
8.4520005074711	0.92627101708937
8.4353533483399	0.92625422069372
8.4187716371806	0.92623749658905
8.4022549887892	0.92622084648777
8.3858030209790	0.92620427207549
8.3694153545505	0.92618777501116
8.3530916132627	0.92617135692713
8.3368314238042	0.92615501942927
8.3206344157646	0.92613876409712
8.3045002216066	0.92612259248394
8.2884284766381	0.92610650611683
8.2724188189845	0.92609050649686
8.2564708895621	0.92607459509918
8.2405843320506	0.92605877337310
8.2247587928669	0.92604304274224
8.2089939211391	0.92602740460461
8.1932893686800	0.92601186033275
8.1776447899618	0.92599641127380
8.1620598420909	0.92598105874969
8.1465341847826	0.92596580405717
8.1310674803363	0.92595064846798
8.1156593936113	0.92593559322896
8.1003095920022	0.92592063956213
8.0850177454153	0.92590578866487
8.0697835262450	0.92589104170997
8.0546066093498	0.92587639984581
8.0394866720300	0.92586186419643
8.0244233940043	0.92584743586169
8.0094164573871	0.92583311591736
