#Parameters = {thARC=0.6; nARC=2.25; thsub=1; p=1; nSub=1.75}
#"Wavelength / um"	"T (196) [Real Part]"
#---------------------------------------
14.008993364486	0.86612341740405
13.963318956684	0.86580575139640
13.917941411328	0.86548777009218
13.872857843591	0.86516948125040
13.828065405904	0.86485089259377
13.783561287356	0.86453201180886
13.739342713107	0.86421284654611
13.695406943810	0.86389340442003
13.651751275046	0.86357369300919
13.608373036768	0.86325371985639
13.565269592760	0.86293349246873
13.522438340099	0.86261301831773
13.479876708633	0.86229230483940
13.437582160466	0.86197135943438
13.395552189455	0.86165018946800
13.353784320713	0.86132880227044
13.312276110124	0.86100720513679
13.271025143869	0.86068540532717
13.230029037952	0.86036341006688
13.189285437747	0.86004122654643
13.148792017544	0.85971886192172
13.108546480105	0.85939632331413
13.068546556234	0.85907361781062
13.028790004346	0.85875075246386
12.989274610052	0.85842773429233
12.949998185745	0.85810457028047
12.910958570198	0.85778126737875
12.872153628167	0.85745783250381
12.833581250000	0.85713427253860
12.795239351259	0.85681059433244
12.757125872340	0.85648680470122
12.719238778108	0.85616291042745
12.681576057530	0.85583891826043
12.644135723323	0.85551483491632
12.606915811606	0.85519066707834
12.569914381551	0.85486642139681
12.533129515050	0.85454210448934
12.496559316382	0.85421772294091
12.460201911887	0.85389328330402
12.424055449648	0.85356879209882
12.388118099174	0.85324425581320
12.352388051092	0.85291968090298
12.316863516845	0.85259507379197
12.281542728390	0.85227044087215
12.246423937908	0.85194578850376
12.211505417515	0.85162112301546
12.176785458976	0.85129645070443
12.142262373431	0.85097177783655
12.107934491115	0.85064711064645
12.073800161095	0.85032245533774
12.039857751004	0.84999781808303
12.006105646776	0.84967320502417
11.972542252396	0.84934862227230
11.939165989646	0.84902407590802
11.905975297855	0.84869957198152
11.872968633663	0.84837511651270
11.840144470774	0.84805071549131
11.807501299724	0.84772637487709
11.775037627651	0.84740210059989
11.742751978065	0.84707789855981
11.710642890625	0.84675377462731
11.678708920919	0.84642973464340
11.646948640249	0.84610578441973
11.615360635413	0.84578192973870
11.583943508501	0.84545817635366
11.552695876686	0.84513452998900
11.521616372022	0.84481099634028
11.490703641242	0.84448758107440
11.459956345566	0.84416428982970
11.429373160503	0.84384112821608
11.398952775665	0.84351810181520
11.368693894577	0.84319521618054
11.338595234493	0.84287247683759
11.308655526217	0.84254988928393
11.278873513920	0.84222745898942
11.249247954972	0.84190519139629
11.219777619760	0.84158309191930
11.190461291527	0.84126116594584
11.161297766195	0.84093941883613
11.132285852209	0.84061785592326
11.103424370370	0.84029648251341
11.074712153676	0.83997530388591
11.046148047163	0.83965432529344
11.017730907755	0.83933355196211
10.989459604106	0.83901298909162
10.961333016453	0.83869264185537
10.933350036470	0.83837251540061
10.905509567115	0.83805261484859
10.877810522496	0.83773294529463
10.850251827723	0.83741351180830
10.822832418773	0.83709431943356
10.795551242348	0.83677537318884
10.768407255747	0.83645667806722
10.741399426729	0.83613823903652
10.714526733381	0.83582006103947
10.687788163993	0.83550214899379
10.661182716927	0.83518450779237
10.634709400497	0.83486714230336
10.608367232838	0.83455005737032
10.582155241793	0.83423325781232
10.556072464789	0.83391674842413
10.530117948718	0.83360053397625
10.504290749825	0.83328461921512
10.478589933590	0.83296900886323
10.453014574616	0.83265370761919
10.427563756522	0.83233872015793
10.402236571825	0.83202405113079
10.377032121841	0.83170970516562
10.351949516575	0.83139568686696
10.326987874612	0.83108200081611
10.302146323024	0.83076865157130
10.277423997257	0.83045564366777
10.252820041040	0.83014298161791
10.228333606278	0.82983066991140
10.203963852961	0.82951871301530
10.179709949066	0.82920711537417
10.155571070461	0.82889588141024
10.131546400811	0.82858501552346
10.107635131490	0.82827452209168
10.083836461487	0.82796440547071
10.060149597315	0.82765466999450
10.036573752929	0.82734531997521
10.013108149633	0.82703635970334
9.9897520159947	0.82672779344786
9.9665045877660	0.82641962545632
9.9433651077944	0.82611185995494
9.9203328259431	0.82580450114877
9.8974069990096	0.82549755322177
9.8745868906456	0.82519102033692
9.8518717712783	0.82488490663637
9.8292609180328	0.82457921624152
9.8067536146549	0.82427395325314
9.7843491514360	0.82396912175147
9.7620468251384	0.82366472579637
9.7398459389214	0.82336076942738
9.7177458022690	0.82305725666386
9.6957457309185	0.82275419150511
9.6738450467893	0.82245157793042
9.6520430779137	0.82214941989925
9.6303391583681	0.82184772135130
9.6087326282051	0.82154648620662
9.5872228333866	0.82124571836570
9.5658091257179	0.82094542170962
9.5444908627826	0.82064560010011
9.5232674078780	0.82034625737968
9.5021381299525	0.82004739737171
9.4811024035421	0.81974902388056
9.4601596087094	0.81945114069166
9.4393091309824	0.81915375157164
9.4185503612944	0.81885686026840
9.3978826959248	0.81856047051122
9.3773055364404	0.81826458601087
9.3568182896380	0.81796921045971
9.3364203674868	0.81767434753176
9.3161111870727	0.81738000088282
9.2958901705426	0.81708617415058
9.2757567450495	0.81679287095469
9.2557103426984	0.81650009489687
9.2357504004929	0.81620784956100
9.2158763602828	0.81591613851322
9.1960876687117	0.81562496530201
9.1763837771656	0.81533433345831
9.1567641417227	0.81504424649559
9.1372282231027	0.81475470790995
9.1177754866180	0.81446572118019
9.0984054021244	0.81417728976796
9.0791174439733	0.81388941711776
9.0599110909640	0.81360210665714
9.0407858262967	0.81331536179667
9.0217411375263	0.81302918593013
9.0027765165165	0.81274358243452
8.9838914593947	0.81245855467021
8.9650854665072	0.81217410598099
8.9463580423754	0.81189023969414
8.9277086956522	0.81160695912056
8.9091369390788	0.81132426755483
8.8906422894425	0.81104216827529
8.8722242675348	0.81076066454413
8.8538823981099	0.81047975960746
8.8356162098438	0.81019945669542
8.8174252352941	0.80991975902224
8.7993090108600	0.80964066978630
8.7812670767428	0.80936219217026
8.7632989769073	0.80908432934110
8.7454042590432	0.80880708445021
8.7275824745269	0.80853046063348
8.7098331783847	0.80825446101135
8.6921559292549	0.80797908868890
8.6745502893519	0.80770434675595
8.6570158244297	0.80743023828709
8.6395521037464	0.80715676634179
8.6221587000288	0.80688393396446
8.6048351894374	0.80661174418452
8.5875811515325	0.80634020001647
8.5703961692396	0.80606930446001
8.5532798288160	0.80579906050001
8.5362317198178	0.80552947110670
8.5192514350668	0.80526053923565
8.5023385706183	0.80499226782787
8.4854927257288	0.80472465980991
8.4687135028249	0.80445771809386
8.4520005074711	0.80419144557750
8.4353533483399	0.80392584514429
8.4187716371806	0.80366091966348
8.4022549887892	0.80339667199019
8.3858030209790	0.80313310496543
8.3694153545505	0.80287022141619
8.3530916132627	0.80260802415550
8.3368314238042	0.80234651598251
8.3206344157646	0.80208569968253
8.3045002216066	0.80182557802710
8.2884284766381	0.80156615377404
8.2724188189845	0.80130742966756
8.2564708895621	0.80104940843825
8.2405843320506	0.80079209280319
8.2247587928669	0.80053548546599
8.2089939211391	0.80027958911685
8.1932893686800	0.80002440643265
8.1776447899618	0.79976994007693
8.1620598420909	0.79951619270005
8.1465341847826	0.79926316693915
8.1310674803363	0.79901086541828
8.1156593936113	0.79875929074841
8.1003095920022	0.79850844552750
8.0850177454153	0.79825833234057
8.0697835262450	0.79800895375972
8.0546066093498	0.79776031234422
8.0394866720300	0.79751241064053
8.0244233940043	0.79726525118237
8.0094164573871	0.79701883649079
