#Parameters = {thARC=0.4; nARC=2.5; thsub=1; p=1; nSub=2}
#"Wavelength / um"	"T (255) [Real Part]"
#---------------------------------------
14.008993364486	0.85515425189286
13.963318956684	0.85495684302377
13.917941411328	0.85475900904113
13.872857843591	0.85456075360859
13.828065405904	0.85436208037125
13.783561287356	0.85416299295573
13.739342713107	0.85396349497033
13.695406943810	0.85376359000511
13.651751275046	0.85356328163202
13.608373036768	0.85336257340501
13.565269592760	0.85316146886015
13.522438340099	0.85295997151575
13.479876708633	0.85275808487244
13.437582160466	0.85255581241335
13.395552189455	0.85235315760415
13.353784320713	0.85215012389323
13.312276110124	0.85194671471178
13.271025143869	0.85174293347390
13.230029037952	0.85153878357674
13.189285437747	0.85133426840061
13.148792017544	0.85112939130908
13.108546480105	0.85092415564911
13.068546556234	0.85071856475116
13.028790004346	0.85051262192930
12.989274610052	0.85030633048135
12.949998185745	0.85009969368896
12.910958570198	0.84989271481774
12.872153628167	0.84968539711740
12.833581250000	0.84947774382181
12.795239351259	0.84926975814918
12.757125872340	0.84906144330213
12.719238778108	0.84885280246782
12.681576057530	0.84864383881804
12.644135723323	0.84843455550938
12.606915811606	0.84822495568330
12.569914381551	0.84801504246624
12.533129515050	0.84780481896976
12.496559316382	0.84759428829066
12.460201911887	0.84738345351105
12.424055449648	0.84717231769850
12.388118099174	0.84696088390614
12.352388051092	0.84674915517278
12.316863516845	0.84653713452301
12.281542728390	0.84632482496733
12.246423937908	0.84611222950226
12.211505417515	0.84589935111041
12.176785458976	0.84568619276066
12.142262373431	0.84547275740821
12.107934491115	0.84525904799476
12.073800161095	0.84504506744852
12.039857751004	0.84483081868442
12.006105646776	0.84461630460416
11.972542252396	0.84440152809634
11.939165989646	0.84418649203657
11.905975297855	0.84397119928757
11.872968633663	0.84375565269929
11.840144470774	0.84353985510900
11.807501299724	0.84332380934142
11.775037627651	0.84310751820880
11.742751978065	0.84289098451106
11.710642890625	0.84267421103586
11.678708920919	0.84245720055875
11.646948640249	0.84223995584323
11.615360635413	0.84202247964087
11.583943508501	0.84180477469143
11.552695876686	0.84158684372296
11.521616372022	0.84136868945188
11.490703641242	0.84115031458310
11.459956345566	0.84093172181015
11.429373160503	0.84071291381521
11.398952775665	0.84049389326929
11.368693894577	0.84027466283229
11.338595234493	0.84005522515310
11.308655526217	0.83983558286971
11.278873513920	0.83961573860931
11.249247954972	0.83939569498838
11.219777619760	0.83917545461280
11.190461291527	0.83895502007795
11.161297766195	0.83873439396878
11.132285852209	0.83851357885994
11.103424370370	0.83829257731586
11.074712153676	0.83807139189085
11.046148047163	0.83785002512920
11.017730907755	0.83762847956526
10.989459604106	0.83740675772353
10.961333016453	0.83718486211879
10.933350036470	0.83696279525615
10.905509567115	0.83674055963117
10.877810522496	0.83651815772995
10.850251827723	0.83629559202919
10.822832418773	0.83607286499632
10.795551242348	0.83584997908957
10.768407255747	0.83562693675806
10.741399426729	0.83540374044190
10.714526733381	0.83518039257226
10.687788163993	0.83495689557146
10.661182716927	0.83473325185309
10.634709400497	0.83450946382203
10.608367232838	0.83428553387461
10.582155241793	0.83406146439863
10.556072464789	0.83383725777350
10.530117948718	0.83361291637028
10.504290749825	0.83338844255178
10.478589933590	0.83316383867265
10.453014574616	0.83293910707945
10.427563756522	0.83271425011072
10.402236571825	0.83248927009710
10.377032121841	0.83226416936136
10.351949516575	0.83203895021852
10.326987874612	0.83181361497590
10.302146323024	0.83158816593321
10.277423997257	0.83136260538263
10.252820041040	0.83113693560889
10.228333606278	0.83091115888930
10.203963852961	0.83068527749391
10.179709949066	0.83045929368551
10.155571070461	0.83023320971972
10.131546400811	0.83000702784509
10.107635131490	0.82978075030316
10.083836461487	0.82955437932850
10.060149597315	0.82932791714884
10.036573752929	0.82910136598506
10.013108149633	0.82887472805136
9.9897520159947	0.82864800555524
9.9665045877660	0.82842120069760
9.9433651077944	0.82819431567284
9.9203328259431	0.82796735266886
9.8974069990096	0.82774031386720
9.8745868906456	0.82751320144303
9.8518717712783	0.82728601756528
9.8292609180328	0.82705876439667
9.8067536146549	0.82683144409377
9.7843491514360	0.82660405880708
9.7620468251384	0.82637661068107
9.7398459389214	0.82614910185429
9.7177458022690	0.82592153445936
9.6957457309185	0.82569391062308
9.6738450467893	0.82546623246646
9.6520430779137	0.82523850210482
9.6303391583681	0.82501072164780
9.6087326282051	0.82478289319943
9.5872228333866	0.82455501885821
9.5658091257179	0.82432710071715
9.5444908627826	0.82409914086381
9.5232674078780	0.82387114138038
9.5021381299525	0.82364310434371
9.4811024035421	0.82341503182539
9.4601596087094	0.82318692589178
9.4393091309824	0.82295878860405
9.4185503612944	0.82273062201829
9.3978826959248	0.82250242818548
9.3773055364404	0.82227420915159
9.3568182896380	0.82204596695764
9.3364203674868	0.82181770363969
9.3161111870727	0.82158942122896
9.2958901705426	0.82136112175180
9.2757567450495	0.82113280722981
9.2557103426984	0.82090447967984
9.2357504004929	0.82067614111404
9.2158763602828	0.82044779353992
9.1960876687117	0.82021943896038
9.1763837771656	0.81999107937375
9.1567641417227	0.81976271677386
9.1372282231027	0.81953435315005
9.1177754866180	0.81930599048720
9.0984054021244	0.81907763076582
9.0791174439733	0.81884927596206
9.0599110909640	0.81862092804774
9.0407858262967	0.81839258899039
9.0217411375263	0.81816426075332
9.0027765165165	0.81793594529562
8.9838914593947	0.81770764457220
8.9650854665072	0.81747936053386
8.9463580423754	0.81725109512727
8.9277086956522	0.81702285029507
8.9091369390788	0.81679462797584
8.8906422894425	0.81656643010418
8.8722242675348	0.81633825861071
8.8538823981099	0.81611011542213
8.8356162098438	0.81588200246123
8.8174252352941	0.81565392164694
8.7993090108600	0.81542587489433
8.7812670767428	0.81519786411467
8.7632989769073	0.81496989121547
8.7454042590432	0.81474195810044
8.7275824745269	0.81451406666961
8.7098331783847	0.81428621881927
8.6921559292549	0.81405841644208
8.6745502893519	0.81383066142703
8.6570158244297	0.81360295565948
8.6395521037464	0.81337530102121
8.6221587000288	0.81314769939044
8.6048351894374	0.81292015264183
8.5875811515325	0.81269266264650
8.5703961692396	0.81246523127209
8.5532798288160	0.81223786038277
8.5362317198178	0.81201055183922
8.5192514350668	0.81178330749871
8.5023385706183	0.81155612921508
8.4854927257288	0.81132901883878
8.4687135028249	0.81110197821689
8.4520005074711	0.81087500919312
8.4353533483399	0.81064811360784
8.4187716371806	0.81042129329811
8.4022549887892	0.81019455009767
8.3858030209790	0.80996788583698
8.3694153545505	0.80974130234324
8.3530916132627	0.80951480144038
8.3368314238042	0.80928838494908
8.3206344157646	0.80906205468682
8.3045002216066	0.80883581246785
8.2884284766381	0.80860966010323
8.2724188189845	0.80838359940083
8.2564708895621	0.80815763216536
8.2405843320506	0.80793176019834
8.2247587928669	0.80770598529818
8.2089939211391	0.80748030926014
8.1932893686800	0.80725473387634
8.1776447899618	0.80702926093581
8.1620598420909	0.80680389222445
8.1465341847826	0.80657862952508
8.1310674803363	0.80635347461744
8.1156593936113	0.80612842927817
8.1003095920022	0.80590349528085
8.0850177454153	0.80567867439601
8.0697835262450	0.80545396839111
8.0546066093498	0.80522937903056
8.0394866720300	0.80500490807576
8.0244233940043	0.80478055728502
8.0094164573871	0.80455632841368
