#Parameters = {thARC=0.6; nARC=3; thsub=1; p=1; nSub=2}
#"Wavelength / um"	"T (268) [Real Part]"
#---------------------------------------
14.008993364486	0.70714801540571
13.963318956684	0.70642974658860
13.917941411328	0.70571256276054
13.872857843591	0.70499649084791
13.828065405904	0.70428155747996
13.783561287356	0.70356778899025
13.739342713107	0.70285521141815
13.695406943810	0.70214385051031
13.651751275046	0.70143373172221
13.608373036768	0.70072488021967
13.565269592760	0.70001732088046
13.522438340099	0.69931107829583
13.479876708633	0.69860617677212
13.437582160466	0.69790264033244
13.395552189455	0.69720049271823
13.353784320713	0.69649975739094
13.312276110124	0.69580045753373
13.271025143869	0.69510261605313
13.230029037952	0.69440625558072
13.189285437747	0.69371139847492
13.148792017544	0.69301806682262
13.108546480105	0.69232628244104
13.068546556234	0.69163606687936
13.028790004346	0.69094744142061
12.989274610052	0.69026042708334
12.949998185745	0.68957504462352
12.910958570198	0.68889131453624
12.872153628167	0.68820925705759
12.833581250000	0.68752889216647
12.795239351259	0.68685023958639
12.757125872340	0.68617331878733
12.719238778108	0.68549814898760
12.681576057530	0.68482474915567
12.644135723323	0.68415313801201
12.606915811606	0.68348333403104
12.569914381551	0.68281535544288
12.533129515050	0.68214922023536
12.496559316382	0.68148494615578
12.460201911887	0.68082255071288
12.424055449648	0.68016205117870
12.388118099174	0.67950346459049
12.352388051092	0.67884680775256
12.316863516845	0.67819209723825
12.281542728390	0.67753934939179
12.246423937908	0.67688858033020
12.211505417515	0.67623980594521
12.176785458976	0.67559304190520
12.142262373431	0.67494830365702
12.107934491115	0.67430560642798
12.073800161095	0.67366496522774
12.039857751004	0.67302639485018
12.006105646776	0.67238990987534
11.972542252396	0.67175552467134
11.939165989646	0.67112325339625
11.905975297855	0.67049310999999
11.872968633663	0.66986510822628
11.840144470774	0.66923926161448
11.807501299724	0.66861558350153
11.775037627651	0.66799408702381
11.742751978065	0.66737478511905
11.710642890625	0.66675769052820
11.678708920919	0.66614281579734
11.646948640249	0.66553017327954
11.615360635413	0.66491977513670
11.583943508501	0.66431163334150
11.552695876686	0.66370575967919
11.521616372022	0.66310216574947
11.490703641242	0.66250086296838
11.459956345566	0.66190186257008
11.429373160503	0.66130517560877
11.398952775665	0.66071081296046
11.368693894577	0.66011878532484
11.338595234493	0.65952910322709
11.308655526217	0.65894177701970
11.278873513920	0.65835681688428
11.249247954972	0.65777423283338
11.219777619760	0.65719403471223
11.190461291527	0.65661623220061
11.161297766195	0.65604083481458
11.132285852209	0.65546785190824
11.103424370370	0.65489729267555
11.074712153676	0.65432916615206
11.046148047163	0.65376348121663
11.017730907755	0.65320024659322
10.989459604106	0.65263947085260
10.961333016453	0.65208116241408
10.933350036470	0.65152532954721
10.905509567115	0.65097198037352
10.877810522496	0.65042112286818
10.850251827723	0.64987276486170
10.822832418773	0.64932691404165
10.795551242348	0.64878357795425
10.768407255747	0.64824276400611
10.741399426729	0.64770447946585
10.714526733381	0.64716873146571
10.687788163993	0.64663552700323
10.661182716927	0.64610487294286
10.634709400497	0.64557677601757
10.608367232838	0.64505124283042
10.582155241793	0.64452827985621
10.556072464789	0.64400789344302
10.530117948718	0.64349008981379
10.504290749825	0.64297487506792
10.478589933590	0.64246225518274
10.453014574616	0.64195223601513
10.427563756522	0.64144482330302
10.402236571825	0.64094002266690
10.377032121841	0.64043783961135
10.351949516575	0.63993827952652
10.326987874612	0.63944134768964
10.302146323024	0.63894704926647
10.277423997257	0.63845538931279
10.252820041040	0.63796637277587
10.228333606278	0.63748000449587
10.203963852961	0.63699628920730
10.179709949066	0.63651523154047
10.155571070461	0.63603683602285
10.131546400811	0.63556110708051
10.107635131490	0.63508804903951
10.083836461487	0.63461766612726
10.060149597315	0.63414996247393
10.036573752929	0.63368494211374
10.013108149633	0.63322260898637
9.9897520159947	0.63276296693830
9.9665045877660	0.63230601972408
9.9433651077944	0.63185177100769
9.9203328259431	0.63140022436383
9.8974069990096	0.63095138327922
9.8745868906456	0.63050525115388
9.8518717712783	0.63006183130241
9.8292609180328	0.62962112695521
9.8067536146549	0.62918314125979
9.7843491514360	0.62874787728197
9.7620468251384	0.62831533800712
9.7398459389214	0.62788552634137
9.7177458022690	0.62745844511283
9.6957457309185	0.62703409707277
9.6738450467893	0.62661248489680
9.6520430779137	0.62619361118609
9.6303391583681	0.62577747846847
9.6087326282051	0.62536408919961
9.5872228333866	0.62495344576419
9.5658091257179	0.62454555047698
9.5444908627826	0.62414040558400
9.5232674078780	0.62373801326359
9.5021381299525	0.62333837562757
9.4811024035421	0.62294149472226
9.4601596087094	0.62254737252961
9.4393091309824	0.62215601096824
9.4185503612944	0.62176741189452
9.3978826959248	0.62138157710358
9.3773055364404	0.62099850833039
9.3568182896380	0.62061820725074
9.3364203674868	0.62024067548231
9.3161111870727	0.61986591458563
9.2958901705426	0.61949392606508
9.2757567450495	0.61912471136991
9.2557103426984	0.61875827189519
9.2357504004929	0.61839460898275
9.2158763602828	0.61803372392219
9.1960876687117	0.61767561795177
9.1763837771656	0.61732029225939
9.1567641417227	0.61696774798350
9.1372282231027	0.61661798621399
9.1177754866180	0.61627100799312
9.0984054021244	0.61592681431641
9.0791174439733	0.61558540613355
9.0599110909640	0.61524678434921
9.0407858262967	0.61491094982398
9.0217411375263	0.61457790337519
9.0027765165165	0.61424764577775
8.9838914593947	0.61392017776500
8.9650854665072	0.61359550002956
8.9463580423754	0.61327361322409
8.9277086956522	0.61295451796218
8.9091369390788	0.61263821481906
8.8906422894425	0.61232470433246
8.8722242675348	0.61201398700337
8.8538823981099	0.61170606329681
8.8356162098438	0.61140093364258
8.8174252352941	0.61109859843604
8.7993090108600	0.61079905803886
8.7812670767428	0.61050231277970
8.7632989769073	0.61020836295502
8.7454042590432	0.60991720882972
8.7275824745269	0.60962885063791
8.7098331783847	0.60934328858359
8.6921559292549	0.60906052284132
8.6745502893519	0.60878055355694
8.6570158244297	0.60850338084823
8.6395521037464	0.60822900480556
8.6221587000288	0.60795742549259
8.6048351894374	0.60768864294688
8.5875811515325	0.60742265718055
8.5703961692396	0.60715946818089
8.5532798288160	0.60689907591105
8.5362317198178	0.60664148031057
8.5192514350668	0.60638668129604
8.5023385706183	0.60613467876171
8.4854927257288	0.60588547258005
8.4687135028249	0.60563906260234
8.4520005074711	0.60539544865926
8.4353533483399	0.60515463056148
8.4187716371806	0.60491660810015
8.4022549887892	0.60468138104753
8.3858030209790	0.60444894915750
8.3694153545505	0.60421931216608
8.3530916132627	0.60399246979202
8.3368314238042	0.60376842173724
8.3206344157646	0.60354716768742
8.3045002216066	0.60332870731246
8.2884284766381	0.60311304026702
8.2724188189845	0.60290016619096
8.2564708895621	0.60269008470987
8.2405843320506	0.60248279543553
8.2247587928669	0.60227829796639
8.2089939211391	0.60207659188803
8.1932893686800	0.60187767677359
8.1776447899618	0.60168155218428
8.1620598420909	0.60148821766976
8.1465341847826	0.60129767276862
8.1310674803363	0.60110991700877
8.1156593936113	0.60092494990790
8.1003095920022	0.60074277097387
8.0850177454153	0.60056337970514
8.0697835262450	0.60038677559113
8.0546066093498	0.60021295811266
8.0394866720300	0.60004192674232
8.0244233940043	0.59987368094484
8.0094164573871	0.59970822017748
