#Parameters = {thARC=0.2; nARC=3; thsub=1; p=1; nSub=2}
#"Wavelength / um"	"T (266) [Real Part]"
#---------------------------------------
14.008993364486	0.85891771677971
13.963318956684	0.85873285345456
13.917941411328	0.85854750864916
13.872857843591	0.85836168387622
13.828065405904	0.85817538064889
13.783561287356	0.85798860048066
13.739342713107	0.85780134488538
13.695406943810	0.85761361537722
13.651751275046	0.85742541347059
13.608373036768	0.85723674068015
13.565269592760	0.85704759852078
13.522438340099	0.85685798850750
13.479876708633	0.85666791215547
13.437582160466	0.85647737097998
13.395552189455	0.85628636649633
13.353784320713	0.85609490021991
13.312276110124	0.85590297366608
13.271025143869	0.85571058835018
13.230029037952	0.85551774578748
13.189285437747	0.85532444749316
13.148792017544	0.85513069498229
13.108546480105	0.85493648976976
13.068546556234	0.85474183337029
13.028790004346	0.85454672729838
12.989274610052	0.85435117306829
12.949998185745	0.85415517219399
12.910958570198	0.85395872618916
12.872153628167	0.85376183656714
12.833581250000	0.85356450484091
12.795239351259	0.85336673252306
12.757125872340	0.85316852112578
12.719238778108	0.85296987216079
12.681576057530	0.85277078713935
12.644135723323	0.85257126757223
12.606915811606	0.85237131496966
12.569914381551	0.85217093084133
12.533129515050	0.85197011669635
12.496559316382	0.85176887404324
12.460201911887	0.85156720438988
12.424055449648	0.85136510924351
12.388118099174	0.85116259011067
12.352388051092	0.85095964849725
12.316863516845	0.85075628590836
12.281542728390	0.85055250384841
12.246423937908	0.85034830382101
12.211505417515	0.85014368732899
12.176785458976	0.84993865587437
12.142262373431	0.84973321095833
12.107934491115	0.84952735408118
12.073800161095	0.84932108674238
12.039857751004	0.84911441044045
12.006105646776	0.84890732667302
11.972542252396	0.84869983693676
11.939165989646	0.84849194272738
11.905975297855	0.84828364553962
11.872968633663	0.84807494686721
11.840144470774	0.84786584820286
11.807501299724	0.84765635103822
11.775037627651	0.84744645686393
11.742751978065	0.84723616716949
11.710642890625	0.84702548344337
11.678708920919	0.84681440717287
11.646948640249	0.84660293984420
11.615360635413	0.84639108294240
11.583943508501	0.84617883795135
11.552695876686	0.84596620635376
11.521616372022	0.84575318963114
11.490703641242	0.84553978926377
11.459956345566	0.84532600673072
11.429373160503	0.84511184350980
11.398952775665	0.84489730107758
11.368693894577	0.84468238090935
11.338595234493	0.84446708447910
11.308655526217	0.84425141325952
11.278873513920	0.84403536872199
11.249247954972	0.84381895233656
11.219777619760	0.84360216557193
11.190461291527	0.84338500989544
11.161297766195	0.84316748677308
11.132285852209	0.84294959766943
11.103424370370	0.84273134404768
11.074712153676	0.84251272736963
11.046148047163	0.84229374909565
11.017730907755	0.84207441068468
10.989459604106	0.84185471359421
10.961333016453	0.84163465928028
10.933350036470	0.84141424919748
10.905509567115	0.84119348479891
10.877810522496	0.84097236753620
10.850251827723	0.84075089885946
10.822832418773	0.84052908021731
10.795551242348	0.84030691305687
10.768407255747	0.84008439882371
10.741399426729	0.83986153896188
10.714526733381	0.83963833491390
10.687788163993	0.83941478812071
10.661182716927	0.83919090002172
10.634709400497	0.83896667205475
10.608367232838	0.83874210565607
10.582155241793	0.83851720226034
10.556072464789	0.83829196330066
10.530117948718	0.83806639020850
10.504290749825	0.83784048441375
10.478589933590	0.83761424734469
10.453014574616	0.83738768042796
10.427563756522	0.83716078508859
10.402236571825	0.83693356274998
10.377032121841	0.83670601483390
10.351949516575	0.83647814276046
10.326987874612	0.83624994794815
10.302146323024	0.83602143181377
10.277423997257	0.83579259577249
10.252820041040	0.83556344123781
10.228333606278	0.83533396962157
10.203963852961	0.83510418233391
10.179709949066	0.83487408078333
10.155571070461	0.83464366637662
10.131546400811	0.83441294051891
10.107635131490	0.83418190461361
10.083836461487	0.83395056006246
10.060149597315	0.83371890826551
10.036573752929	0.83348695062110
10.013108149633	0.83325468852586
9.9897520159947	0.83302212337473
9.9665045877660	0.83278925656093
9.9433651077944	0.83255608947599
9.9203328259431	0.83232262350970
9.8974069990096	0.83208886005015
9.8745868906456	0.83185480048372
9.8518717712783	0.83162044619506
9.8292609180328	0.83138579856709
9.8067536146549	0.83115085898104
9.7843491514360	0.83091562881639
9.7620468251384	0.83068010945090
9.7398459389214	0.83044430226060
9.7177458022690	0.83020820861981
9.6957457309185	0.82997182990110
9.6738450467893	0.82973516747534
9.6520430779137	0.82949822271163
9.6303391583681	0.82926099697738
9.6087326282051	0.82902349163825
9.5872228333866	0.82878570805818
9.5658091257179	0.82854764759936
9.5444908627826	0.82830931162229
9.5232674078780	0.82807070148569
9.5021381299525	0.82783181854659
9.4811024035421	0.82759266416027
9.4601596087094	0.82735323968030
9.4393091309824	0.82711354645850
9.4185503612944	0.82687358584499
9.3978826959248	0.82663335918814
9.3773055364404	0.82639286783461
9.3568182896380	0.82615211312934
9.3364203674868	0.82591109641553
9.3161111870727	0.82566981903467
9.2958901705426	0.82542828232654
9.2757567450495	0.82518648762920
9.2557103426984	0.82494443627898
9.2357504004929	0.82470212961050
9.2158763602828	0.82445956895669
9.1960876687117	0.82421675564875
9.1763837771656	0.82397369101617
9.1567641417227	0.82373037638674
9.1372282231027	0.82348681308655
9.1177754866180	0.82324300244000
9.0984054021244	0.82299894576976
9.0791174439733	0.82275464439683
9.0599110909640	0.82251009964052
9.0407858262967	0.82226531281842
9.0217411375263	0.82202028524647
9.0027765165165	0.82177501823889
8.9838914593947	0.82152951310825
8.9650854665072	0.82128377116542
8.9463580423754	0.82103779371960
8.9277086956522	0.82079158207831
8.9091369390788	0.82054513754742
8.8906422894425	0.82029846143111
8.8722242675348	0.82005155503192
8.8538823981099	0.81980441965071
8.8356162098438	0.81955705658669
8.8174252352941	0.81930946713743
8.7993090108600	0.81906165259882
8.7812670767428	0.81881361426515
8.7632989769073	0.81856535342903
8.7454042590432	0.81831687138144
8.7275824745269	0.81806816941173
8.7098331783847	0.81781924880763
8.6921559292549	0.81757011085522
8.6745502893519	0.81732075683897
8.6570158244297	0.81707118804173
8.6395521037464	0.81682140574474
8.6221587000288	0.81657141122761
8.6048351894374	0.81632120576836
8.5875811515325	0.81607079064341
8.5703961692396	0.81582016712756
8.5532798288160	0.81556933649403
8.5362317198178	0.81531830001445
8.5192514350668	0.81506705895885
8.5023385706183	0.81481561459569
8.4854927257288	0.81456396819185
8.4687135028249	0.81431212101263
8.4520005074711	0.81406007432176
8.4353533483399	0.81380782938140
8.4187716371806	0.81355538745216
8.4022549887892	0.81330274979309
8.3858030209790	0.81304991766168
8.3694153545505	0.81279689231387
8.3530916132627	0.81254367500407
8.3368314238042	0.81229026698512
8.3206344157646	0.81203666950836
8.3045002216066	0.81178288382357
8.2884284766381	0.81152891117902
8.2724188189845	0.81127475282144
8.2564708895621	0.81102040999606
8.2405843320506	0.81076588394659
8.2247587928669	0.81051117591521
8.2089939211391	0.81025628714262
8.1932893686800	0.81000121886800
8.1776447899618	0.80974597232905
8.1620598420909	0.80949054876197
8.1465341847826	0.80923494940145
8.1310674803363	0.80897917548073
8.1156593936113	0.80872322823154
8.1003095920022	0.80846710888416
8.0850177454153	0.80821081866737
8.0697835262450	0.80795435880851
8.0546066093498	0.80769773053343
8.0394866720300	0.80744093506654
8.0244233940043	0.80718397363079
8.0094164573871	0.80692684744767
