#Parameters = {thARC=1; nARC=3; thsub=1; p=1; nSub=2.25}
#"Wavelength / um"	"T (324) [Real Part]"
#---------------------------------------
14.008993364486	0.64805607588036
13.963318956684	0.64774603024840
13.917941411328	0.64744196764485
13.872857843591	0.64714389625909
13.828065405904	0.64685182406780
13.783561287356	0.64656575883787
13.739342713107	0.64628570812929
13.695406943810	0.64601167929799
13.651751275046	0.64574367949857
13.608373036768	0.64548171568709
13.565269592760	0.64522579462368
13.522438340099	0.64497592287521
13.479876708633	0.64473210681784
13.437582160466	0.64449435263954
13.395552189455	0.64426266634257
13.353784320713	0.64403705374587
13.312276110124	0.64381752048744
13.271025143869	0.64360407202664
13.230029037952	0.64339671364646
13.189285437747	0.64319545045569
13.148792017544	0.64300028739111
13.108546480105	0.64281122921957
13.068546556234	0.64262828054001
13.028790004346	0.64245144578549
12.989274610052	0.64228072922510
12.949998185745	0.64211613496581
12.910958570198	0.64195766695439
12.872153628167	0.64180532897908
12.833581250000	0.64165912467137
12.795239351259	0.64151905750765
12.757125872340	0.64138513081080
12.719238778108	0.64125734775180
12.681576057530	0.64113571135115
12.644135723323	0.64102022448039
12.606915811606	0.64091088986346
12.569914381551	0.64080771007803
12.533129515050	0.64071068755682
12.496559316382	0.64061982458877
12.460201911887	0.64053512332025
12.424055449648	0.64045658575620
12.388118099174	0.64038421376113
12.352388051092	0.64031800906018
12.316863516845	0.64025797324007
12.281542728390	0.64020410774997
12.246423937908	0.64015641390237
12.211505417515	0.64011489287385
12.176785458976	0.64007954570584
12.142262373431	0.64005037330525
12.107934491115	0.64002737644517
12.073800161095	0.64001055576535
12.039857751004	0.63999991177279
12.006105646776	0.63999544484215
11.972542252396	0.63999715521618
11.939165989646	0.64000504300606
11.905975297855	0.64001910819168
11.872968633663	0.64003935062190
11.840144470774	0.64006577001474
11.807501299724	0.64009836595748
11.775037627651	0.64013713790676
11.742751978065	0.64018208518857
11.710642890625	0.64023320699826
11.678708920919	0.64029050240040
11.646948640249	0.64035397032868
11.615360635413	0.64042360958567
11.583943508501	0.64049941884258
11.552695876686	0.64058139663898
11.521616372022	0.64066954138238
11.490703641242	0.64076385134785
11.459956345566	0.64086432467756
11.429373160503	0.64097095938019
11.398952775665	0.64108375333040
11.368693894577	0.64120270426821
11.338595234493	0.64132780979822
11.308655526217	0.64145906738898
11.278873513920	0.64159647437208
11.249247954972	0.64174002794137
11.219777619760	0.64188972515204
11.190461291527	0.64204556291962
11.161297766195	0.64220753801899
11.132285852209	0.64237564708331
11.103424370370	0.64254988660289
11.074712153676	0.64273025292399
11.046148047163	0.64291674224762
11.017730907755	0.64310935062824
10.989459604106	0.64330807397241
10.961333016453	0.64351290803739
10.933350036470	0.64372384842972
10.905509567115	0.64394089060368
10.877810522496	0.64416402985977
10.850251827723	0.64439326134307
10.822832418773	0.64462858004160
10.795551242348	0.64486998078458
10.768407255747	0.64511745824070
10.741399426729	0.64537100691625
10.714526733381	0.64563062115327
10.687788163993	0.64589629512765
10.661182716927	0.64616802284708
10.634709400497	0.64644579814909
10.608367232838	0.64672961469890
10.582155241793	0.64701946598734
10.556072464789	0.64731534532863
10.530117948718	0.64761724585812
10.504290749825	0.64792516053004
10.478589933590	0.64823908211513
10.453014574616	0.64855900319822
10.427563756522	0.64888491617584
10.402236571825	0.64921681325366
10.377032121841	0.64955468644397
10.351949516575	0.64989852756308
10.326987874612	0.65024832822866
10.302146323024	0.65060407985702
10.277423997257	0.65096577366040
10.252820041040	0.65133340064412
10.228333606278	0.65170695160375
10.203963852961	0.65208641712222
10.179709949066	0.65247178756684
10.155571070461	0.65286305308632
10.131546400811	0.65326020360772
10.107635131490	0.65366322883332
10.083836461487	0.65407211823754
10.060149597315	0.65448686106368
10.036573752929	0.65490744632070
10.013108149633	0.65533386277996
9.9897520159947	0.65576609897184
9.9665045877660	0.65620414318241
9.9433651077944	0.65664798344994
9.9203328259431	0.65709760756148
9.8974069990096	0.65755300304932
9.8745868906456	0.65801415718741
9.8518717712783	0.65848105698780
9.8292609180328	0.65895368919692
9.8067536146549	0.65943204029197
9.7843491514360	0.65991609647710
9.7620468251384	0.66040584367968
9.7398459389214	0.66090126754644
9.7177458022690	0.66140235343966
9.6957457309185	0.66190908643320
9.6738450467893	0.66242145130861
9.6520430779137	0.66293943255112
9.6303391583681	0.66346301434560
9.6087326282051	0.66399218057253
9.5872228333866	0.66452691480387
9.5658091257179	0.66506720029896
9.5444908627826	0.66561302000029
9.5232674078780	0.66616435652935
9.5021381299525	0.66672119218234
9.4811024035421	0.66728350892591
9.4601596087094	0.66785128839285
9.4393091309824	0.66842451187774
9.4185503612944	0.66900316033256
9.3978826959248	0.66958721436231
9.3773055364404	0.67017665422054
9.3568182896380	0.67077145980491
9.3364203674868	0.67137161065267
9.3161111870727	0.67197708593617
9.2958901705426	0.67258786445826
9.2757567450495	0.67320392464778
9.2557103426984	0.67382524455490
9.2357504004929	0.67445180184654
9.2158763602828	0.67508357380170
9.1960876687117	0.67572053730682
9.1763837771656	0.67636266885107
9.1567641417227	0.67700994452167
9.1372282231027	0.67766233999915
9.1177754866180	0.67831983055262
9.0984054021244	0.67898239103503
9.0791174439733	0.67964999587839
9.0599110909640	0.68032261908901
9.0407858262967	0.68100023424270
9.0217411375263	0.68168281447996
9.0027765165165	0.68237033250121
8.9838914593947	0.68306276056196
8.9650854665072	0.68376007046798
8.9463580423754	0.68446223357052
8.9277086956522	0.68516922076145
8.9091369390788	0.68588100246846
8.8906422894425	0.68659754865024
8.8722242675348	0.68731882879166
8.8538823981099	0.68804481189897
8.8356162098438	0.68877546649498
8.8174252352941	0.68951076061427
8.7993090108600	0.69025066179843
8.7812670767428	0.69099513709126
8.7632989769073	0.69174415303402
8.7454042590432	0.69249767566069
8.7275824745269	0.69325567049325
8.7098331783847	0.69401810253699
8.6921559292549	0.69478493627581
8.6745502893519	0.69555613566758
8.6570158244297	0.69633166413951
8.6395521037464	0.69711148458353
8.6221587000288	0.69789555935177
8.6048351894374	0.69868385025199
8.5875811515325	0.69947631854308
8.5703961692396	0.70027292493061
8.5532798288160	0.70107362956245
8.5362317198178	0.70187839202432
8.5192514350668	0.70268717133551
8.5023385706183	0.70349992594460
8.4854927257288	0.70431661372520
8.4687135028249	0.70513719197182
8.4520005074711	0.70596161739568
8.4353533483399	0.70678984612071
8.4187716371806	0.70762183367955
8.4022549887892	0.70845753500954
8.3858030209790	0.70929690444893
8.3694153545505	0.71013989573307
8.3530916132627	0.71098646199062
8.3368314238042	0.71183655573999
8.3206344157646	0.71269012888568
8.3045002216066	0.71354713271486
8.2884284766381	0.71440751789393
8.2724188189845	0.71527123446519
8.2564708895621	0.71613823184365
8.2405843320506	0.71700845881386
8.2247587928669	0.71788186352691
8.2089939211391	0.71875839349743
8.1932893686800	0.71963799560085
8.1776447899618	0.72052061607060
8.1620598420909	0.72140620049550
8.1465341847826	0.72229469381732
8.1310674803363	0.72318604032832
8.1156593936113	0.72408018366901
8.1003095920022	0.72497706682604
8.0850177454153	0.72587663213012
8.0697835262450	0.72677882125420
8.0546066093498	0.72768357521169
8.0394866720300	0.72859083435484
8.0244233940043	0.72950053837325
8.0094164573871	0.73041262629261
