#Parameters = {thARC=0.2; nARC=1.5; thsub=1; p=1; nSub=2.5}
#"Wavelength / um"	"T (338) [Real Part]"
#---------------------------------------
14.008993364486	0.81899750094387
13.963318956684	0.81901487759538
13.917941411328	0.81903231509129
13.872857843591	0.81904981335776
13.828065405904	0.81906737232131
13.783561287356	0.81908499190878
13.739342713107	0.81910267204738
13.695406943810	0.81912041266467
13.651751275046	0.81913821368854
13.608373036768	0.81915607504725
13.565269592760	0.81917399666943
13.522438340099	0.81919197848404
13.479876708633	0.81921002042043
13.437582160466	0.81922812240831
13.395552189455	0.81924628437774
13.353784320713	0.81926450625916
13.312276110124	0.81928278798339
13.271025143869	0.81930112948162
13.230029037952	0.81931953068541
13.189285437747	0.81933799152671
13.148792017544	0.81935651193784
13.108546480105	0.81937509185151
13.068546556234	0.81939373120081
13.028790004346	0.81941242991923
12.989274610052	0.81943118794062
12.949998185745	0.81945000519925
12.910958570198	0.81946888162977
12.872153628167	0.81948781716722
12.833581250000	0.81950681174705
12.795239351259	0.81952586530510
12.757125872340	0.81954497777761
12.719238778108	0.81956414910121
12.681576057530	0.81958337921295
12.644135723323	0.81960266805028
12.606915811606	0.81962201555104
12.569914381551	0.81964142165350
12.533129515050	0.81966088629632
12.496559316382	0.81968040941858
12.460201911887	0.81969999095977
12.424055449648	0.81971963085978
12.388118099174	0.81973932905893
12.352388051092	0.81975908549794
12.316863516845	0.81977890011795
12.281542728390	0.81979877286053
12.246423937908	0.81981870366764
12.211505417515	0.81983869248169
12.176785458976	0.81985873924547
12.142262373431	0.81987884390224
12.107934491115	0.81989900639563
12.073800161095	0.81991922666972
12.039857751004	0.81993950466901
12.006105646776	0.81995984033843
11.972542252396	0.81998023362330
11.939165989646	0.82000068446941
11.905975297855	0.82002119282294
11.872968633663	0.82004175863051
11.840144470774	0.82006238183916
11.807501299724	0.82008306239636
11.775037627651	0.82010380025001
11.742751978065	0.82012459534842
11.710642890625	0.82014544764035
11.678708920919	0.82016635707497
11.646948640249	0.82018732360189
11.615360635413	0.82020834717113
11.583943508501	0.82022942773315
11.552695876686	0.82025056523883
11.521616372022	0.82027175963950
11.490703641242	0.82029301088689
11.459956345566	0.82031431893317
11.429373160503	0.82033568373093
11.398952775665	0.82035710523320
11.368693894577	0.82037858339343
11.338595234493	0.82040011816550
11.308655526217	0.82042170950370
11.278873513920	0.82044335736277
11.249247954972	0.82046506169787
11.219777619760	0.82048682246457
11.190461291527	0.82050863961888
11.161297766195	0.82053051311723
11.132285852209	0.82055244291649
11.103424370370	0.82057442897392
11.074712153676	0.82059647124723
11.046148047163	0.82061856969454
11.017730907755	0.82064072427441
10.989459604106	0.82066293494579
10.961333016453	0.82068520166808
10.933350036470	0.82070752440108
10.905509567115	0.82072990310501
10.877810522496	0.82075233774053
10.850251827723	0.82077482826870
10.822832418773	0.82079737465098
10.795551242348	0.82081997684928
10.768407255747	0.82084263482590
10.741399426729	0.82086534854356
10.714526733381	0.82088811796538
10.687788163993	0.82091094305493
10.661182716927	0.82093382377614
10.634709400497	0.82095676009338
10.608367232838	0.82097975197142
10.582155241793	0.82100279937543
10.556072464789	0.82102590227100
10.530117948718	0.82104906062411
10.504290749825	0.82107227440114
10.478589933590	0.82109554356889
10.453014574616	0.82111886809454
10.427563756522	0.82114224794568
10.402236571825	0.82116568309030
10.377032121841	0.82118917349676
10.351949516575	0.82121271913385
10.326987874612	0.82123631997073
10.302146323024	0.82125997597695
10.277423997257	0.82128368712246
10.252820041040	0.82130745337759
10.228333606278	0.82133127471307
10.203963852961	0.82135515109998
10.179709949066	0.82137908250982
10.155571070461	0.82140306891445
10.131546400811	0.82142711028612
10.107635131490	0.82145120659745
10.083836461487	0.82147535782143
10.060149597315	0.82149956393144
10.036573752929	0.82152382490122
10.013108149633	0.82154814070487
9.9897520159947	0.82157251131689
9.9665045877660	0.82159693671211
9.9433651077944	0.82162141686574
9.9203328259431	0.82164595175336
9.8974069990096	0.82167054135088
9.8745868906456	0.82169518563462
9.8518717712783	0.82171988458119
9.8292609180328	0.82174463816761
9.8067536146549	0.82176944637122
9.7843491514360	0.82179430916971
9.7620468251384	0.82181922654114
9.7398459389214	0.82184419846388
9.7177458022690	0.82186922491668
9.6957457309185	0.82189430587861
9.6738450467893	0.82191944132906
9.6520430779137	0.82194463124780
9.6303391583681	0.82196987561489
9.6087326282051	0.82199517441074
9.5872228333866	0.82202052761611
9.5658091257179	0.82204593521204
9.5444908627826	0.82207139717993
9.5232674078780	0.82209691350149
9.5021381299525	0.82212248415875
9.4811024035421	0.82214810913405
9.4601596087094	0.82217378841005
9.4393091309824	0.82219952196973
9.4185503612944	0.82222530979636
9.3978826959248	0.82225115187353
9.3773055364404	0.82227704818513
9.3568182896380	0.82230299871536
9.3364203674868	0.82232900344870
9.3161111870727	0.82235506236995
9.2958901705426	0.82238117546417
9.2757567450495	0.82240734271676
9.2557103426984	0.82243356411335
9.2357504004929	0.82245983963991
9.2158763602828	0.82248616928266
9.1960876687117	0.82251255302811
9.1763837771656	0.82253899086305
9.1567641417227	0.82256548277453
9.1372282231027	0.82259202874990
9.1177754866180	0.82261862877675
9.0984054021244	0.82264528284296
9.0791174439733	0.82267199093665
9.0599110909640	0.82269875304623
9.0407858262967	0.82272556916035
9.0217411375263	0.82275243926792
9.0027765165165	0.82277936335809
8.9838914593947	0.82280634142029
8.9650854665072	0.82283337344416
8.9463580423754	0.82286045941961
8.9277086956522	0.82288759933678
8.9091369390788	0.82291479318606
8.8906422894425	0.82294204095807
8.8722242675348	0.82296934264364
8.8538823981099	0.82299669823387
8.8356162098438	0.82302410772006
8.8174252352941	0.82305157109374
8.7993090108600	0.82307908834666
8.7812670767428	0.82310665947080
8.7632989769073	0.82313428445833
8.7454042590432	0.82316196330165
8.7275824745269	0.82318969599338
8.7098331783847	0.82321748252631
8.6921559292549	0.82324532289348
8.6745502893519	0.82327321708809
8.6570158244297	0.82330116510355
8.6395521037464	0.82332916693349
8.6221587000288	0.82335722257168
8.6048351894374	0.82338533201213
8.5875811515325	0.82341349524900
8.5703961692396	0.82344171227665
8.5532798288160	0.82346998308962
8.5362317198178	0.82349830768261
8.5192514350668	0.82352668605051
8.5023385706183	0.82355511818837
8.4854927257288	0.82358360409142
8.4687135028249	0.82361214375504
8.4520005074711	0.82364073717479
8.4353533483399	0.82366938434636
8.4187716371806	0.82369808526561
8.4022549887892	0.82372683992857
8.3858030209790	0.82375564833139
8.3694153545505	0.82378451047038
8.3530916132627	0.82381342634200
8.3368314238042	0.82384239594283
8.3206344157646	0.82387141926961
8.3045002216066	0.82390049631920
8.2884284766381	0.82392962708859
8.2724188189845	0.82395881157491
8.2564708895621	0.82398804977540
8.2405843320506	0.82401734168743
8.2247587928669	0.82404668730850
8.2089939211391	0.82407608663621
8.1932893686800	0.82410553966827
8.1776447899618	0.82413504640251
8.1620598420909	0.82416460683688
8.1465341847826	0.82419422096939
8.1310674803363	0.82422388879821
8.1156593936113	0.82425361032156
8.1003095920022	0.82428338553778
8.0850177454153	0.82431321444529
8.0697835262450	0.82434309704261
8.0546066093498	0.82437303332834
8.0394866720300	0.82440302330116
8.0244233940043	0.82443306695984
8.0094164573871	0.82446316430321
