#Parameters = {thARC=0.4; nARC=1.75; thsub=1; p=1; nSub=2.5}
#"Wavelength / um"	"T (345) [Real Part]"
#---------------------------------------
14.008993364486	0.83027840574854
13.963318956684	0.83037014209700
13.917941411328	0.83046202666673
13.872857843591	0.83055406176026
13.828065405904	0.83064624965089
13.783561287356	0.83073859258287
13.739342713107	0.83083109277150
13.695406943810	0.83092375240325
13.651751275046	0.83101657363598
13.608373036768	0.83110955859899
13.565269592760	0.83120270939323
13.522438340099	0.83129602809140
13.479876708633	0.83138951673812
13.437582160466	0.83148317735006
13.395552189455	0.83157701191610
13.353784320713	0.83167102239745
13.312276110124	0.83176521072783
13.271025143869	0.83185957881358
13.230029037952	0.83195412853384
13.189285437747	0.83204886174067
13.148792017544	0.83214378025924
13.108546480105	0.83223888588793
13.068546556234	0.83233418039851
13.028790004346	0.83242966553628
12.989274610052	0.83252534302024
12.949998185745	0.83262121454321
12.910958570198	0.83271728177201
12.872153628167	0.83281354634758
12.833581250000	0.83291000988518
12.795239351259	0.83300667397451
12.757125872340	0.83310354017985
12.719238778108	0.83320061004026
12.681576057530	0.83329788506969
12.644135723323	0.83339536675719
12.606915811606	0.83349305656698
12.569914381551	0.83359095593870
12.533129515050	0.83368906628749
12.496559316382	0.83378738900419
12.460201911887	0.83388592545549
12.424055449648	0.83398467698407
12.388118099174	0.83408364490879
12.352388051092	0.83418283052479
12.316863516845	0.83428223510372
12.281542728390	0.83438185989383
12.246423937908	0.83448170612019
12.211505417515	0.83458177498480
12.176785458976	0.83468206766676
12.142262373431	0.83478258532246
12.107934491115	0.83488332908568
12.073800161095	0.83498430006780
12.039857751004	0.83508549935796
12.006105646776	0.83518692802316
11.972542252396	0.83528858710850
11.939165989646	0.83539047763727
11.905975297855	0.83549260061115
11.872968633663	0.83559495701036
11.840144470774	0.83569754779381
11.807501299724	0.83580037389928
11.775037627651	0.83590343624356
11.742751978065	0.83600673572260
11.710642890625	0.83611027321171
11.678708920919	0.83621404956569
11.646948640249	0.83631806561898
11.615360635413	0.83642232218584
11.583943508501	0.83652682006052
11.552695876686	0.83663156001738
11.521616372022	0.83673654281109
11.490703641242	0.83684176917675
11.459956345566	0.83694723983009
11.429373160503	0.83705295546761
11.398952775665	0.83715891676671
11.368693894577	0.83726512438590
11.338595234493	0.83737157896494
11.308655526217	0.83747828112498
11.278873513920	0.83758523146874
11.249247954972	0.83769243058064
11.219777619760	0.83779987902700
11.190461291527	0.83790757735616
11.161297766195	0.83801552609866
11.132285852209	0.83812372576740
11.103424370370	0.83823217685775
11.074712153676	0.83834087984778
11.046148047163	0.83844983519837
11.017730907755	0.83855904335335
10.989459604106	0.83866850473972
10.961333016453	0.83877821976773
10.933350036470	0.83888818883111
10.905509567115	0.83899841230714
10.877810522496	0.83910889055690
10.850251827723	0.83921962392533
10.822832418773	0.83933061274148
10.795551242348	0.83944185731856
10.768407255747	0.83955335795418
10.741399426729	0.83966511493047
10.714526733381	0.83977712851421
10.687788163993	0.83988939895702
10.661182716927	0.84000192649549
10.634709400497	0.84011471135135
10.608367232838	0.84022775373159
10.582155241793	0.84034105382863
10.556072464789	0.84045461182048
10.530117948718	0.84056842787088
10.504290749825	0.84068250212943
10.478589933590	0.84079683473176
10.453014574616	0.84091142579969
10.427563756522	0.84102627544136
10.402236571825	0.84114138375135
10.377032121841	0.84125675081090
10.351949516575	0.84137237668798
10.326987874612	0.84148826143748
10.302146323024	0.84160440510136
10.277423997257	0.84172080770874
10.252820041040	0.84183746927612
10.228333606278	0.84195438980747
10.203963852961	0.84207156929439
10.179709949066	0.84218900771627
10.155571070461	0.84230670504039
10.131546400811	0.84242466122210
10.107635131490	0.84254287620495
10.083836461487	0.84266134992083
10.060149597315	0.84278008229010
10.036573752929	0.84289907322175
10.013108149633	0.84301832261350
9.9897520159947	0.84313783035199
9.9665045877660	0.84325759631289
9.9433651077944	0.84337762036103
9.9203328259431	0.84349790235055
9.8974069990096	0.84361844212504
9.8745868906456	0.84373923951763
9.8518717712783	0.84386029435121
9.8292609180328	0.84398160643849
9.8067536146549	0.84410317558214
9.7843491514360	0.84422500157498
9.7620468251384	0.84434708420004
9.7398459389214	0.84446942323073
9.7177458022690	0.84459201843097
9.6957457309185	0.84471486955532
9.6738450467893	0.84483797634908
9.6520430779137	0.84496133854846
9.6303391583681	0.84508495588068
9.6087326282051	0.84520882806411
9.5872228333866	0.84533295480840
9.5658091257179	0.84545733581457
9.5444908627826	0.84558197077520
9.5232674078780	0.84570685937448
9.5021381299525	0.84583200128841
9.4811024035421	0.84595739618486
9.4601596087094	0.84608304372372
9.4393091309824	0.84620894355701
9.4185503612944	0.84633509532902
9.3978826959248	0.84646149867642
9.3773055364404	0.84658815322837
9.3568182896380	0.84671505860664
9.3364203674868	0.84684221442574
9.3161111870727	0.84696962029303
9.2958901705426	0.84709727580885
9.2757567450495	0.84722518056660
9.2557103426984	0.84735333415288
9.2357504004929	0.84748173614761
9.2158763602828	0.84761038612413
9.1960876687117	0.84773928364932
9.1763837771656	0.84786842828370
9.1567641417227	0.84799781958154
9.1372282231027	0.84812745709102
9.1177754866180	0.84825734035424
9.0984054021244	0.84838746890742
9.0791174439733	0.84851784228098
9.0599110909640	0.84864845999962
9.0407858262967	0.84877932158245
9.0217411375263	0.84891042654311
9.0027765165165	0.84904177438983
8.9838914593947	0.84917336462558
8.9650854665072	0.84930519674815
8.9463580423754	0.84943727025026
8.9277086956522	0.84956958461962
8.9091369390788	0.84970213933913
8.8906422894425	0.84983493388685
8.8722242675348	0.84996796773622
8.8538823981099	0.85010124035606
8.8356162098438	0.85023475121075
8.8174252352941	0.85036849976024
8.7993090108600	0.85050248546024
8.7812670767428	0.85063670776224
8.7632989769073	0.85077116611363
8.7454042590432	0.85090585995779
8.7275824745269	0.85104078873421
8.7098331783847	0.85117595187853
8.6921559292549	0.85131134882267
8.6745502893519	0.85144697899491
8.6570158244297	0.85158284181997
8.6395521037464	0.85171893671910
8.6221587000288	0.85185526311017
8.6048351894374	0.85199182040778
8.5875811515325	0.85212860802329
8.5703961692396	0.85226562536497
8.5532798288160	0.85240287183802
8.5362317198178	0.85254034684470
8.5192514350668	0.85267804978440
8.5023385706183	0.85281598005371
8.4854927257288	0.85295413704651
8.4687135028249	0.85309252015405
8.4520005074711	0.85323112876501
8.4353533483399	0.85336996226563
8.4187716371806	0.85350902003971
8.4022549887892	0.85364830146875
8.3858030209790	0.85378780593201
8.3694153545505	0.85392753280654
8.3530916132627	0.85406748146734
8.3368314238042	0.85420765128734
8.3206344157646	0.85434804163754
8.3045002216066	0.85448865188704
8.2884284766381	0.85462948140316
8.2724188189845	0.85477052955143
8.2564708895621	0.85491179569573
8.2405843320506	0.85505327919834
8.2247587928669	0.85519497941998
8.2089939211391	0.85533689571989
8.1932893686800	0.85547902745593
8.1776447899618	0.85562137398458
8.1620598420909	0.85576393466107
8.1465341847826	0.85590670883939
8.1310674803363	0.85604969587237
8.1156593936113	0.85619289511176
8.1003095920022	0.85633630590825
8.0850177454153	0.85647992761158
8.0697835262450	0.85662375957055
8.0546066093498	0.85676780113311
8.0394866720300	0.85691205164640
8.0244233940043	0.85705651045681
8.0094164573871	0.85720117691003
