#Parameters = {thARC=0.8; nARC=1.5; thsub=1; p=1; nSub=2.5}
#"Wavelength / um"	"T (341) [Real Part]"
#---------------------------------------
14.008993364486	0.85762871319518
13.963318956684	0.85789732726743
13.917941411328	0.85816598215509
13.872857843591	0.85843468483475
13.828065405904	0.85870344220356
13.783561287356	0.85897226107923
13.739342713107	0.85924114819996
13.695406943810	0.85951011022436
13.651751275046	0.85977915373141
13.608373036768	0.86004828522044
13.565269592760	0.86031751111109
13.522438340099	0.86058683774326
13.479876708633	0.86085627137711
13.437582160466	0.86112581819307
13.395552189455	0.86139548429177
13.353784320713	0.86166527569410
13.312276110124	0.86193519834117
13.271025143869	0.86220525809435
13.230029037952	0.86247546073527
13.189285437747	0.86274581196585
13.148792017544	0.86301631740832
13.108546480105	0.86328698260527
13.068546556234	0.86355781301967
13.028790004346	0.86382881403493
12.989274610052	0.86409999095496
12.949998185745	0.86437134900420
12.910958570198	0.86464289332770
12.872153628167	0.86491462899119
12.833581250000	0.86518656098113
12.795239351259	0.86545869420484
12.757125872340	0.86573103349053
12.719238778108	0.86600358358742
12.681576057530	0.86627634916581
12.644135723323	0.86654933481721
12.606915811606	0.86682254505444
12.569914381551	0.86709598431172
12.533129515050	0.86736965694478
12.496559316382	0.86764356723103
12.460201911887	0.86791771936961
12.424055449648	0.86819211748160
12.388118099174	0.86846676561008
12.352388051092	0.86874166772034
12.316863516845	0.86901682769993
12.281542728390	0.86929224935893
12.246423937908	0.86956793642999
12.211505417515	0.86984389256855
12.176785458976	0.87012012135300
12.142262373431	0.87039662628481
12.107934491115	0.87067341078874
12.073800161095	0.87095047821297
12.039857751004	0.87122783182935
12.006105646776	0.87150547483350
11.972542252396	0.87178341034505
11.939165989646	0.87206164140782
11.905975297855	0.87234017099001
11.872968633663	0.87261900198440
11.840144470774	0.87289813720855
11.807501299724	0.87317757940503
11.775037627651	0.87345733124159
11.742751978065	0.87373739531140
11.710642890625	0.87401777413327
11.678708920919	0.87429847015187
11.646948640249	0.87457948573794
11.615360635413	0.87486082318855
11.583943508501	0.87514248472729
11.552695876686	0.87542447250454
11.521616372022	0.87570678859769
11.490703641242	0.87598943501141
11.459956345566	0.87627241367787
11.429373160503	0.87655572645698
11.398952775665	0.87683937513667
11.368693894577	0.87712336143314
11.338595234493	0.87740768699110
11.308655526217	0.87769235338407
11.278873513920	0.87797736211459
11.249247954972	0.87826271461453
11.219777619760	0.87854841224536
11.190461291527	0.87883445629841
11.161297766195	0.87912084799514
11.132285852209	0.87940758848742
11.103424370370	0.87969467885786
11.074712153676	0.87998212012002
11.046148047163	0.88026991321875
11.017730907755	0.88055805903047
10.989459604106	0.88084655836345
10.961333016453	0.88113541195811
10.933350036470	0.88142462048733
10.905509567115	0.88171418455676
10.877810522496	0.88200410470506
10.850251827723	0.88229438140430
10.822832418773	0.88258501506020
10.795551242348	0.88287600601245
10.768407255747	0.88316735453504
10.741399426729	0.88345906083659
10.714526733381	0.88375112506060
10.687788163993	0.88404354728586
10.661182716927	0.88433632752668
10.634709400497	0.88462946573330
10.608367232838	0.88492296179215
10.582155241793	0.88521681552620
10.556072464789	0.88551102669531
10.530117948718	0.88580559499653
10.504290749825	0.88610052006443
10.478589933590	0.88639580147150
10.453014574616	0.88669143872837
10.427563756522	0.88698743128429
10.402236571825	0.88728377852734
10.377032121841	0.88758047978486
10.351949516575	0.88787753432376
10.326987874612	0.88817494135087
10.302146323024	0.88847270001329
10.277423997257	0.88877080939872
10.252820041040	0.88906926853587
10.228333606278	0.88936807639471
10.203963852961	0.88966723188695
10.179709949066	0.88996673386628
10.155571070461	0.89026658112879
10.131546400811	0.89056677241331
10.107635131490	0.89086730640180
10.083836461487	0.89116818171965
10.060149597315	0.89146939693608
10.036573752929	0.89177095056453
10.013108149633	0.89207284106294
9.9897520159947	0.89237506683423
9.9665045877660	0.89267762622656
9.9433651077944	0.89298051753376
9.9203328259431	0.89328373899569
9.8974069990096	0.89358728879860
9.8745868906456	0.89389116507550
9.8518717712783	0.89419536590654
9.8292609180328	0.89449988931938
9.8067536146549	0.89480473328957
9.7843491514360	0.89510989574092
9.7620468251384	0.89541537454587
9.7398459389214	0.89572116752588
9.7177458022690	0.89602727245180
9.6957457309185	0.89633368704425
9.6738450467893	0.89664040897400
9.6520430779137	0.89694743586235
9.6303391583681	0.89725476528151
9.6087326282051	0.89756239475498
9.5872228333866	0.89787032175796
9.5658091257179	0.89817854371767
9.5444908627826	0.89848705801380
9.5232674078780	0.89879586197885
9.5021381299525	0.89910495289855
9.4811024035421	0.89941432801221
9.4601596087094	0.89972398451313
9.4393091309824	0.90003391954898
9.4185503612944	0.90034413022219
9.3978826959248	0.90065461359032
9.3773055364404	0.90096536666648
9.3568182896380	0.90127638641969
9.3364203674868	0.90158766977527
9.3161111870727	0.90189921361526
9.2958901705426	0.90221101477876
9.2757567450495	0.90252307006236
9.2557103426984	0.90283537622053
9.2357504004929	0.90314792996595
9.2158763602828	0.90346072797000
9.1960876687117	0.90377376686307
9.1763837771656	0.90408704323496
9.1567641417227	0.90440055363532
9.1372282231027	0.90471429457398
9.1177754866180	0.90502826252140
9.0984054021244	0.90534245390900
9.0791174439733	0.90565686512959
9.0599110909640	0.90597149253777
9.0407858262967	0.90628633245026
9.0217411375263	0.90660138114639
9.0027765165165	0.90691663486839
8.9838914593947	0.90723208982185
8.9650854665072	0.90754774217607
8.9463580423754	0.90786358806447
8.9277086956522	0.90817962358499
8.9091369390788	0.90849584480045
8.8906422894425	0.90881224773898
8.8722242675348	0.90912882839436
8.8538823981099	0.90944558272645
8.8356162098438	0.90976250666158
8.8174252352941	0.91007959609290
8.7993090108600	0.91039684688081
8.7812670767428	0.91071425485333
8.7632989769073	0.91103181580649
8.7454042590432	0.91134952550472
8.7275824745269	0.91166737968123
8.7098331783847	0.91198537403840
8.6921559292549	0.91230350424819
8.6745502893519	0.91262176595248
8.6570158244297	0.91294015476349
8.6395521037464	0.91325866626416
8.6221587000288	0.91357729600854
8.6048351894374	0.91389603952212
8.5875811515325	0.91421489230232
8.5703961692396	0.91453384981876
8.5532798288160	0.91485290751371
8.5362317198178	0.91517206080246
8.5192514350668	0.91549130507369
8.5023385706183	0.91581063568986
8.4854927257288	0.91613004798757
8.4687135028249	0.91644953727796
8.4520005074711	0.91676909884709
8.4353533483399	0.91708872795630
8.4187716371806	0.91740841984260
8.4022549887892	0.91772816971904
8.3858030209790	0.91804797277509
8.3694153545505	0.91836782417699
8.3530916132627	0.91868771906819
8.3368314238042	0.91900765256961
8.3206344157646	0.91932761978015
8.3045002216066	0.91964761577692
8.2884284766381	0.91996763561573
8.2724188189845	0.92028767433138
8.2564708895621	0.92060772693807
8.2405843320506	0.92092778842973
8.2247587928669	0.92124785378043
8.2089939211391	0.92156791794471
8.1932893686800	0.92188797585796
8.1776447899618	0.92220802243677
8.1620598420909	0.92252805257931
8.1465341847826	0.92284806116569
8.1310674803363	0.92316804305828
8.1156593936113	0.92348799310212
8.1003095920022	0.92380790612526
8.0850177454153	0.92412777693910
8.0697835262450	0.92444760033876
8.0546066093498	0.92476737110342
8.0394866720300	0.92508708399671
8.0244233940043	0.92540673376700
8.0094164573871	0.92572631514781
