#Parameters = {thARC=0; nARC=1.25; thsub=1; p=1; nSub=2.75}
#"Wavelength / um"	"T (385) [Real Part]"
#---------------------------------------
14.008993364486	0.78222125958836
13.963318956684	0.78222125510165
13.917941411328	0.78222125053612
13.872857843591	0.78222124589481
13.828065405904	0.78222124118075
13.783561287356	0.78222123639693
13.739342713107	0.78222123154633
13.695406943810	0.78222122663189
13.651751275046	0.78222122165654
13.608373036768	0.78222121662318
13.565269592760	0.78222121153470
13.522438340099	0.78222120639394
13.479876708633	0.78222120120375
13.437582160466	0.78222119596691
13.395552189455	0.78222119068622
13.353784320713	0.78222118536444
13.312276110124	0.78222118000430
13.271025143869	0.78222117460851
13.230029037952	0.78222116917976
13.189285437747	0.78222116372070
13.148792017544	0.78222115823398
13.108546480105	0.78222115272221
13.068546556234	0.78222114718798
13.028790004346	0.78222114163385
12.989274610052	0.78222113606237
12.949998185745	0.78222113047604
12.910958570198	0.78222112487737
12.872153628167	0.78222111926882
12.833581250000	0.78222111365283
12.795239351259	0.78222110803183
12.757125872340	0.78222110240819
12.719238778108	0.78222109678431
12.681576057530	0.78222109116251
12.644135723323	0.78222108554512
12.606915811606	0.78222107993444
12.569914381551	0.78222107433274
12.533129515050	0.78222106874227
12.496559316382	0.78222106316524
12.460201911887	0.78222105760386
12.424055449648	0.78222105206030
12.388118099174	0.78222104653671
12.352388051092	0.78222104103522
12.316863516845	0.78222103555792
12.281542728390	0.78222103010689
12.246423937908	0.78222102468418
12.211505417515	0.78222101929183
12.176785458976	0.78222101393182
12.142262373431	0.78222100860614
12.107934491115	0.78222100331674
12.073800161095	0.78222099806555
12.039857751004	0.78222099285448
12.006105646776	0.78222098768541
11.972542252396	0.78222098256018
11.939165989646	0.78222097748064
11.905975297855	0.78222097244859
11.872968633663	0.78222096746581
11.840144470774	0.78222096253407
11.807501299724	0.78222095765508
11.775037627651	0.78222095283058
11.742751978065	0.78222094806223
11.710642890625	0.78222094335170
11.678708920919	0.78222093870064
11.646948640249	0.78222093411065
11.615360635413	0.78222092958332
11.583943508501	0.78222092512021
11.552695876686	0.78222092072288
11.521616372022	0.78222091639283
11.490703641242	0.78222091213155
11.459956345566	0.78222090794053
11.429373160503	0.78222090382120
11.398952775665	0.78222089977498
11.368693894577	0.78222089580327
11.338595234493	0.78222089190745
11.308655526217	0.78222088808887
11.278873513920	0.78222088434884
11.249247954972	0.78222088068869
11.219777619760	0.78222087710967
11.190461291527	0.78222087361306
11.161297766195	0.78222087020009
11.132285852209	0.78222086687195
11.103424370370	0.78222086362984
11.074712153676	0.78222086047493
11.046148047163	0.78222085740834
11.017730907755	0.78222085443120
10.989459604106	0.78222085154460
10.961333016453	0.78222084874961
10.933350036470	0.78222084604727
10.905509567115	0.78222084343861
10.877810522496	0.78222084092464
10.850251827723	0.78222083850632
10.822832418773	0.78222083618462
10.795551242348	0.78222083396046
10.768407255747	0.78222083183477
10.741399426729	0.78222082980842
10.714526733381	0.78222082788227
10.687788163993	0.78222082605719
10.661182716927	0.78222082433398
10.634709400497	0.78222082271344
10.608367232838	0.78222082119635
10.582155241793	0.78222081978346
10.556072464789	0.78222081847551
10.530117948718	0.78222081727320
10.504290749825	0.78222081617723
10.478589933590	0.78222081518825
10.453014574616	0.78222081430692
10.427563756522	0.78222081353386
10.402236571825	0.78222081286966
10.377032121841	0.78222081231492
10.351949516575	0.78222081187018
10.326987874612	0.78222081153599
10.302146323024	0.78222081131286
10.277423997257	0.78222081120129
10.252820041040	0.78222081120175
10.228333606278	0.78222081131469
10.203963852961	0.78222081154055
10.179709949066	0.78222081187974
10.155571070461	0.78222081233264
10.131546400811	0.78222081289964
10.107635131490	0.78222081358107
10.083836461487	0.78222081437727
10.060149597315	0.78222081528855
10.036573752929	0.78222081631519
10.013108149633	0.78222081745747
9.9897520159947	0.78222081871564
9.9665045877660	0.78222082008991
9.9433651077944	0.78222082158051
9.9203328259431	0.78222082318762
9.8974069990096	0.78222082491141
9.8745868906456	0.78222082675204
9.8518717712783	0.78222082870962
9.8292609180328	0.78222083078428
9.8067536146549	0.78222083297611
9.7843491514360	0.78222083528518
9.7620468251384	0.78222083771154
9.7398459389214	0.78222084025523
9.7177458022690	0.78222084291627
9.6957457309185	0.78222084569466
9.6738450467893	0.78222084859037
9.6520430779137	0.78222085160336
9.6303391583681	0.78222085473358
9.6087326282051	0.78222085798096
9.5872228333866	0.78222086134539
9.5658091257179	0.78222086482678
9.5444908627826	0.78222086842498
9.5232674078780	0.78222087213985
9.5021381299525	0.78222087597123
9.4811024035421	0.78222087991894
9.4601596087094	0.78222088398276
9.4393091309824	0.78222088816250
9.4185503612944	0.78222089245791
9.3978826959248	0.78222089686874
9.3773055364404	0.78222090139472
9.3568182896380	0.78222090603557
9.3364203674868	0.78222091079099
9.3161111870727	0.78222091566066
9.2958901705426	0.78222092064423
9.2757567450495	0.78222092574138
9.2557103426984	0.78222093095171
9.2357504004929	0.78222093627485
9.2158763602828	0.78222094171041
9.1960876687117	0.78222094725796
9.1763837771656	0.78222095291707
9.1567641417227	0.78222095868731
9.1372282231027	0.78222096456819
9.1177754866180	0.78222097055925
9.0984054021244	0.78222097666000
9.0791174439733	0.78222098286992
9.0599110909640	0.78222098918850
9.0407858262967	0.78222099561519
9.0217411375263	0.78222100214944
9.0027765165165	0.78222100879068
8.9838914593947	0.78222101553834
8.9650854665072	0.78222102239182
8.9463580423754	0.78222102935050
8.9277086956522	0.78222103641376
8.9091369390788	0.78222104358097
8.8906422894425	0.78222105085147
8.8722242675348	0.78222105822459
8.8538823981099	0.78222106569966
8.8356162098438	0.78222107327598
8.8174252352941	0.78222108095284
8.7993090108600	0.78222108872953
8.7812670767428	0.78222109660532
8.7632989769073	0.78222110457945
8.7454042590432	0.78222111265118
8.7275824745269	0.78222112081972
8.7098331783847	0.78222112908430
8.6921559292549	0.78222113744412
8.6745502893519	0.78222114589837
8.6570158244297	0.78222115444623
8.6395521037464	0.78222116308687
8.6221587000288	0.78222117181945
8.6048351894374	0.78222118064310
8.5875811515325	0.78222118955697
8.5703961692396	0.78222119856018
8.5532798288160	0.78222120765182
8.5362317198178	0.78222121683101
8.5192514350668	0.78222122609683
8.5023385706183	0.78222123544836
8.4854927257288	0.78222124488466
8.4687135028249	0.78222125440479
8.4520005074711	0.78222126400780
8.4353533483399	0.78222127369271
8.4187716371806	0.78222128345856
8.4022549887892	0.78222129330436
8.3858030209790	0.78222130322911
8.3694153545505	0.78222131323180
8.3530916132627	0.78222132331143
8.3368314238042	0.78222133346697
8.3206344157646	0.78222134369738
8.3045002216066	0.78222135400163
8.2884284766381	0.78222136437865
8.2724188189845	0.78222137482739
8.2564708895621	0.78222138534678
8.2405843320506	0.78222139593574
8.2247587928669	0.78222140659319
8.2089939211391	0.78222141731802
8.1932893686800	0.78222142810914
8.1776447899618	0.78222143896543
8.1620598420909	0.78222144988577
8.1465341847826	0.78222146086904
8.1310674803363	0.78222147191409
8.1156593936113	0.78222148301980
8.1003095920022	0.78222149418500
8.0850177454153	0.78222150540854
8.0697835262450	0.78222151668925
8.0546066093498	0.78222152802597
8.0394866720300	0.78222153941751
8.0244233940043	0.78222155086269
8.0094164573871	0.78222156236032
