#Parameters = {thARC=0.2; nARC=1.75; thsub=1; p=1; nSub=2.75}
#"Wavelength / um"	"T (398) [Real Part]"
#---------------------------------------
14.008993364486	0.78640074185137
13.963318956684	0.78642883400309
13.917941411328	0.78645695094652
13.872857843591	0.78648509412347
13.828065405904	0.78651326495629
13.783561287356	0.78654146484808
13.739342713107	0.78656969518275
13.695406943810	0.78659795732517
13.651751275046	0.78662625262133
13.608373036768	0.78665458239847
13.565269592760	0.78668294796516
13.522438340099	0.78671135061149
13.479876708633	0.78673979160918
13.437582160466	0.78676827221172
13.395552189455	0.78679679365449
13.353784320713	0.78682535715490
13.312276110124	0.78685396391255
13.271025143869	0.78688261510929
13.230029037952	0.78691131190946
13.189285437747	0.78694005545991
13.148792017544	0.78696884689023
13.108546480105	0.78699768731281
13.068546556234	0.78702657782303
13.028790004346	0.78705551949936
12.989274610052	0.78708451340349
12.949998185745	0.78711356058049
12.910958570198	0.78714266205892
12.872153628167	0.78717181885097
12.833581250000	0.78720103195262
12.795239351259	0.78723030234370
12.757125872340	0.78725963098812
12.719238778108	0.78728901883392
12.681576057530	0.78731846681345
12.644135723323	0.78734797584349
12.606915811606	0.78737754682539
12.569914381551	0.78740718064517
12.533129515050	0.78743687817370
12.496559316382	0.78746664026680
12.460201911887	0.78749646776539
12.424055449648	0.78752636149560
12.388118099174	0.78755632226891
12.352388051092	0.78758635088232
12.316863516845	0.78761644811841
12.281542728390	0.78764661474554
12.246423937908	0.78767685151791
12.211505417515	0.78770715917577
12.176785458976	0.78773753844549
12.142262373431	0.78776799003972
12.107934491115	0.78779851465750
12.073800161095	0.78782911298442
12.039857751004	0.78785978569271
12.006105646776	0.78789053344140
11.972542252396	0.78792135687644
11.939165989646	0.78795225663082
11.905975297855	0.78798323332471
11.872968633663	0.78801428756559
11.840144470774	0.78804541994834
11.807501299724	0.78807663105545
11.775037627651	0.78810792145704
11.742751978065	0.78813929171109
11.710642890625	0.78817074236349
11.678708920919	0.78820227394820
11.646948640249	0.78823388698737
11.615360635413	0.78826558199148
11.583943508501	0.78829735945943
11.552695876686	0.78832921987869
11.521616372022	0.78836116372542
11.490703641242	0.78839319146461
11.459956345566	0.78842530355016
11.429373160503	0.78845750042504
11.398952775665	0.78848978252141
11.368693894577	0.78852215026072
11.338595234493	0.78855460405385
11.308655526217	0.78858714430124
11.278873513920	0.78861977139298
11.249247954972	0.78865248570896
11.219777619760	0.78868528761896
11.190461291527	0.78871817748281
11.161297766195	0.78875115565048
11.132285852209	0.78878422246220
11.103424370370	0.78881737824859
11.074712153676	0.78885062333076
11.046148047163	0.78888395802044
11.017730907755	0.78891738262011
10.989459604106	0.78895089742309
10.961333016453	0.78898450271365
10.933350036470	0.78901819876718
10.905509567115	0.78905198585023
10.877810522496	0.78908586422068
10.850251827723	0.78911983412782
10.822832418773	0.78915389581250
10.795551242348	0.78918804950719
10.768407255747	0.78922229543614
10.741399426729	0.78925663381547
10.714526733381	0.78929106485327
10.687788163993	0.78932558874975
10.661182716927	0.78936020569731
10.634709400497	0.78939491588065
10.608367232838	0.78942971947692
10.582155241793	0.78946461665576
10.556072464789	0.78949960757950
10.530117948718	0.78953469240316
10.504290749825	0.78956987127465
10.478589933590	0.78960514433481
10.453014574616	0.78964051171757
10.427563756522	0.78967597355000
10.402236571825	0.78971152995244
10.377032121841	0.78974718103863
10.351949516575	0.78978292691576
10.326987874612	0.78981876768460
10.302146323024	0.78985470343963
10.277423997257	0.78989073426906
10.252820041040	0.78992686025503
10.228333606278	0.78996308147364
10.203963852961	0.78999939799506
10.179709949066	0.79003580988366
10.155571070461	0.79007231719806
10.131546400811	0.79010891999129
10.107635131490	0.79014561831082
10.083836461487	0.79018241219869
10.060149597315	0.79021930169162
10.036573752929	0.79025628682106
10.013108149633	0.79029336761334
9.9897520159947	0.79033054408970
9.9665045877660	0.79036781626644
9.9433651077944	0.79040518415499
9.9203328259431	0.79044264776198
9.8974069990096	0.79048020708936
9.8745868906456	0.79051786213448
9.8518717712783	0.79055561289020
9.8292609180328	0.79059345934492
9.8067536146549	0.79063140148273
9.7843491514360	0.79066943928348
9.7620468251384	0.79070757272285
9.7398459389214	0.79074580177244
9.7177458022690	0.79078412639987
9.6957457309185	0.79082254656887
9.6738450467893	0.79086106223932
9.6520430779137	0.79089967336740
9.6303391583681	0.79093837990561
9.6087326282051	0.79097718180290
9.5872228333866	0.79101607900470
9.5658091257179	0.79105507145307
9.5444908627826	0.79109415908671
9.5232674078780	0.79113334184108
9.5021381299525	0.79117261964847
9.4811024035421	0.79121199243808
9.4601596087094	0.79125146013610
9.4393091309824	0.79129102266575
9.4185503612944	0.79133067994742
9.3978826959248	0.79137043189869
9.3773055364404	0.79141027843444
9.3568182896380	0.79145021946690
9.3364203674868	0.79149025490574
9.3161111870727	0.79153038465812
9.2958901705426	0.79157060862879
9.2757567450495	0.79161092672015
9.2557103426984	0.79165133883230
9.2357504004929	0.79169184486314
9.2158763602828	0.79173244470843
9.1960876687117	0.79177313826185
9.1763837771656	0.79181392541506
9.1567641417227	0.79185480605779
9.1372282231027	0.79189578007789
9.1177754866180	0.79193684736141
9.0984054021244	0.79197800779265
9.0791174439733	0.79201926125421
9.0599110909640	0.79206060762709
9.0407858262967	0.79210204679073
9.0217411375263	0.79214357862309
9.0027765165165	0.79218520300066
8.9838914593947	0.79222691979860
8.9650854665072	0.79226872889074
8.9463580423754	0.79231063014964
8.9277086956522	0.79235262344669
8.9091369390788	0.79239470865214
8.8906422894425	0.79243688563514
8.8722242675348	0.79247915426383
8.8538823981099	0.79252151440540
8.8356162098438	0.79256396592608
8.8174252352941	0.79260650869129
8.7993090108600	0.79264914256561
8.7812670767428	0.79269186741289
8.7632989769073	0.79273468309627
8.7454042590432	0.79277758947823
8.7275824745269	0.79282058642068
8.7098331783847	0.79286367378495
8.6921559292549	0.79290685143189
8.6745502893519	0.79295011922190
8.6570158244297	0.79299347701498
8.6395521037464	0.79303692467076
8.6221587000288	0.79308046204858
8.6048351894374	0.79312408900752
8.5875811515325	0.79316780540642
8.5703961692396	0.79321161110397
8.5532798288160	0.79325550595874
8.5362317198178	0.79329948982919
8.5192514350668	0.79334356257376
8.5023385706183	0.79338772405088
8.4854927257288	0.79343197411903
8.4687135028249	0.79347631263677
8.4520005074711	0.79352073946279
8.4353533483399	0.79356525445592
8.4187716371806	0.79360985747521
8.4022549887892	0.79365454837996
8.3858030209790	0.79369932702972
8.3694153545505	0.79374419328437
8.3530916132627	0.79378914700415
8.3368314238042	0.79383418804965
8.3206344157646	0.79387931628193
8.3045002216066	0.79392453156245
8.2884284766381	0.79396983375321
8.2724188189845	0.79401522271669
8.2564708895621	0.79406069831595
8.2405843320506	0.79410626041463
8.2247587928669	0.79415190887697
8.2089939211391	0.79419764356788
8.1932893686800	0.79424346435294
8.1776447899618	0.79428937109841
8.1620598420909	0.79433536367133
8.1465341847826	0.79438144193948
8.1310674803363	0.79442760577141
8.1156593936113	0.79447385503651
8.1003095920022	0.79452018960502
8.0850177454153	0.79456660934803
8.0697835262450	0.79461311413754
8.0546066093498	0.79465970384644
8.0394866720300	0.79470637834859
8.0244233940043	0.79475313751880
8.0094164573871	0.79479998123287
