#Parameters = {thARC=0.4; nARC=2.75; thsub=1; p=1; nSub=1}
#"Wavelength / um"	"T (45) [Real Part]"
#--------------------------------------
14.008993364486	0.75881207480774
13.963318956684	0.75774331342364
13.917941411328	0.75667454590131
13.872857843591	0.75560580168795
13.828065405904	0.75453710998701
13.783561287356	0.75346849975837
13.739342713107	0.75239999971859
13.695406943810	0.75133163834115
13.651751275046	0.75026344385674
13.608373036768	0.74919544425358
13.565269592760	0.74812766727770
13.522438340099	0.74706014043336
13.479876708633	0.74599289098339
13.437582160466	0.74492594594960
13.395552189455	0.74385933211326
13.353784320713	0.74279307601546
13.312276110124	0.74172720395767
13.271025143869	0.74066174200222
13.230029037952	0.73959671597278
13.189285437747	0.73853215145496
13.148792017544	0.73746807379684
13.108546480105	0.73640450810956
13.068546556234	0.73534147926795
13.028790004346	0.73427901191112
12.989274610052	0.73321713044313
12.949998185745	0.73215585903365
12.910958570198	0.73109522161866
12.872153628167	0.73003524190111
12.833581250000	0.72897594335170
12.795239351259	0.72791734920956
12.757125872340	0.72685948248306
12.719238778108	0.72580236595055
12.681576057530	0.72474602216114
12.644135723323	0.72369047343556
12.606915811606	0.72263574186692
12.569914381551	0.72158184932159
12.533129515050	0.72052881744003
12.496559316382	0.71947666763767
12.460201911887	0.71842542110577
12.424055449648	0.71737509881236
12.388118099174	0.71632572150310
12.352388051092	0.71527730970224
12.316863516845	0.71422988371353
12.281542728390	0.71318346362119
12.246423937908	0.71213806929084
12.211505417515	0.71109372037050
12.176785458976	0.71005043629159
12.142262373431	0.70900823626987
12.107934491115	0.70796713930649
12.073800161095	0.70692716418899
12.039857751004	0.70588832949233
12.006105646776	0.70485065357994
11.972542252396	0.70381415460475
11.939165989646	0.70277885051025
11.905975297855	0.70174475903154
11.872968633663	0.70071189769645
11.840144470774	0.69968028382656
11.807501299724	0.69864993453835
11.775037627651	0.69762086674426
11.742751978065	0.69659309715379
11.710642890625	0.69556664227466
11.678708920919	0.69454151841387
11.646948640249	0.69351774167886
11.615360635413	0.69249532797865
11.583943508501	0.69147429302495
11.552695876686	0.69045465233335
11.521616372022	0.68943642122440
11.490703641242	0.68841961482485
11.459956345566	0.68740424806874
11.429373160503	0.68639033569860
11.398952775665	0.68537789226662
11.368693894577	0.68436693213583
11.338595234493	0.68335746948124
11.308655526217	0.68234951829108
11.278873513920	0.68134309236795
11.249247954972	0.68033820533000
11.219777619760	0.67933487061216
11.190461291527	0.67833310146730
11.161297766195	0.67733291096748
11.132285852209	0.67633431200506
11.103424370370	0.67533731729401
11.074712153676	0.67434193937103
11.046148047163	0.67334819059681
11.017730907755	0.67235608315722
10.989459604106	0.67136562906452
10.961333016453	0.67037684015856
10.933350036470	0.66938972810803
10.905509567115	0.66840430441163
10.877810522496	0.66742058039931
10.850251827723	0.66643856723350
10.822832418773	0.66545827591026
10.795551242348	0.66447971726058
10.768407255747	0.66350290195155
10.741399426729	0.66252784048757
10.714526733381	0.66155454321157
10.687788163993	0.66058302030626
10.661182716927	0.65961328179529
10.634709400497	0.65864533754449
10.608367232838	0.65767919726309
10.582155241793	0.65671487050492
10.556072464789	0.65575236666961
10.530117948718	0.65479169500383
10.504290749825	0.65383286460245
10.478589933590	0.65287588440978
10.453014574616	0.65192076322079
10.427563756522	0.65096750968224
10.402236571825	0.65001613229396
10.377032121841	0.64906663940999
10.351949516575	0.64811903923982
10.326987874612	0.64717333984953
10.302146323024	0.64622954916303
10.277423997257	0.64528767496320
10.252820041040	0.64434772489313
10.228333606278	0.64340970645725
10.203963852961	0.64247362702252
10.179709949066	0.64153949381962
10.155571070461	0.64060731394413
10.131546400811	0.63967709435765
10.107635131490	0.63874884188902
10.083836461487	0.63782256323545
10.060149597315	0.63689826496368
10.036573752929	0.63597595351115
10.013108149633	0.63505563518713
9.9897520159947	0.63413731617388
9.9665045877660	0.63322100252777
9.9433651077944	0.63230670018046
9.9203328259431	0.63139441493999
9.8974069990096	0.63048415249193
9.8745868906456	0.62957591840052
9.8518717712783	0.62866971810974
9.8292609180328	0.62776555694449
9.8067536146549	0.62686344011166
9.7843491514360	0.62596337270124
9.7620468251384	0.62506535968746
9.7398459389214	0.62416940592982
9.7177458022690	0.62327551617426
9.6957457309185	0.62238369505417
9.6738450467893	0.62149394709156
9.6520430779137	0.62060627669804
9.6303391583681	0.61972068817599
9.6087326282051	0.61883718571956
9.5872228333866	0.61795577341575
9.5658091257179	0.61707645524549
9.5444908627826	0.61619923508467
9.5232674078780	0.61532411670520
9.5021381299525	0.61445110377603
9.4811024035421	0.61358019986421
9.4601596087094	0.61271140843592
9.4393091309824	0.61184473285748
9.4185503612944	0.61098017639640
9.3978826959248	0.61011774222234
9.3773055364404	0.60925743340818
9.3568182896380	0.60839925293101
9.3364203674868	0.60754320367308
9.3161111870727	0.60668928842286
9.2958901705426	0.60583750987599
9.2757567450495	0.60498787063625
9.2557103426984	0.60414037321658
9.2357504004929	0.60329502004000
9.2158763602828	0.60245181344062
9.1960876687117	0.60161075566456
9.1763837771656	0.60077184887092
9.1567641417227	0.59993509513273
9.1372282231027	0.59910049643789
9.1177754866180	0.59826805469010
9.0984054021244	0.59743777170979
9.0791174439733	0.59660964923503
9.0599110909640	0.59578368892249
9.0407858262967	0.59495989234831
9.0217411375263	0.59413826100902
9.0027765165165	0.59331879632245
8.9838914593947	0.59250149962859
8.9650854665072	0.59168637219052
8.9463580423754	0.59087341519529
8.9277086956522	0.59006262975475
8.9091369390788	0.58925401690647
8.8906422894425	0.58844757761459
8.8722242675348	0.58764331277067
8.8538823981099	0.58684122319453
8.8356162098438	0.58604130963514
8.8174252352941	0.58524357277142
8.7993090108600	0.58444801321310
8.7812670767428	0.58365463150153
8.7632989769073	0.58286342811052
8.7454042590432	0.58207440344714
8.7275824745269	0.58128755785255
8.7098331783847	0.58050289160279
8.6921559292549	0.57972040490958
8.6745502893519	0.57894009792114
8.6570158244297	0.57816197072294
8.6395521037464	0.57738602333849
8.6221587000288	0.57661225573014
8.6048351894374	0.57584066779983
8.5875811515325	0.57507125938987
8.5703961692396	0.57430403028367
8.5532798288160	0.57353898020651
8.5362317198178	0.57277610882630
8.5192514350668	0.57201541575431
8.5023385706183	0.57125690054589
8.4854927257288	0.57050056270123
8.4687135028249	0.56974640166604
8.4520005074711	0.56899441683233
8.4353533483399	0.56824460753906
8.4187716371806	0.56749697307289
8.4022549887892	0.56675151266886
8.3858030209790	0.56600822551110
8.3694153545505	0.56526711073350
8.3530916132627	0.56452816742041
8.3368314238042	0.56379139460731
8.3206344157646	0.56305679128150
8.3045002216066	0.56232435638274
8.2884284766381	0.56159408880393
8.2724188189845	0.56086598739178
8.2564708895621	0.56014005094742
8.2405843320506	0.55941627822709
8.2247587928669	0.55869466794274
8.2089939211391	0.55797521876270
8.1932893686800	0.55725792931229
8.1776447899618	0.55654279817445
8.1620598420909	0.55582982389035
8.1465341847826	0.55511900496001
8.1310674803363	0.55441033984293
8.1156593936113	0.55370382695864
8.1003095920022	0.55299946468733
8.0850177454153	0.55229725137047
8.0697835262450	0.55159718531134
8.0546066093498	0.55089926477564
8.0394866720300	0.55020348799209
8.0244233940043	0.54950985315294
8.0094164573871	0.54881835841460
