#Parameters = {thARC=0.8; nARC=3; thsub=1; p=1; nSub=3.25}
#"Wavelength / um"	"T (539) [Real Part]"
#---------------------------------------
14.008993364486	0.76531596724091
13.963318956684	0.76549957074907
13.917941411328	0.76568241713940
13.872857843591	0.76586449549836
13.828065405904	0.76604579495312
13.783561287356	0.76622630467223
13.739342713107	0.76640601386647
13.695406943810	0.76658491178953
13.651751275046	0.76676298773883
13.608373036768	0.76694023105625
13.565269592760	0.76711663112885
13.522438340099	0.76729217738967
13.479876708633	0.76746685931842
13.437582160466	0.76764066644225
13.395552189455	0.76781358833646
13.353784320713	0.76798561462524
13.312276110124	0.76815673498241
13.271025143869	0.76832693913213
13.230029037952	0.76849621684959
13.189285437747	0.76866455796177
13.148792017544	0.76883195234813
13.108546480105	0.76899838994132
13.068546556234	0.76916386072786
13.028790004346	0.76932835474887
12.989274610052	0.76949186210075
12.949998185745	0.76965437293588
12.910958570198	0.76981587746327
12.872153628167	0.76997636594930
12.833581250000	0.77013582871833
12.795239351259	0.77029425615345
12.757125872340	0.77045163869708
12.719238778108	0.77060796685168
12.681576057530	0.77076323118038
12.644135723323	0.77091742230766
12.606915811606	0.77107053091999
12.569914381551	0.77122254776650
12.533129515050	0.77137346365958
12.496559316382	0.77152326947556
12.460201911887	0.77167195615533
12.424055449648	0.77181951470495
12.388118099174	0.77196593619633
12.352388051092	0.77211121176780
12.316863516845	0.77225533262473
12.281542728390	0.77239829004018
12.246423937908	0.77254007535548
12.211505417515	0.77268067998083
12.176785458976	0.77282009539592
12.142262373431	0.77295831315050
12.107934491115	0.77309532486499
12.073800161095	0.77323112223104
12.039857751004	0.77336569701215
12.006105646776	0.77349904104418
11.972542252396	0.77363114623601
11.939165989646	0.77376200457002
11.905975297855	0.77389160810270
11.872968633663	0.77401994896518
11.840144470774	0.77414701936380
11.807501299724	0.77427281158067
11.775037627651	0.77439731797414
11.742751978065	0.77452053097943
11.710642890625	0.77464244310909
11.678708920919	0.77476304695356
11.646948640249	0.77488233518167
11.615360635413	0.77500030054117
11.583943508501	0.77511693585925
11.552695876686	0.77523223404301
11.521616372022	0.77534618807998
11.490703641242	0.77545879103862
11.459956345566	0.77557003606880
11.429373160503	0.77567991640228
11.398952775665	0.77578842535320
11.368693894577	0.77589555631853
11.338595234493	0.77600130277857
11.308655526217	0.77610565829736
11.278873513920	0.77620861652319
11.249247954972	0.77631017118903
11.219777619760	0.77641031611296
11.190461291527	0.77650904519861
11.161297766195	0.77660635243560
11.132285852209	0.77670223190000
11.103424370370	0.77679667775467
11.074712153676	0.77688968424975
11.046148047163	0.77698124572304
11.017730907755	0.77707135660040
10.989459604106	0.77716001139615
10.961333016453	0.77724720471345
10.933350036470	0.77733293124472
10.905509567115	0.77741718577197
10.877810522496	0.77749996316721
10.850251827723	0.77758125839279
10.822832418773	0.77766106650180
10.795551242348	0.77773938263835
10.768407255747	0.77781620203800
10.741399426729	0.77789152002805
10.714526733381	0.77796533202786
10.687788163993	0.77803763354925
10.661182716927	0.77810842019673
10.634709400497	0.77817768766789
10.608367232838	0.77824543175366
10.582155241793	0.77831164833861
10.556072464789	0.77837633340130
10.530117948718	0.77843948301449
10.504290749825	0.77850109334548
10.478589933590	0.77856116065634
10.453014574616	0.77861968130423
10.427563756522	0.77867665174159
10.402236571825	0.77873206851646
10.377032121841	0.77878592827267
10.351949516575	0.77883822775014
10.326987874612	0.77888896378503
10.302146323024	0.77893813331003
10.277423997257	0.77898573335458
10.252820041040	0.77903176104501
10.228333606278	0.77907621360483
10.203963852961	0.77911908835486
10.179709949066	0.77916038271344
10.155571070461	0.77920009419662
10.131546400811	0.77923822041832
10.107635131490	0.77927475909051
10.083836461487	0.77930970802333
10.060149597315	0.77934306512530
10.036573752929	0.77937482840341
10.013108149633	0.77940499596328
9.9897520159947	0.77943356600928
9.9665045877660	0.77946053684464
9.9433651077944	0.77948590687160
9.9203328259431	0.77950967459146
9.8974069990096	0.77953183860472
9.8745868906456	0.77955239761115
9.8518717712783	0.77957135040986
9.8292609180328	0.77958869589940
9.8067536146549	0.77960443307779
9.7843491514360	0.77961856104262
9.7620468251384	0.77963107899104
9.7398459389214	0.77964198621988
9.7177458022690	0.77965128212560
9.6957457309185	0.77965896620437
9.6738450467893	0.77966503805205
9.6520430779137	0.77966949736424
9.6303391583681	0.77967234393625
9.6087326282051	0.77967357766308
9.5872228333866	0.77967319853944
9.5658091257179	0.77967120665971
9.5444908627826	0.77966760221790
9.5232674078780	0.77966238550760
9.5021381299525	0.77965555692197
9.4811024035421	0.77964711695365
9.4601596087094	0.77963706619468
9.4393091309824	0.77962540533648
9.4185503612944	0.77961213516971
9.3978826959248	0.77959725658423
9.3773055364404	0.77958077056895
9.3568182896380	0.77956267821177
9.3364203674868	0.77954298069942
9.3161111870727	0.77952167931739
9.2958901705426	0.77949877544974
9.2757567450495	0.77947427057901
9.2557103426984	0.77944816628601
9.2357504004929	0.77942046424974
9.2158763602828	0.77939116624716
9.1960876687117	0.77936027415306
9.1763837771656	0.77932778993983
9.1567641417227	0.77929371567732
9.1372282231027	0.77925805353262
9.1177754866180	0.77922080576983
9.0984054021244	0.77918197474989
9.0791174439733	0.77914156293030
9.0599110909640	0.77909957286495
9.0407858262967	0.77905600720384
9.0217411375263	0.77901086869283
9.0027765165165	0.77896416017339
8.9838914593947	0.77891588458236
8.9650854665072	0.77886604495164
8.9463580423754	0.77881464440791
8.9277086956522	0.77876168617238
8.9091369390788	0.77870717356045
8.8906422894425	0.77865110998142
8.8722242675348	0.77859349893817
8.8538823981099	0.77853434402686
8.8356162098438	0.77847364893657
8.8174252352941	0.77841141744898
8.7993090108600	0.77834765343802
8.7812670767428	0.77828236086950
8.7632989769073	0.77821554380080
8.7454042590432	0.77814720638043
8.7275824745269	0.77807735284770
8.7098331783847	0.77800598753232
8.6921559292549	0.77793311485401
8.6745502893519	0.77785873932211
8.6570158244297	0.77778286553515
8.6395521037464	0.77770549818043
8.6221587000288	0.77762664203364
8.6048351894374	0.77754630195839
8.5875811515325	0.77746448290578
8.5703961692396	0.77738118991395
8.5532798288160	0.77729642810767
8.5362317198178	0.77721020269780
8.5192514350668	0.77712251898091
8.5023385706183	0.77703338233872
8.4854927257288	0.77694279823771
8.4687135028249	0.77685077222855
8.4520005074711	0.77675730994566
8.4353533483399	0.77666241710667
8.4187716371806	0.77656609951193
8.4022549887892	0.77646836304402
8.3858030209790	0.77636921366716
8.3694153545505	0.77626865742675
8.3530916132627	0.77616670044879
8.3368314238042	0.77606334893937
8.3206344157646	0.77595860918408
8.3045002216066	0.77585248754751
8.2884284766381	0.77574499047262
8.2724188189845	0.77563612448027
8.2564708895621	0.77552589616853
8.2405843320506	0.77541431221220
8.2247587928669	0.77530137936217
8.2089939211391	0.77518710444484
8.1932893686800	0.77507149436153
8.1776447899618	0.77495455608789
8.1620598420909	0.77483629667326
8.1465341847826	0.77471672324008
8.1310674803363	0.77459584298326
8.1156593936113	0.77447366316957
8.1003095920022	0.77435019113699
8.0850177454153	0.77422543429410
8.0697835262450	0.77409940011942
8.0546066093498	0.77397209616076
8.0394866720300	0.77384353003461
8.0244233940043	0.77371370942545
8.0094164573871	0.77358264208508
