#Parameters = {thARC=0.6; nARC=2; thsub=1; p=1; nSub=3.75}
#"Wavelength / um"	"T (622) [Real Part]"
#---------------------------------------
14.008993364486	0.72888010846172
13.963318956684	0.72929495720328
13.917941411328	0.72971106604778
13.872857843591	0.73012843308665
13.828065405904	0.73054705639778
13.783561287356	0.73096693404545
13.739342713107	0.73138806408022
13.695406943810	0.73181044453881
13.651751275046	0.73223407344401
13.608373036768	0.73265894880456
13.565269592760	0.73308506861504
13.522438340099	0.73351243085576
13.479876708633	0.73394103349263
13.437582160466	0.73437087447707
13.395552189455	0.73480195174588
13.353784320713	0.73523426322109
13.312276110124	0.73566780680989
13.271025143869	0.73610258040448
13.230029037952	0.73653858188194
13.189285437747	0.73697580910412
13.148792017544	0.73741425991749
13.108546480105	0.73785393215304
13.068546556234	0.73829482362613
13.028790004346	0.73873693213635
12.989274610052	0.73918025546740
12.949998185745	0.73962479138697
12.910958570198	0.74007053764657
12.872153628167	0.74051749198141
12.833581250000	0.74096565211026
12.795239351259	0.74141501573530
12.757125872340	0.74186558054201
12.719238778108	0.74231734419897
12.681576057530	0.74277030435778
12.644135723323	0.74322445865285
12.606915811606	0.74367980470130
12.569914381551	0.74413634010281
12.533129515050	0.74459406243944
12.496559316382	0.74505296927549
12.460201911887	0.74551305815737
12.424055449648	0.74597432661343
12.388118099174	0.74643677215380
12.352388051092	0.74690039227024
12.316863516845	0.74736518443598
12.281542728390	0.74783114610560
12.246423937908	0.74829827471479
12.211505417515	0.74876656768029
12.176785458976	0.74923602239964
12.142262373431	0.74970663625108
12.107934491115	0.75017840659336
12.073800161095	0.75065133076558
12.039857751004	0.75112540608704
12.006105646776	0.75160062985705
11.972542252396	0.75207699935479
11.939165989646	0.75255451183911
11.905975297855	0.75303316454842
11.872968633663	0.75351295470045
11.840144470774	0.75399387949214
11.807501299724	0.75447593609943
11.775037627651	0.75495912167713
11.742751978065	0.75544343335870
11.710642890625	0.75592886825613
11.678708920919	0.75641542345972
11.646948640249	0.75690309603794
11.615360635413	0.75739188303725
11.583943508501	0.75788178148190
11.552695876686	0.75837278837382
11.521616372022	0.75886490069235
11.490703641242	0.75935811539416
11.459956345566	0.75985242941300
11.429373160503	0.76034783965958
11.398952775665	0.76084434302136
11.368693894577	0.76134193636236
11.338595234493	0.76184061652304
11.308655526217	0.76234038032005
11.278873513920	0.76284122454612
11.249247954972	0.76334314596982
11.219777619760	0.76384614133543
11.190461291527	0.76435020736273
11.161297766195	0.76485534074684
11.132285852209	0.76536153815803
11.103424370370	0.76586879624155
11.074712153676	0.76637711161743
11.046148047163	0.76688648088034
11.017730907755	0.76739690059937
10.989459604106	0.76790836731785
10.961333016453	0.76842087755322
10.933350036470	0.76893442779679
10.905509567115	0.76944901451360
10.877810522496	0.76996463414222
10.850251827723	0.77048128309459
10.822832418773	0.77099895775581
10.795551242348	0.77151765448400
10.768407255747	0.77203736961008
10.741399426729	0.77255809943763
10.714526733381	0.77307984024267
10.687788163993	0.77360258827353
10.661182716927	0.77412633975062
10.634709400497	0.77465109086631
10.608367232838	0.77517683778468
10.582155241793	0.77570357664142
10.556072464789	0.77623130354360
10.530117948718	0.77676001456950
10.504290749825	0.77728970576847
10.478589933590	0.77782037316070
10.453014574616	0.77835201273709
10.427563756522	0.77888462045906
10.402236571825	0.77941819225837
10.377032121841	0.77995272403693
10.351949516575	0.78048821166669
10.326987874612	0.78102465098939
10.302146323024	0.78156203781643
10.277423997257	0.78210036792871
10.252820041040	0.78263963707643
10.228333606278	0.78317984097892
10.203963852961	0.78372097532450
10.179709949066	0.78426303577028
10.155571070461	0.78480601794203
10.131546400811	0.78534991743397
10.107635131490	0.78589472980862
10.083836461487	0.78644045059666
10.060149597315	0.78698707529672
10.036573752929	0.78753459937527
10.013108149633	0.78808301826641
9.9897520159947	0.78863232737173
9.9665045877660	0.78918252206014
9.9433651077944	0.78973359766773
9.9203328259431	0.79028554949761
9.8974069990096	0.79083837281970
9.8745868906456	0.79139206287066
9.8518717712783	0.79194661485367
9.8292609180328	0.79250202393829
9.8067536146549	0.79305828526032
9.7843491514360	0.79361539392164
9.7620468251384	0.79417334499006
9.7398459389214	0.79473213349917
9.7177458022690	0.79529175444819
9.6957457309185	0.79585220280182
9.6738450467893	0.79641347349012
9.6520430779137	0.79697556140832
9.6303391583681	0.79753846141672
9.6087326282051	0.79810216834051
9.5872228333866	0.79866667696966
9.5658091257179	0.79923198205879
9.5444908627826	0.79979807832697
9.5232674078780	0.80036496045766
9.5021381299525	0.80093262309853
9.4811024035421	0.80150106086134
9.4601596087094	0.80207026832181
9.4393091309824	0.80264024001947
9.4185503612944	0.80321097045758
9.3978826959248	0.80378245410293
9.3773055364404	0.80435468538579
9.3568182896380	0.80492765869973
9.3364203674868	0.80550136840154
9.3161111870727	0.80607580881105
9.2958901705426	0.80665097421109
9.2757567450495	0.80722685884731
9.2557103426984	0.80780345692810
9.2357504004929	0.80838076262444
9.2158763602828	0.80895877006984
9.1960876687117	0.80953747336019
9.1763837771656	0.81011686655364
9.1567641417227	0.81069694367054
9.1372282231027	0.81127769869332
9.1177754866180	0.81185912556634
9.0984054021244	0.81244121819586
9.0791174439733	0.81302397044990
9.0599110909640	0.81360737615814
9.0407858262967	0.81419142911184
9.0217411375263	0.81477612306376
9.0027765165165	0.81536145172802
8.9838914593947	0.81594740878005
8.9650854665072	0.81653398785652
8.9463580423754	0.81712118255520
8.9277086956522	0.81770898643491
8.9091369390788	0.81829739301544
8.8906422894425	0.81888639577746
8.8722242675348	0.81947598816246
8.8538823981099	0.82006616357265
8.8356162098438	0.82065691537090
8.8174252352941	0.82124823688069
8.7993090108600	0.82184012138601
8.7812670767428	0.82243256213129
8.7632989769073	0.82302555232138
8.7454042590432	0.82361908512144
8.7275824745269	0.82421315365692
8.7098331783847	0.82480775101346
8.6921559292549	0.82540287023687
8.6745502893519	0.82599850433308
8.6570158244297	0.82659464626806
8.6395521037464	0.82719128896779
8.6221587000288	0.82778842531822
8.6048351894374	0.82838604816521
8.5875811515325	0.82898415031451
8.5703961692396	0.82958272453170
8.5532798288160	0.83018176354218
8.5362317198178	0.83078126003110
8.5192514350668	0.83138120664337
8.5023385706183	0.83198159598359
8.4854927257288	0.83258242061607
8.4687135028249	0.83318367306475
8.4520005074711	0.83378534581325
8.4353533483399	0.83438743130478
8.4187716371806	0.83498992194216
8.4022549887892	0.83559281008781
8.3858030209790	0.83619608806373
8.3694153545505	0.83679974815149
8.3530916132627	0.83740378259223
8.3368314238042	0.83800818358665
8.3206344157646	0.83861294329499
8.3045002216066	0.83921805383711
8.2884284766381	0.83982350729237
8.2724188189845	0.84042929569977
8.2564708895621	0.84103541105785
8.2405843320506	0.84164184532477
8.2247587928669	0.84224859041830
8.2089939211391	0.84285563821585
8.1932893686800	0.84346298055445
8.1776447899618	0.84407060923085
8.1620598420909	0.84467851600147
8.1465341847826	0.84528669258249
8.1310674803363	0.84589513064981
8.1156593936113	0.84650382183916
8.1003095920022	0.84711275774610
8.0850177454153	0.84772192992606
8.0697835262450	0.84833132989438
8.0546066093498	0.84894094912637
8.0394866720300	0.84955077905735
8.0244233940043	0.85016081108269
8.0094164573871	0.85077103655790
