#Parameters = {thARC=0.2; nARC=1.5; thsub=1; p=1; nSub=4.25}
#"Wavelength / um"	"T (716) [Real Part]"
#---------------------------------------
14.008993364486	0.62099575032961
13.963318956684	0.62104057898871
13.917941411328	0.62108452260045
13.872857843591	0.62112759747293
13.828065405904	0.62116981980472
13.783561287356	0.62121120568395
13.739342713107	0.62125177108735
13.695406943810	0.62129153187931
13.651751275046	0.62133050381102
13.608373036768	0.62136870251961
13.565269592760	0.62140614352729
13.522438340099	0.62144284224060
13.479876708633	0.62147881394957
13.437582160466	0.62151407382701
13.395552189455	0.62154863692776
13.353784320713	0.62158251818802
13.312276110124	0.62161573242467
13.271025143869	0.62164829433458
13.230029037952	0.62168021849407
13.189285437747	0.62171151935826
13.148792017544	0.62174221126048
13.108546480105	0.62177230841183
13.068546556234	0.62180182490052
13.028790004346	0.62183077469150
12.989274610052	0.62185917162593
12.949998185745	0.62188702942073
12.910958570198	0.62191436166820
12.872153628167	0.62194118183558
12.833581250000	0.62196750326470
12.795239351259	0.62199333917166
12.757125872340	0.62201870264645
12.719238778108	0.62204360665266
12.681576057530	0.62206806402725
12.644135723323	0.62209208748024
12.606915811606	0.62211568959448
12.569914381551	0.62213888282549
12.533129515050	0.62216167950119
12.496559316382	0.62218409182181
12.460201911887	0.62220613185969
12.424055449648	0.62222781155918
12.388118099174	0.62224914273654
12.352388051092	0.62227013707983
12.316863516845	0.62229080614888
12.281542728390	0.62231116137522
12.246423937908	0.62233121406210
12.211505417515	0.62235097538441
12.176785458976	0.62237045638880
12.142262373431	0.62238966799364
12.107934491115	0.62240862098909
12.073800161095	0.62242732603720
12.039857751004	0.62244579367198
12.006105646776	0.62246403429954
11.972542252396	0.62248205819819
11.939165989646	0.62249987551858
11.905975297855	0.62251749628393
11.872968633663	0.62253493039012
11.840144470774	0.62255218760599
11.807501299724	0.62256927757346
11.775037627651	0.62258620980785
11.742751978065	0.62260299369808
11.710642890625	0.62261963850694
11.678708920919	0.62263615337140
11.646948640249	0.62265254730288
11.615360635413	0.62266882918757
11.583943508501	0.62268500778679
11.552695876686	0.62270109173730
11.521616372022	0.62271708955165
11.490703641242	0.62273300961860
11.459956345566	0.62274886020348
11.429373160503	0.62276464944858
11.398952775665	0.62278038537359
11.368693894577	0.62279607587603
11.338595234493	0.62281172873167
11.308655526217	0.62282735159500
11.278873513920	0.62284295199971
11.249247954972	0.62285853735916
11.219777619760	0.62287411496688
11.190461291527	0.62288969199706
11.161297766195	0.62290527550509
11.132285852209	0.62292087242810
11.103424370370	0.62293648958546
11.074712153676	0.62295213367937
11.046148047163	0.62296781129540
11.017730907755	0.62298352890310
10.989459604106	0.62299929285656
10.961333016453	0.62301510939500
10.933350036470	0.62303098464339
10.905509567115	0.62304692461307
10.877810522496	0.62306293520238
10.850251827723	0.62307902219726
10.822832418773	0.62309519127197
10.795551242348	0.62311144798964
10.768407255747	0.62312779780305
10.741399426729	0.62314424605521
10.714526733381	0.62316079798008
10.687788163993	0.62317745870327
10.661182716927	0.62319423324271
10.634709400497	0.62321112650936
10.608367232838	0.62322814330797
10.582155241793	0.62324528833773
10.556072464789	0.62326256619304
10.530117948718	0.62327998136424
10.504290749825	0.62329753823835
10.478589933590	0.62331524109982
10.453014574616	0.62333309413127
10.427563756522	0.62335110141431
10.402236571825	0.62336926693021
10.377032121841	0.62338759456077
10.351949516575	0.62340608808905
10.326987874612	0.62342475120016
10.302146323024	0.62344358748207
10.277423997257	0.62346260042640
10.252820041040	0.62348179342920
10.228333606278	0.62350116979178
10.203963852961	0.62352073272154
10.179709949066	0.62354048533273
10.155571070461	0.62356043064733
10.131546400811	0.62358057159583
10.107635131490	0.62360091101810
10.083836461487	0.62362145166419
10.060149597315	0.62364219619519
10.036573752929	0.62366314718405
10.013108149633	0.62368430711643
9.9897520159947	0.62370567839158
9.9665045877660	0.62372726332313
9.9433651077944	0.62374906414000
9.9203328259431	0.62377108298724
9.8974069990096	0.62379332192686
9.8745868906456	0.62381578293872
9.8518717712783	0.62383846792142
9.8292609180328	0.62386137869309
9.8067536146549	0.62388451699235
9.7843491514360	0.62390788447910
9.7620468251384	0.62393148273545
9.7398459389214	0.62395531326657
9.7177458022690	0.62397937750155
9.6957457309185	0.62400367679432
9.6738450467893	0.62402821242449
9.6520430779137	0.62405298559825
9.6303391583681	0.62407799744924
9.6087326282051	0.62410324903944
9.5872228333866	0.62412874136003
9.5658091257179	0.62415447533231
9.5444908627826	0.62418045180856
9.5232674078780	0.62420667157291
9.5021381299525	0.62423313534227
9.4811024035421	0.62425984376715
9.4601596087094	0.62428679743262
9.4393091309824	0.62431399685910
9.4185503612944	0.62434144250334
9.3978826959248	0.62436913475924
9.3773055364404	0.62439707395875
9.3568182896380	0.62442526037275
9.3364203674868	0.62445369421194
9.3161111870727	0.62448237562772
9.2958901705426	0.62451130471305
9.2757567450495	0.62454048150336
9.2557103426984	0.62456990597739
9.2357504004929	0.62459957805809
9.2158763602828	0.62462949761350
9.1960876687117	0.62465966445761
9.1763837771656	0.62469007835121
9.1567641417227	0.62472073900283
9.1372282231027	0.62475164606951
9.1177754866180	0.62478279915776
9.0984054021244	0.62481419782436
9.0791174439733	0.62484584157724
9.0599110909640	0.62487772987636
9.0407858262967	0.62490986213453
9.0217411375263	0.62494223771830
9.0027765165165	0.62497485594880
8.9838914593947	0.62500771610257
8.9650854665072	0.62504081741245
8.9463580423754	0.62507415906837
8.9277086956522	0.62510774021824
8.9091369390788	0.62514155996878
8.8906422894425	0.62517561738632
8.8722242675348	0.62520991149766
8.8538823981099	0.62524444129093
8.8356162098438	0.62527920571635
8.8174252352941	0.62531420368710
8.7993090108600	0.62534943408011
8.7812670767428	0.62538489573693
8.7632989769073	0.62542058746445
8.7454042590432	0.62545650803581
8.7275824745269	0.62549265619113
8.7098331783847	0.62552903063835
8.6921559292549	0.62556563005401
8.6745502893519	0.62560245308404
8.6570158244297	0.62563949834457
8.6395521037464	0.62567676442271
8.6221587000288	0.62571424987729
8.6048351894374	0.62575195323971
8.5875811515325	0.62578987301464
8.5703961692396	0.62582800768084
8.5532798288160	0.62586635569188
8.5362317198178	0.62590491547695
8.5192514350668	0.62594368544157
8.5023385706183	0.62598266396835
8.4854927257288	0.62602184941774
8.4687135028249	0.62606124012879
8.4520005074711	0.62610083441984
8.4353533483399	0.62614063058929
8.4187716371806	0.62618062691631
8.4022549887892	0.62622082166156
8.3858030209790	0.62626121306789
8.3694153545505	0.62630179936110
8.3530916132627	0.62634257875059
8.3368314238042	0.62638354943007
8.3206344157646	0.62642470957829
8.3045002216066	0.62646605735970
8.2884284766381	0.62650759092512
8.2724188189845	0.62654930841246
8.2564708895621	0.62659120794735
8.2405843320506	0.62663328764384
8.2247587928669	0.62667554560505
8.2089939211391	0.62671797992380
8.1932893686800	0.62676058868332
8.1776447899618	0.62680336995784
8.1620598420909	0.62684632181324
8.1465341847826	0.62688944230771
8.1310674803363	0.62693272949234
8.1156593936113	0.62697618141178
8.1003095920022	0.62701979610481
8.0850177454153	0.62706357160500
8.0697835262450	0.62710750594127
8.0546066093498	0.62715159713850
8.0394866720300	0.62719584321816
8.0244233940043	0.62724024219881
8.0094164573871	0.62728479209678
