#Parameters = {thARC=0.4; nARC=2.75; thsub=1; p=1; nSub=5}
#"Wavelength / um"	"T (909) [Real Part]"
#---------------------------------------
14.008993364486	0.61357096958044
13.963318956684	0.61395972395253
13.917941411328	0.61434941169926
13.872857843591	0.61474004243186
13.828065405904	0.61513162562160
13.783561287356	0.61552417060007
13.739342713107	0.61591768655950
13.695406943810	0.61631218255312
13.651751275046	0.61670766749545
13.608373036768	0.61710415016274
13.565269592760	0.61750163919333
13.522438340099	0.61790014308805
13.479876708633	0.61829967021063
13.437582160466	0.61870022878815
13.395552189455	0.61910182691150
13.353784320713	0.61950447253580
13.312276110124	0.61990817348092
13.271025143869	0.62031293743197
13.230029037952	0.62071877193977
13.189285437747	0.62112568442143
13.148792017544	0.62153368216082
13.108546480105	0.62194277230916
13.068546556234	0.62235296188556
13.028790004346	0.62276425777761
12.989274610052	0.62317666674194
12.949998185745	0.62359019540482
12.910958570198	0.62400485026280
12.872153628167	0.62442063768327
12.833581250000	0.62483756390514
12.795239351259	0.62525563503946
12.757125872340	0.62567485707007
12.719238778108	0.62609523585425
12.681576057530	0.62651677712342
12.644135723323	0.62693948648379
12.606915811606	0.62736336941705
12.569914381551	0.62778843128110
12.533129515050	0.62821467731071
12.496559316382	0.62864211261826
12.460201911887	0.62907074219448
12.424055449648	0.62950057090914
12.388118099174	0.62993160351183
12.352388051092	0.63036384463264
12.316863516845	0.63079729878302
12.281542728390	0.63123197035643
12.246423937908	0.63166786362917
12.211505417515	0.63210498276112
12.176785458976	0.63254333179657
12.142262373431	0.63298291466493
12.107934491115	0.63342373518156
12.073800161095	0.63386579704859
12.039857751004	0.63430910385566
12.006105646776	0.63475365908079
11.972542252396	0.63519946609113
11.939165989646	0.63564652814381
11.905975297855	0.63609484838675
11.872968633663	0.63654442985949
11.840144470774	0.63699527549401
11.807501299724	0.63744738811553
11.775037627651	0.63790077044340
11.742751978065	0.63835542509189
11.710642890625	0.63881135457105
11.678708920919	0.63926856128754
11.646948640249	0.63972704754549
11.615360635413	0.64018681554732
11.583943508501	0.64064786739462
11.552695876686	0.64111020508896
11.521616372022	0.64157383053278
11.490703641242	0.64203874553023
11.459956345566	0.64250495178799
11.429373160503	0.64297245091620
11.398952775665	0.64344124442922
11.368693894577	0.64391133374658
11.338595234493	0.64438272019376
11.308655526217	0.64485540500311
11.278873513920	0.64532938931465
11.249247954972	0.64580467417696
11.219777619760	0.64628126054804
11.190461291527	0.64675914929616
11.161297766195	0.64723834120069
11.132285852209	0.64771883695299
11.103424370370	0.64820063715726
11.074712153676	0.64868374233137
11.046148047163	0.64916815290772
11.017730907755	0.64965386923410
10.989459604106	0.65014089157455
10.961333016453	0.65062922011015
10.933350036470	0.65111885493994
10.905509567115	0.65160979608171
10.877810522496	0.65210204347285
10.850251827723	0.65259559697121
10.822832418773	0.65309045635590
10.795551242348	0.65358662132814
10.768407255747	0.65408409151212
10.741399426729	0.65458286645576
10.714526733381	0.65508294563160
10.687788163993	0.65558432843757
10.661182716927	0.65608701419785
10.634709400497	0.65659100216363
10.608367232838	0.65709629151399
10.582155241793	0.65760288135664
10.556072464789	0.65811077072875
10.530117948718	0.65861995859777
10.504290749825	0.65913044386217
10.478589933590	0.65964222535228
10.453014574616	0.66015530183106
10.427563756522	0.66066967199487
10.402236571825	0.66118533447425
10.377032121841	0.66170228783469
10.351949516575	0.66222053057742
10.326987874612	0.66274006114012
10.302146323024	0.66326087789775
10.277423997257	0.66378297916323
10.252820041040	0.66430636318823
10.228333606278	0.66483102816387
10.203963852961	0.66535697222152
10.179709949066	0.66588419343347
10.155571070461	0.66641268981367
10.131546400811	0.66694245931845
10.107635131490	0.66747349984727
10.083836461487	0.66800580924334
10.060149597315	0.66853938529441
10.036573752929	0.66907422573341
10.013108149633	0.66961032823913
9.9897520159947	0.67014769043698
9.9665045877660	0.67068630989954
9.9433651077944	0.67122618414736
9.9203328259431	0.67176731064951
9.8974069990096	0.67230968682431
9.8745868906456	0.67285331003996
9.8518717712783	0.67339817761514
9.8292609180328	0.67394428681972
9.8067536146549	0.67449163487532
9.7843491514360	0.67504021895596
9.7620468251384	0.67559003618869
9.7398459389214	0.67614108365415
9.7177458022690	0.67669335838723
9.6957457309185	0.67724685737760
9.6738450467893	0.67780157757035
9.6520430779137	0.67835751586652
9.6303391583681	0.67891466912371
9.6087326282051	0.67947303415662
9.5872228333866	0.68003260773759
9.5658091257179	0.68059338659719
9.5444908627826	0.68115536742474
9.5232674078780	0.68171854686881
9.5021381299525	0.68228292153780
9.4811024035421	0.68284848800041
9.4601596087094	0.68341524278617
9.4393091309824	0.68398318238595
9.4185503612944	0.68455230325242
9.3978826959248	0.68512260180057
9.3773055364404	0.68569407440816
9.3568182896380	0.68626671741621
9.3364203674868	0.68684052712944
9.3161111870727	0.68741549981672
9.2958901705426	0.68799163171155
9.2757567450495	0.68856891901246
9.2557103426984	0.68914735788345
9.2357504004929	0.68972694445440
9.2158763602828	0.69030767482150
9.1960876687117	0.69088954504764
9.1763837771656	0.69147255116280
9.1567641417227	0.69205668916445
9.1372282231027	0.69264195501791
9.1177754866180	0.69322834465674
9.0984054021244	0.69381585398308
9.0791174439733	0.69440447886803
9.0599110909640	0.69499421515196
9.0407858262967	0.69558505864487
9.0217411375263	0.69617700512669
9.0027765165165	0.69677005034766
8.9838914593947	0.69736419002856
8.9650854665072	0.69795941986108
8.9463580423754	0.69855573550804
8.9277086956522	0.69915313260377
8.9091369390788	0.69975160675431
8.8906422894425	0.70035115353770
8.8722242675348	0.70095176850424
8.8538823981099	0.70155344717676
8.8356162098438	0.70215618505084
8.8174252352941	0.70275997759503
8.7993090108600	0.70336482025112
8.7812670767428	0.70397070843433
8.7632989769073	0.70457763753350
8.7454042590432	0.70518560291134
8.7275824745269	0.70579459990458
8.7098331783847	0.70640462382416
8.6921559292549	0.70701566995543
8.6745502893519	0.70762773355829
8.6570158244297	0.70824080986736
8.6395521037464	0.70885489409212
8.6221587000288	0.70946998141708
8.6048351894374	0.71008606700189
8.5875811515325	0.71070314598145
8.5703961692396	0.71132121346607
8.5532798288160	0.71194026454156
8.5362317198178	0.71256029426931
8.5192514350668	0.71318129768642
8.5023385706183	0.71380326980575
8.4854927257288	0.71442620561604
8.4687135028249	0.71505010008192
8.4520005074711	0.71567494814405
8.4353533483399	0.71630074471908
8.4187716371806	0.71692748469979
8.4022549887892	0.71755516295504
8.3858030209790	0.71818377432987
8.3694153545505	0.71881331364550
8.3530916132627	0.71944377569931
8.3368314238042	0.72007515526491
8.3206344157646	0.72070744709210
8.3045002216066	0.72134064590684
8.2884284766381	0.72197474641131
8.2724188189845	0.72260974328380
8.2564708895621	0.72324563117875
8.2405843320506	0.72388240472668
8.2247587928669	0.72452005853415
8.2089939211391	0.72515858718369
8.1932893686800	0.72579798523379
8.1776447899618	0.72643824721879
8.1620598420909	0.72707936764883
8.1465341847826	0.72772134100977
8.1310674803363	0.72836416176307
8.1156593936113	0.72900782434577
8.1003095920022	0.72965232317031
8.0850177454153	0.73029765262448
8.0697835262450	0.73094380707128
8.0546066093498	0.73159078084883
8.0394866720300	0.73223856827020
8.0244233940043	0.73288716362332
8.0094164573871	0.73353656117082
